BasicGenome
2
6
5
-4.08619703650475
3.05980558395386
-0.746221017837521
-1.21750427186489
-1.21981833577156
5
-4.79974410235881
3.17107068598271
-0.525513795018211
-1.22769150435925
-1.60214755833148
5
-3.63144685924052
3.06767796576023
2.95900795459746
-2.48528635799884
-3.83300185501576
5
4.29207864999771
-0.442733401060104
-0.140422496199608
3.04171477854252
-1.73985502421855
5
-0.99925710856914
-1.52823580503464
-3.88739953637123
1.01139826476574
1.03823850154876
5
-0.822898790240284
-0.276207965612412
2.33121750950813
1.88058320581912
-3.07143078446389
2
7
4.44463920593262
6.97786507308482
2.48137011528014
-6.57788565158844
0.690396028757091
0.574898424744606
-3.36708122789861
7
-1.79789145886898
0.688667887449268
-2.50797501504421
4.1627898335457
-0.0984383940696785
1.50705733299255
3.12675611376763