50
84
|FiveFeelerGenome
2
6
7
0.682466810941696
2.13425085544586
2.3782627761364
-0.26635080575943
0.359254896640777
-0.270157766342163
-2.69869448542595
7
3.83268493413925
1.2696924328804
1.35966814160347
-0.986026877164841
2.2030563056469
-2.55082774162292
-0.269461357593536
7
2.80046483278274
-2.94367300868034
-0.432194650173187
0.920891809463501
3.64386569857597
1.40977657437325
-1.38048693537712
7
1.70933454632759
-0.737869763374329
0.322295999526977
-5.09109048247337
-0.907343691587448
1.4464804828167
0.392264991998672
7
-1.62984128594399
-1.57191313505173
0.564046716690063
0.235480892658234
-0.256985569000244
-4.02152253389359
-1.96259858012199
7
0.125076228380203
-2.77975127100945
1.86307681202889
0.0377995669841768
-0.0782003939151764
1.42148659825325
-1.70352399349213
2
7
-1.25372073054314
-0.409748327732086
-3.87241876125336
-1.46029164791107
-0.122667026519775
0.710165178775788
3.54514362812042
7
1.02842218875885
0.459578591585159
2.20193754434586
1.68945936560631
-0.0939534366130829
0.610795146226883
0.432422584295273
|FiveFeelerGenome
2
6
7
-0.1097705245018
-1.06519443392754
1.12595889568329
-1.21210784316063
0.88461372256279
1.15495662093163
-2.13166003227234
7
2.39979444742203
0.0914034485816959
1.20329864621162
0.359040147066116
2.23670393824577
-3.61807820796967
-0.817995488643646
7
1.9700025677681
-2.36151105761528
0.551429241895676
1.22580418586731
4.66598996520043
1.65504270195961
-0.92386075258255
7
2.45978664755821
1.93515964150429
0.674584591388703
0.98595398068428
0.401640802621842
-1.25537566542625
-1.91168255805969
7
0.319480633735657
-0.672780954837799
-0.233048528432846
0.367956322431564
0.126357728242874
-3.69983420968056
-0.805147695541382
7
-1.44424872398376
0.348535579442978
0.536140304803848
0.627939140796661
2.34392797350883
-1.18542807102203
1.53231993317604
2
7
-0.844541251659393
-0.461256968975067
-3.6390355348587
-0.958498460054398
-1.28716421723366
0.595793801546097
3.24774724841118
7
0.845827353000641
-0.491682654619217
-0.401536697149277
1.92909307479858
2.06816381216049
1.82353017926216
1.40253339409828
|FiveFeelerGenome
2
6
7
0.16944369673729
-1.49741639494896
2.54352667331696
-1.28399869799614
1.65141803026199
1.08676299452782
-2.6619300365448
7
2.46070500016212
1.7855924487114
1.68994112610817
-0.960173171758652
2.44781073927879
-2.05206110477448
-1.31497470140457
7
2.32631651163101
-2.85660879015923
-0.921965372562408
1.15046815872192
4.05513452887535
1.29570299386978
-0.990825766324997
7
1.71156212091446
-0.833922600746155
2.63680934906006
-3.59956084489822
-0.536013758182526
2.03949075341225
-0.528975600004196
7
-0.557326537370682
-2.08382645845413
1.02799980044365
0.796932327747345
-0.640693521499633
-4.5174418091774
-3.03694173693657
7
-0.929400110244751
-2.56210114955902
1.3236172914505
-0.755958992242813
-0.152495759725571
1.17942794561386
-0.154949277639389
2
7
-0.00709299445152289
0.00103446841239921
-4.63465056419373
0.136318677663803
-1.65307918190956
0.761716091632843
2.39172760844231
7
0.655286997556687
-0.533945292234421
1.56557804942131
-0.170147824287415
2.09737101197243
-1.18609968423843
1.49460713863373
|FiveFeelerGenome
2
6
7
-0.1097705245018
-0.739663898944855
1.12595889568329
-1.28399869799614
0.574164068698883
1.15495662093163
-2.16134142875671
7
-0.461201107501984
1.35645102262497
1.31646749973297
-0.358906883001328
1.9656130194664
-2.58207604885101
0.801727986335754
7
2.00669475793838
-2.26040071845055
0.319606059789658
0.667210268974304
4.59894031882286
0.938760215044022
-1.08415412306786
7
2.05643283128738
-1.18793592453003
2.30340191721916
-3.45871704816818
-1.04105268716812
1.65963792204857
-0.39639658331871
7
-0.99836910367012
-1.28527725934982
0.329905551671982
1.06452015638351
0.692107063531876
-3.96630815267563
-2.248607391119
7
-0.528551018238068
-2.70032562613487
1.10161771774292
0.53001354932785
0.674042361974716
0.147269910573959
-1.07177649140358
2
7
-1.19651586413383
-0.624067199230194
-3.70686132311821
-1.64135547280312
-0.816840368509293
0.305740934610367
3.31533669829369
7
0.936516380310059
-0.938670372962952
1.01001846194267
-0.267851114273071
2.58627212643623
-0.705529797077179
1.49460713863373
|FiveFeelerGenome
2
6
7
0.16944369673729
-0.367997831106186
1.74326508045196
-1.28399869799614
1.29382392168045
1.08676299452782
-2.05931484699249
7
2.54559748768806
1.26178749799728
0.965878230333328
-0.99615632891655
2.64022104144096
-2.2592601776123
-1.31978808641434
7
2.32631651163101
-2.55804446935654
-0.921965372562408
1.15046815872192
4.2187157869339
1.29570299386978
-0.990825766324997
7
1.71156212091446
-0.833922600746155
2.63680934906006
-3.59956084489822
-0.536013758182526
2.03949075341225
-0.528975600004196
7
-0.747450023889542
-2.08382645845413
1.02799980044365
0.796932327747345
-0.640693521499633
-4.5174418091774
-3.03694173693657
7
-0.929400110244751
-2.56210114955902
1.3236172914505
-0.707581597566605
-0.152495759725571
1.17942794561386
-0.154949277639389
2
7
-0.00709299445152289
0.00103446841239921
-4.63465056419373
0.136318677663803
-1.65307918190956
1.02753400206566
2.39172760844231
7
1.15054253339767
-0.491682654619217
-0.00605320334434506
0.975984621047974
2.06816381216049
1.82353017926216
1.54698994755745
|FiveFeelerGenome
2
6
7
1.43296495079994
1.07759779691696
3.35189830064774
0.100058162212372
1.73769264221191
0.910814338922501
2.59740190505981
7
2.20098977684975
1.34718393683434
2.20465923547745
-0.99615632891655
2.50920471549034
-2.55730803012848
-1.31978808641434
7
2.44611970186233
-2.86927861571312
0.196646803617477
0.664331579208374
4.86653378009796
2.01508212685585
-1.07865652441978
7
2.29732210040092
1.60232539772987
1.19671827554703
-0.951015114784241
-1.47980368733406
-0.66632410287857
-2.01249570846558
7
-0.79193771481514
-1.0237855553627
0.726332664489746
0.401119029521942
-0.232003778219223
-4.29731019735336
-2.82593900561333
7
-1.44424872398376
0.461581391096115
-0.235009950399399
-0.758673083782196
1.80215772986412
1.15548408031464
0.920745235681534
2
7
-0.839679926633835
-0.289715719223023
-4.21534018516541
0.195009917020798
-1.49700444340706
1.33165217638016
3.90426867008209
7
0.585589820146561
0.0208831906318666
2.38072515726089
2.44338683485985
-0.490854334831238
1.26407830119133
-0.89213827252388
|FiveFeelerGenome
2
6
7
-0.1097705245018
-0.739663898944855
1.12595889568329
-1.28399869799614
0.574164068698883
1.15495662093163
-2.16134142875671
7
-0.461201107501984
1.35645102262497
1.31646749973297
-0.358906883001328
1.9656130194664
-2.58207604885101
0.801727986335754
7
2.00669475793838
-2.26040071845055
0.319606059789658
0.667210268974304
4.59894031882286
0.938760215044022
-1.08415412306786
7
2.05643283128738
-1.18793592453003
2.30340191721916
-3.45871704816818
-1.04105268716812
1.65963792204857
-0.39639658331871
7
-0.99836910367012
-1.28527725934982
0.329905551671982
1.06452015638351
0.692107063531876
-3.96630815267563
-2.248607391119
7
-0.528551018238068
-2.70032562613487
1.10161771774292
0.53001354932785
0.674042361974716
0.147269910573959
-1.07177649140358
2
7
-1.19651586413383
-0.624067199230194
-3.70686132311821
-1.64135547280312
-0.816840368509293
0.305740934610367
3.31533669829369
7
0.936516380310059
-0.938670372962952
1.01001846194267
-0.267851114273071
2.58627212643623
-0.705529797077179
1.49460713863373
|FiveFeelerGenome
2
6
7
-0.1097705245018
-1.51858619451523
1.95054941177368
-1.49859151244164
0.714210069179534
0.505612844228744
-1.81977162361145
7
2.38253425359726
1.05664728879929
0.644837194681168
-0.477420252561569
1.83394522070885
-2.55082774162292
-0.101545810699463
7
2.32631651163101
-2.50893973112106
-1.23829544782639
1.98583033680916
3.94082427024841
1.49655626416206
-1.46575144529343
7
1.94005644917488
-0.110346579551697
0.0868286788463591
-4.87223946452141
-0.642900198698044
0.819299137592315
-1.04096280932426
7
-1.50353906750679
-1.82377270460129
0.543694704771042
1.06452015638351
0.519593244791031
-4.61112829446793
-2.248607391119
7
-0.929400110244751
-2.12643274664879
0.871401214599609
-0.755958992242813
-0.360337364673614
1.05968376398087
0.0513437628746034
2
7
-1.18954791426659
-0.409748327732086
-3.70686132311821
-1.64135547280312
-0.816840368509293
1.20362520813942
3.31533669829369
7
1.24215620756149
0.0213025510311127
0.617555886507034
0.178246378898621
2.78974941968918
0.955475699901581
1.9030287861824
|FiveFeelerGenome
2
6
7
0.497043144702912
-1.15699743628502
0.837477535009384
0.0213352799415588
1.42313284277916
0.255822867155075
-1.83085504770279
7
2.56390982270241
1.26178749799728
1.02089341282845
-0.816259568929672
3.37259563803673
-2.59961740970612
-1.13733228445053
7
1.85831466913223
-2.68231706023216
-0.932622468471527
1.15046815872192
4.0448625266552
1.29570299386978
-0.990825766324997
7
2.29361192584038
1.85737084150314
0.872293937206269
1.12581980824471
-0.0514601886272429
-1.07003151774406
-1.60890851020813
7
-0.817781603336334
-0.936395913362503
-0.304987573623657
1.49874789118767
-0.939987295866012
-2.83021147847176
-0.108210301399231
7
-0.274740821123123
-2.4166906952858
1.10161771774292
0.842936933040619
1.45265910029411
0.147269910573959
-1.6653101503849
2
7
-1.24064585566521
0.384022498130798
-4.54597537517548
-0.0974276125431061
-1.50027015805244
1.27775536775589
3.7364944756031
7
1.75829982757568
-0.547335207462311
2.05137349367142
2.50115424990654
-0.194475746154785
1.03801882863045
-0.0873970329761505
|FiveFeelerGenome
2
6
7
-0.44518369436264
-1.06519443392754
1.12595889568329
-1.21210784316063
1.42117325663567
1.15495662093163
-2.13166003227234
7
2.39979444742203
0.0914034485816959
1.20329864621162
0.359040147066116
2.23670393824577
-3.61807820796967
-0.817995488643646
7
1.9700025677681
-2.36151105761528
0.551429241895676
1.22580418586731
4.66598996520043
1.65504270195961
-1.07116316556931
7
2.45978664755821
1.93515964150429
0.674584591388703
0.98595398068428
-0.0314461171627043
-1.25537566542625
-1.91168255805969
7
0.687096619606018
-0.672780954837799
-0.233048528432846
0.931409615278244
0.126357728242874
-3.69983420968056
-0.805147695541382
7
-1.44424872398376
0.348535579442978
0.536140304803848
0.922833341360092
2.62883543372154
-0.891730618476868
1.12652702927589
2
7
-1.23220447897911
-0.68960930109024
-3.6390355348587
-0.958498460054398
-1.28716421723366
0.595793801546097
3.24774724841118
7
1.42047039270401
-0.491682654619217
-0.401536697149277
1.92909307479858
2.06816381216049
1.82353017926216
1.40253339409828
|FiveFeelerGenome
2
6
7
0.16944369673729
-0.63254274725914
2.10328319072723
-1.28399869799614
1.65141803026199
1.08676299452782
-2.16134142875671
7
2.2068220436573
0.774406516551972
1.54979141354561
-0.418914049863815
2.84661666750908
-1.75694789290428
-0.798412001132965
7
2.21707577109337
-2.3665285050869
0.292448657751083
1.22580418586731
5.08493899703026
1.65504270195961
-0.92386075258255
7
1.0050019800663
-0.798218822479248
-0.347028285264969
-4.18413304686546
-0.560103410482407
2.66355437040329
0.112940675020218
7
-0.0797024309635162
-1.76923438310623
0.35756921172142
0.796932327747345
0.103952646255493
-4.5174418091774
-3.48514057993889
7
-1.44424872398376
0.803649085760116
0.536140304803848
0.627939140796661
2.34392797350883
-1.42296071052551
1.39595120549202
2
7
-0.844541251659393
-0.461256968975067
-3.6390355348587
-0.958498460054398
-1.28716421723366
0.860327112674714
3.24774724841118
7
0.845827353000641
-0.491682654619217
-0.401536697149277
1.92909307479858
2.06816381216049
1.82353017926216
1.40253339409828
|FiveFeelerGenome
2
6
7
-0.1097705245018
-0.739663898944855
1.12595889568329
-1.28399869799614
0.574164068698883
1.15495662093163
-2.16134142875671
7
-0.461201107501984
1.35645102262497
1.31646749973297
-0.358906883001328
1.9656130194664
-2.58207604885101
0.801727986335754
7
2.00669475793838
-2.26040071845055
0.319606059789658
0.667210268974304
4.59894031882286
0.938760215044022
-1.08415412306786
7
2.05643283128738
-1.18793592453003
2.30340191721916
-3.45871704816818
-1.04105268716812
1.65963792204857
-0.39639658331871
7
-0.99836910367012
-1.28527725934982
0.329905551671982
1.06452015638351
0.692107063531876
-3.96630815267563
-2.248607391119
7
-0.528551018238068
-2.70032562613487
1.10161771774292
0.53001354932785
0.674042361974716
0.147269910573959
-1.07177649140358
2
7
-1.19651586413383
-0.624067199230194
-3.70686132311821
-1.64135547280312
-0.816840368509293
0.305740934610367
3.31533669829369
7
0.936516380310059
-0.938670372962952
1.01001846194267
-0.267851114273071
2.58627212643623
-0.705529797077179
1.49460713863373
|FiveFeelerGenome
2
6
7
2.8759072124958
0.596647679805756
3.08377667665482
0.422097605466843
0.875074177980423
0.732380652427673
2.46455268263817
7
2.51620090603828
1.40162163972855
1.54979141354561
-0.99615632891655
2.26902334094047
-2.05206110477448
0.0358103454113008
7
2.32631651163101
-2.40776035189629
-0.357386642694473
1.14389272332191
4.05513452887535
1.29570299386978
-1.1640304505825
7
2.95589203238487
1.93515964150429
0.872293937206269
0.98595398068428
-0.0514601886272429
-1.07003151774406
-2.07494947910309
7
-2.67886054515839
0.87919505238533
-0.956040543317795
1.08394739627838
-0.699889481067658
-0.624426621198654
-1.42629008293152
7
-1.48075923919678
0.737527179718018
0.417947065830231
0.181825107336044
3.45956320166588
0.955333924293518
1.50930843949318
2
7
-0.243252861499786
-0.165942823886871
-4.28736815452576
0.337889885902405
-1.77105832695961
0.245548069477082
3.55393914580345
7
-0.0895479917526245
-0.295792764425278
3.09104346632957
2.44338683485985
-0.572214603424072
0.385716253519058
-0.185240441560745
|FiveFeelerGenome
2
6
7
0.682466810941696
1.07616302967072
1.64671587347984
0.311588847637176
0.359254896640777
-0.491861563920975
-2.89601244330406
7
1.67057064175606
0.428509771823883
1.20329864621162
1.39169462323189
2.23670393824577
-3.61807820796967
-0.817995488643646
7
2.5646656692028
-2.50184594988823
-0.372184354066849
-0.0523178339004517
4.57148458361626
2.26225677132607
-1.07865652441978
7
1.52142833471298
-0.707452869415283
2.63680934906006
-3.05140558481216
-0.231180489063263
2.03949075341225
0.0192787945270537
7
-1.12303782105446
-1.80864239931107
0.564046716690063
0.235480892658234
-0.256985569000244
-4.04701181650162
-1.96259858012199
7
-1.54415800571442
0.348535579442978
0.94896302819252
0.922833341360092
2.62883543372154
-1.00409936904907
1.13580496907234
2
7
-0.177625358104706
0.861256718635559
-4.09456303119659
-1.21005740761757
-1.50027015805244
0.971113646030426
3.79365980625153
7
1.42047039270401
-0.491682654619217
-0.401536697149277
1.92909307479858
2.06816381216049
1.82353017926216
1.40253339409828
|FiveFeelerGenome
2
6
7
0.16944369673729
-0.258342117071152
2.10328319072723
-1.23314566016197
1.09227472543716
0.969512766599655
-2.16134142875671
7
2.10493035912514
2.36938961744309
1.68994112610817
-1.57762076258659
1.49208502173424
-2.00384922027588
-1.79305335283279
7
1.67440310716629
-0.599094045162201
1.38960689902306
2.05142651200294
3.2230680167675
1.09647857546806
-2.14861201643944
7
2.45978664755821
2.22660359144211
0.964591038227082
0.98595398068428
0.256108218431473
-1.07003151774406
-1.60890851020813
7
-0.719448620080948
-2.08382645845413
-0.0503531515598297
0.931960380077362
0.103952646255493
-4.5174418091774
-3.83498675227165
7
0.125076228380203
-2.96446999907494
1.60075219273567
-0.0444034159183501
-0.0782003939151764
1.42148659825325
-1.70352399349213
2
7
-0.419830673933029
-0.63776341676712
-3.73147490024567
0.670045083761215
-1.2419151365757
1.21041804552078
2.4792972266674
7
1.02842218875885
0.282691198587418
2.32457407712936
1.68945936560631
-0.346378701925278
0.610795146226883
0.432422584295273
|FiveFeelerGenome
2
6
7
2.10641125440597
0.688005721569061
3.35189830064774
0.406108796596527
1.18167057037354
0.638415360450745
3.06550939083099
7
2.14928765892982
1.26178749799728
1.26603236794472
-1.02831851840019
2.00922350287437
-2.59961740970612
-1.33747535943985
7
2.44611970186233
-1.96237797141075
0.647587078809738
-0.19140796661377
4.66598996520043
1.65504270195961
-1.07865652441978
7
1.4995584666729
1.19884791970253
1.2608983874321
-1.37678503990173
-1.41932688355446
-0.66632410287857
-1.16607394218445
7
-0.399125146865845
-1.96093229055405
0.360800594091415
0.740454286336899
0.496138507127762
-3.80666988492012
-2.02273184657097
7
-1.56482954025269
1.63131512999535
-0.357614296674728
0.529213321208954
4.1880179643631
1.30297144055367
1.38539673089981
2
7
-0.808801048994064
-0.700433051586151
-3.52238032817841
-1.1499374628067
-1.35898270606995
-0.205527299642563
2.73659517168999
7
0.978218901157379
-0.346590042114258
0.251644784212112
0.809502625465393
1.60214780569077
3.03138340115547
0.434285551309585
|FiveFeelerGenome
2
6
7
0.00845631361007708
-0.949194759130478
2.09511468410492
-1.49859151244164
1.06155091524124
0.64004208445549
-2.16134142875671
7
2.12114971280098
0.428509771823883
0.864793425798416
0.359040147066116
2.42614727020264
-4.17205979824066
-0.817995488643646
7
2.0321160197258
-2.50184594988823
0.196646803617477
0.443264752626419
5.10922150015831
1.7796214401722
-1.31962696909904
7
2.48340031504631
2.20007303953171
0.872293937206269
1.36789301633835
-0.215893763303757
-1.01881214380264
-1.98627359271049
7
-1.07258053421974
-1.24634354710579
0.849513220787048
1.12266601324081
0.46286883354187
-4.29442199468613
-2.40829159617424
7
1.26055690646172
-3.09499537348747
1.23725722432137
0.136827278137207
-0.502661955356598
1.43711164593697
-2.36723995804787
2
7
-0.477858173847199
-1.10051778554916
-3.34279293417931
0.517172831296921
-1.13249082565308
1.40942844152451
3.27957276701927
7
0.745739424228668
0.00251206159591688
2.3995919585228
1.90789145827293
-0.21564359664917
0.591029751300812
-0.89213827252388
|FiveFeelerGenome
2
6
7
0.761464679241181
-1.52263831496239
0.619801181554794
0.272837489843368
1.63729889988899
-0.0655202746391296
-1.85275637507439
7
2.89669578671455
1.03461705446243
1.01579042077065
-0.554924219846725
2.74014427065849
-1.64471616744995
-0.470645344257355
7
1.7859588265419
-1.26961747407913
0.502730876207351
0.958824324607849
2.87719802260399
1.66701692342758
-1.89877005815506
7
1.95275420546532
0.137857407331467
2.17643556594849
-3.56742452979088
-0.302626079320907
1.69654397368431
0.609151846170425
7
-0.688107472658158
-1.74457431435585
0.708152025938034
0.423191732168198
0.496138507127762
-3.80666988492012
-1.45757166743279
7
-1.40309145450592
-2.56210114955902
1.3236172914505
-0.755958992242813
-0.152495759725571
1.17942794561386
-0.154949277639389
2
7
-0.703019088506699
-0.63776341676712
-3.73147490024567
0.136318677663803
-1.3382424890995
1.21041804552078
2.32997650504112
7
0.446355223655701
-0.645269864797592
2.87197043299675
2.44338683485985
-0.381074541807175
0.716058331727982
-0.0222833156585694
|FiveFeelerGenome
2
6
7
0.16944369673729
-0.232669514417649
1.74326508045196
-1.28399869799614
1.32837027311325
1.08676299452782
-2.05931484699249
7
2.10493035912514
1.58973404169083
1.68994112610817
-2.0174874484539
1.86786021590233
-2.00384922027588
-1.51950243711472
7
1.85574489831924
-2.61766030192375
0.258486330509186
0.775382041931152
4.66598996520043
2.15365813374519
-0.901900738477707
7
2.45978664755821
1.93515964150429
1.27473801374435
0.98595398068428
-0.0514601886272429
-0.648721998929977
-1.15547671318054
7
-0.0491357624530794
-0.672780954837799
-1.04217786192894
-0.00892093777656572
0.232837849855423
-3.64247112870216
-0.805147695541382
7
-1.3279266834259
1.70691785812378
0.0880287230014803
0.289226067066192
2.51449107527733
0.141273903846741
0.95223816037178
2
7
-0.996509617567062
-0.461256968975067
-3.6390355348587
-1.34963863492012
-1.28716421723366
0.595793801546097
3.60855714678764
7
2.5004212975502
0.177772235870361
0.694776326417923
1.1347273349762
2.18282066583633
2.67802718281746
1.3008581995964
|FiveFeelerGenome
2
6
7
0.0766985058784486
-0.904985731840134
1.1643500328064
0.440548741817474
0.874005192518234
-0.0283063054084778
-2.11537904143333
7
2.55137194395065
2.17563341856003
1.20572150349617
-0.303989762067795
2.53931948542595
-2.64981026649475
-0.691758644580841
7
2.09194515943527
-1.85315867066383
-1.20585745573044
2.25675790905952
3.65092884898186
1.10407112240791
-1.11174677610397
7
2.42339636683464
1.74944897890091
0.69391952753067
0.307084679603576
-0.938571959733963
-1.94589127898216
-1.98692604899406
7
-0.868105638027191
-0.570367079973221
0.138335299491882
1.12575852870941
-1.02485381960869
-2.83021147847176
0.627262282371521
7
-1.44424872398376
0.188601607084274
0.53870285153389
0.033050501346588
2.89249184131622
-1.00409936904907
1.12652702927589
2
7
0.12247708439827
-0.63776341676712
-4.09456303119659
0.136318677663803
-2.16220944523811
1.21041804552078
2.4792972266674
7
2.03167787790298
0.59091682434082
0.694776326417923
1.10130622386932
2.18282066583633
2.61997824311256
1.91781185269356
|FiveFeelerGenome
2
6
7
0.16944369673729
-0.149102324247361
2.10328319072723
-1.28399869799614
1.65141803026199
1.08676299452782
-2.16134142875671
7
2.03307963013649
0.428509771823883
1.47706676721573
1.22597730755806
2.23670393824577
-3.61807820796967
-0.817995488643646
7
2.5646656692028
-2.50184594988823
0.13105098605156
0.504887557029724
4.57148458361626
2.26225677132607
-1.55938276648521
7
2.45978664755821
2.03904302716255
0.964591038227082
0.98595398068428
-0.305581110715866
-1.07003151774406
-1.4964257478714
7
-0.557326537370682
-1.74163066148758
0.212937134504318
0.931960380077362
0.690207719802857
-4.00533931851387
-3.83498675227165
7
-1.32514657378197
0.118311423063278
0.94896302819252
0.54389471411705
2.62883543372154
-1.27766759395599
1.12652702927589
2
7
-0.0931811034679413
0.861256718635559
-4.09456303119659
-0.498116809129715
-1.65860853791237
0.971113646030426
3.79365980625153
7
1.42047039270401
-0.491682654619217
-0.140368235111237
1.92909307479858
2.63348234891891
1.82353017926216
1.40253339409828
|FiveFeelerGenome
2
6
7
-0.1097705245018
-1.06519443392754
1.12595889568329
-1.21210784316063
0.88461372256279
1.15495662093163
-2.13166003227234
7
1.8144611954689
0.0914034485816959
1.20329864621162
0.5095343708992
2.23670393824577
-4.20213830471039
-0.817995488643646
7
2.55787755250931
-2.36151105761528
0.551429241895676
1.55262355804443
4.99103292822838
1.65504270195961
-0.92386075258255
7
2.45978664755821
2.25104032158852
0.674584591388703
0.98595398068428
0.401640802621842
-1.19799663424492
-1.51289486885071
7
-0.235256749391556
-2.08382645845413
1.65663427710533
0.796932327747345
0.185194039344788
-5.1068750500679
-3.10812184214592
7
-1.44424872398376
0.348535579442978
0.536140304803848
0.627939140796661
2.34392797350883
-1.18542807102203
1.53231993317604
2
7
-1.41639651060104
-0.461256968975067
-3.6390355348587
-0.958498460054398
-1.28716421723366
0.668159872293473
3.24774724841118
7
1.18532577753067
-1.56358394622803
-0.290636384487152
-0.289608263969421
2.8307211458683
-0.121745002269745
1.7325626373291
|FiveFeelerGenome
2
6
7
0.313940018415451
1.05658027529716
1.47597481608391
-0.219398325681686
0.359254896640777
0.53649560213089
-2.7254307448864
7
-0.753374010324478
1.65320290327072
0.993092226982117
-0.609731549024582
2.44116524457931
-2.58207604885101
0.571848011016846
7
1.86779981851578
-2.33195806741715
-0.351341998577118
1.61865780949593
3.65092884898186
0.73683472275734
-1.03927643895149
7
1.70662127733231
-1.49151418805122
2.26523372530937
-4.01682149767876
-0.70925812125206
1.69654397368431
-0.316853278875351
7
0.319480633735657
-0.672780954837799
-0.233048528432846
0.367956322431564
0.126357728242874
-3.69983420968056
-0.805147695541382
7
-1.76511498689651
1.58947780132294
-0.374469083547592
0.289226067066192
3.03719210028648
0.146474528312683
1.33241589665413
2
7
1.36015101671219
-0.645948374271393
-4.18864943385124
-0.843721514940262
-1.26687827706337
1.36695757508278
3.09234749674797
7
0.845827353000641
-0.491682654619217
-0.482865923643112
1.92909307479858
2.06816381216049
1.82353017926216
1.40253339409828
|FiveFeelerGenome
2
6
7
0.782996863126755
1.41398355364799
2.29766296744347
-1.24251121878624
0.0917852282524106
0.0540382087230682
-1.88238625526428
7
2.7107824921608
0.898953998088837
0.965878230333328
-0.99615632891655
2.64022104144096
-2.45252106189728
-1.68556958436966
7
2.32631651163101
-2.87948940992355
-0.921965372562408
1.42308171391487
4.2187157869339
1.78153115510941
-1.07141713500023
7
1.71156212091446
-0.833922600746155
2.63680934906006
-3.59956084489822
-0.536013758182526
2.03949075341225
-0.528975600004196
7
-0.99836910367012
-1.24634354710579
0.187312865257263
1.11544607877731
0.103952646255493
-4.29643858671188
-2.40829159617424
7
1.26055690646172
-3.04389407038689
1.80173133015633
-0.18546781539917
0.0433366656303406
1.43711164593697
-2.87225385308266
2
7
-0.808801048994064
-1.1588361620903
-3.46061951518059
-1.1499374628067
-0.763030338287353
0.419487267732621
3.31533669829369
7
2.2602647125721
-0.802409690618515
1.71613684892654
2.44338683485985
-0.194475746154785
1.17297349572182
0.00787517428398132
|FiveFeelerGenome
2
6
7
0.16944369673729
-0.367997831106186
1.74326508045196
-1.28399869799614
1.29382392168045
1.14284998774528
-2.05931484699249
7
1.92327743172646
1.67512218356133
1.30015262365341
-1.55797397494316
2.09653055071831
-2.32233049869537
-0.269461357593536
7
1.82693725824356
-2.61766030192375
1.04296337366104
0.22821569442749
4.54963065981865
1.19495387673378
-1.4938582777977
7
1.8734007537365
1.60232539772987
1.19671827554703
-0.983548021316528
-1.41932688355446
-0.66632410287857
-1.60890851020813
7
-0.747450023889542
-2.60261546373367
1.02799980044365
0.796932327747345
-0.640693521499633
-4.5174418091774
-3.03694173693657
7
-0.929400110244751
-2.56210114955902
1.3236172914505
-0.707581597566605
-0.265261334180832
1.17942794561386
-0.154949277639389
2
7
-0.00709299445152289
0.00103446841239921
-4.63465056419373
0.136318677663803
-1.87778013348579
1.02753400206566
2.39172760844231
7
1.15054253339767
-0.491682654619217
-0.00605320334434506
0.975984621047974
2.06816381216049
1.82353017926216
1.54698994755745
|FiveFeelerGenome
2
6
7
0.815296095609665
0.76233486533165
1.77771689295769
0.00372877717018105
0.59405175447464
0.13690732717514
-1.25092730522156
7
2.12114971280098
0.17894179224968
1.09058943390846
-0.299466198682785
2.23670393824577
-3.7908477306366
0.444756239652634
7
2.80046483278274
-3.27896372675896
-0.432194650173187
0.920891809463501
3.64386569857597
1.40977657437325
-1.38048693537712
7
-2.14554180502892
-0.138571035861969
-0.0793702006340024
-0.608434385061264
1.67667651176453
-1.58194525241852
-1.18763262629509
7
-0.688107472658158
-1.74457431435585
0.207194274663925
0.509590262174606
0.496138507127762
-3.80666988492012
-1.29282411336899
7
0.334857857227325
-2.77975127100945
2.01119776368141
0.0158751904964449
-0.135877829790115
1.42148659825325
-1.70352399349213
2
7
-1.25372073054314
-0.120017272233963
-3.51340329647064
-1.46029164791107
-0.122667026519775
0.710165178775788
3.93962304592133
7
1.14597940444946
0.459578591585159
2.20193754434586
1.68945936560631
-0.0939534366130829
0.610795146226883
0.432422584295273
|FiveFeelerGenome
2
6
7
0.682466810941696
2.13425085544586
2.3782627761364
-0.26635080575943
0.359254896640777
-0.359357953071594
-2.69869448542595
7
3.3292574763298
1.2696924328804
1.35966814160347
-0.986026877164841
2.40810852050781
-2.55082774162292
0.261631906032562
7
1.97468620538712
-2.61766030192375
0.366046988964081
0.775382041931152
4.74388353228569
2.20250101685524
-1.35123412013054
7
1.39350135922432
-0.737869763374329
0.322295999526977
-5.09109048247337
-0.80409831404686
1.68501152992249
0.392264991998672
7
-1.62984128594399
-1.32075639367104
0.564046716690063
0.235480892658234
-0.256985569000244
-4.02152253389359
-1.85378035902977
7
-0.85867383480072
-2.56210114955902
1.3236172914505
-0.287516838312149
-0.152495759725571
1.17942794561386
-0.154949277639389
2
7
-1.25372073054314
-0.446251046657562
-4.0001211643219
-0.940414023399353
-0.122667026519775
0.700736892223358
3.54514362812042
7
3.00979439020157
0.177772235870361
0.694776326417923
1.1347273349762
2.18282066583633
2.67802718281746
1.39962022900581
|FiveFeelerGenome
2
6
7
0.420470154285431
-1.23866118788719
1.16226314902306
-1.28310300111771
1.90451526045799
-0.493162882328033
-2.1479160964489
7
2.79069000482559
0.0914034485816959
1.20329864621162
0.359040147066116
2.21627330183983
-3.46491765379906
-0.817995488643646
7
1.9700025677681
-2.36151105761528
0.551429241895676
1.22580418586731
4.66598996520043
1.50133431553841
-0.92386075258255
7
-1.93484742045403
-0.138571035861969
-0.0793702006340024
-0.178960168361664
1.67667651176453
-1.15019042491913
-1.60538803935051
7
-0.249781107902527
-0.672780954837799
0.0402380824089049
0.367956322431564
0.126357728242874
-3.69983420968056
-0.805147695541382
7
-1.44424872398376
0.348535579442978
0.536140304803848
0.603010833263397
2.34392797350883
-1.18542807102203
1.53231993317604
2
7
-1.22403175234795
0.037695562839508
-3.23556542396545
-0.721330404281616
-0.427795428037643
0.615658169984818
3.2876290500164
7
0.845827353000641
-0.491682654619217
-0.401536697149277
1.92909307479858
2.06816381216049
1.35450609326363
1.90316105484962
|FiveFeelerGenome
2
6
7
-0.261825811862945
-1.06519443392754
0.627390170097351
-1.21210784316063
0.790230792760849
1.15495662093163
-2.13166003227234
7
1.7836469233036
0.482753694057465
1.09058943390846
-0.636753338575363
2.17925910353661
-3.7908477306366
0.295488464832306
7
1.67440310716629
-0.633087933063507
1.67202398180962
2.05142651200294
3.2230680167675
1.09647857546806
-2.14861201643944
7
2.45978664755821
2.06312897801399
0.453860318660736
0.98595398068428
0.401640802621842
-1.25537566542625
-1.91168255805969
7
0.390170860290527
-3.51547161340714
0.452616184949875
1.38933709859848
-1.36193881034851
-3.44732670783997
-1.78017103075981
7
-0.930088138580322
0.555254071950912
0.822739255428314
-0.259298837184906
3.04102520942688
1.24405248165131
0.750668150186538
2
7
-0.844541251659393
-0.461256968975067
-3.6390355348587
-0.958498460054398
-1.74696236252785
0.595793801546097
3.24774724841118
7
0.44018714427948
-0.829552215337753
1.1749373793602
1.69931308627129
0.835346263647079
2.1966676056385
-0.813602191209793
|FiveFeelerGenome
2
6
7
0.16944369673729
-0.63254274725914
2.10328319072723
-1.28399869799614
1.65141803026199
1.38886885046959
-2.16134142875671
7
2.02300654053688
0.428509771823883
1.20329864621162
0.469937974214554
2.23670393824577
-3.61807820796967
-0.817995488643646
7
2.02616437673569
-2.81332065463066
0.302137887477875
0.606867790222168
4.70061106085777
0.938760215044022
-0.584309238195419
7
2.05858875513077
-0.869433689117431
2.30340191721916
-3.60253731012344
-0.666497218608856
1.65963792204857
-0.812315648794174
7
-0.0578456640243532
-0.683900535106659
-0.182308572530747
0.367956322431564
0.0294645369052889
-2.81689098477364
-0.84362895488739
7
-1.44424872398376
0.166719073057175
0.536140304803848
0.533680289983749
2.91992189884186
-1.00409936904907
1.12652702927589
2
7
-0.929756587743759
-0.355389750003815
-3.42721526622772
-0.958498460054398
-2.02946355938911
0.595793801546097
2.69725467562676
7
0.446355223655701
-0.295792764425278
3.09104346632957
2.48341447710991
-0.572214603424072
0.847443872690201
-0.185240441560745
|FiveFeelerGenome
2
6
7
0.243087500333786
0.210023039579391
1.77771689295769
0.00372877717018105
0.59405175447464
0.13690732717514
-2.22463340759277
7
2.54559748768806
1.26178749799728
0.965878230333328
-1.09130529761314
2.85252523422241
-2.2592601776123
-1.31978808641434
7
2.1751204431057
-2.72669495940208
-0.376217037439346
0.757479548454284
4.53672716021538
2.0523257791996
-1.16513974070549
7
1.71156212091446
-0.707452869415283
2.63680934906006
-3.05140558481216
-0.525560939311981
2.1539975464344
-0.536749213933945
7
-0.557326537370682
-1.20733577013016
0.0483534276485444
1.36906853914261
0.103952646255493
-4.5174418091774
-2.81538791060448
7
-1.19624917507172
1.16624286770821
-0.0686818957328794
-0.422389161586762
3.78364543318748
0.580782657861709
1.50930843949318
2
7
-0.412455743551254
0.188367259502411
-4.28736815452576
0.136318677663803
-1.4410941183567
0.761716091632843
2.49111010432243
7
1.15054253339767
-0.666158920526505
-0.879421371221542
1.51098146438599
2.06816381216049
1.82353017926216
1.54698994755745
|FiveFeelerGenome
2
6
7
-0.165398180484772
-0.949194759130478
1.18497092723846
-1.12519234418869
1.46800915002823
1.29242233633995
-2.04759910106659
7
1.82784205675125
0.0849044203758243
1.07310565114021
-0.577295273542404
2.06901223063469
-4.14031138420105
-0.0752852499485016
7
2.96095856428146
-2.94732238650322
0.196646803617477
-0.404127454757691
4.57148458361626
1.55205960869789
-1.07865652441978
7
2.48340031504631
2.20007303953171
1.21563657522202
1.60374704003334
-0.288047975301742
-1.01881214380264
-2.19964394569397
7
-0.580813175439835
-2.49825543165207
0.360800594091415
0.493870943784714
0.982511407136917
-4.28078258633614
-2.02273184657097
7
-0.943671679496765
-2.26415200233459
0.701677465438843
-0.755958992242813
-0.626419848203659
1.05968376398087
0.0513437628746034
2
7
-1.9616493165493
0.0938121497631072
-3.97630300521851
0.280207943916321
-1.04327653050423
1.24134713411331
3.08269705176353
7
1.24536377191544
-0.947469860315323
-0.174082082509995
0.292662692070008
2.62260059118271
0.488531166315079
1.75975970029831
|FiveFeelerGenome
2
6
7
0.16944369673729
-0.149102324247361
2.10328319072723
-1.28399869799614
1.65141803026199
1.08676299452782
-2.16134142875671
7
2.03307963013649
0.428509771823883
1.47706676721573
1.22597730755806
2.23670393824577
-3.61807820796967
-0.817995488643646
7
2.5646656692028
-2.50184594988823
0.13105098605156
0.504887557029724
4.57148458361626
2.26225677132607
-1.55938276648521
7
2.45978664755821
2.03904302716255
0.964591038227082
0.98595398068428
-0.305581110715866
-1.07003151774406
-1.4964257478714
7
-0.557326537370682
-1.74163066148758
0.212937134504318
0.931960380077362
0.690207719802857
-4.00533931851387
-3.83498675227165
7
-1.32514657378197
0.118311423063278
0.94896302819252
0.54389471411705
2.62883543372154
-1.27766759395599
1.12652702927589
2
7
-0.0931811034679413
0.861256718635559
-4.09456303119659
-0.498116809129715
-1.65860853791237
0.971113646030426
3.79365980625153
7
1.42047039270401
-0.491682654619217
-0.140368235111237
1.92909307479858
2.63348234891891
1.82353017926216
1.40253339409828
|FiveFeelerGenome
2
6
7
-0.154402410984039
-1.45862521529198
2.37596269249916
-1.28399869799614
1.06155091524124
1.08676299452782
-2.16134142875671
7
2.44744029641151
0.539831173419953
1.06211531758308
-1.04871982932091
1.87886156439781
-1.90161237120628
-0.836590921878815
7
1.61401599645615
-2.81332065463066
0.722204005718231
0.352943634986877
4.70061106085777
0.938760215044022
-0.584309238195419
7
1.48467779755592
-0.252115702629089
2.75942243933678
-3.34464956521988
-0.70925812125206
1.83928997516632
-0.733409923315048
7
0.519292688369751
-2.41097756624222
0.286481302976608
0.712501180171967
0.348683261871338
-3.35572524666786
-1.33316144347191
7
1.26055690646172
-2.99720260500908
1.23725722432137
0.136827278137207
0.0433366656303406
1.77209187150002
-2.87225385308266
2
7
-0.367113465070725
-0.409748327732086
-3.78150095939636
-0.888024687767029
0.0284824609756471
0.356234699487686
3.31533669829369
7
0.446355223655701
-0.295792764425278
3.09104346632957
2.48341447710991
-0.572214603424072
0.847443872690201
-0.185240441560745
|FiveFeelerGenome
2
6
7
0.16944369673729
-0.63254274725914
2.10328319072723
-0.694480627775192
1.65141803026199
1.38886885046959
-2.16134142875671
7
2.02300654053688
0.428509771823883
1.20329864621162
0.469937974214554
2.23670393824577
-3.50590958595276
-0.817995488643646
7
2.81383661031723
-0.899523270130158
0.915320354700088
0.923741245269775
3.10826711058617
1.46045698523521
-2.18422703146935
7
2.05858875513077
-0.869433689117431
2.22217654585838
-3.07950955629349
-0.666497218608856
1.65963792204857
-0.549720680713654
7
-0.0578456640243532
-0.203777968883515
-0.182308572530747
0.367956322431564
0.0294645369052889
-3.26451833844185
-1.22757251262665
7
-1.44424872398376
0.166719073057175
0.536140304803848
0.533680289983749
2.91992189884186
-1.41791186332703
1.12652702927589
2
7
-0.929756587743759
-0.355389750003815
-3.42721526622772
-0.958498460054398
-2.02946355938911
-0.00183412432670549
2.69725467562676
7
-1.83935621380806
1.55074639320374
0.95659567117691
1.75499162077904
-0.35610608458519
1.05326680541038
1.61895159482956
|FiveFeelerGenome
2
6
7
0.497043144702912
-0.904985731840134
0.913852614164352
0.0213352799415588
1.42313284277916
0.223313921689987
-1.83085504770279
7
-0.176994401216507
1.35645102262497
1.47991972565651
-0.358906883001328
1.9656130194664
-2.58207604885101
0.801727986335754
7
2.00669475793838
-2.26040071845055
-0.113073021173477
0.667210268974304
4.59894031882286
0.938760215044022
-1.08415412306786
7
2.29361192584038
2.63015016317368
0.872293937206269
1.12581980824471
-0.0514601886272429
-1.07003151774406
-1.60890851020813
7
-0.817781603336334
-0.909899479150772
-0.304987573623657
1.49874789118767
-1.18648743629456
-2.83021147847176
-0.307927227020264
7
-0.528551018238068
-2.70032562613487
1.47549018859863
0.53001354932785
0.674042361974716
0.147269910573959
-1.07177649140358
2
7
-1.71639155745506
-0.409748327732086
-3.70686132311821
-1.64135547280312
-0.816840368509293
1.3434609234333
3.31533669829369
7
0.936516380310059
-0.938670372962952
1.01001846194267
-0.267851114273071
2.58627212643623
-0.705529797077179
1.49460713863373
|FiveFeelerGenome
2
6
7
-0.1097705245018
-0.739663898944855
1.12595889568329
-1.28399869799614
0.574164068698883
0.69562639594078
-2.16134142875671
7
2.38253425359726
1.2696924328804
0.644837194681168
-0.477420252561569
1.84131171107292
-2.55082774162292
-0.356654769182205
7
2.32631651163101
-1.71481832265854
-1.23829544782639
2.3357792198658
4.50605425834656
1.49655626416206
-1.46575144529343
7
2.05643283128738
-1.18793592453003
2.30340191721916
-3.45871704816818
-1.04105268716812
1.65963792204857
-0.39639658331871
7
-0.99836910367012
-1.28527725934982
0.329905551671982
1.06452015638351
0.692107063531876
-3.96630815267563
-2.248607391119
7
-0.274740821123123
-2.4166906952858
1.10161771774292
0.302886521816254
0.94338042140007
0.147269910573959
-1.6653101503849
2
7
-1.19651586413383
-0.624067199230194
-3.70686132311821
-1.18909140229225
-0.816840368509293
0.305740934610367
3.31533669829369
7
1.24215620756149
-0.525119358301163
0.172067004442215
0.178246378898621
2.1906157374382
0.955475699901581
1.60332325696945
|FiveFeelerGenome
2
6
7
0.420470154285431
-1.23866118788719
1.16226314902306
-1.00388876199722
1.87775861620903
-0.493162882328033
-2.1479160964489
7
1.90117803215981
0.483203876018524
1.09058943390846
-0.299466198682785
2.06945139765739
-3.7908477306366
0.0387207388877869
7
1.31955772638321
-1.14697085618973
1.22601510882378
2.05142651200294
3.2230680167675
1.09647857546806
-2.14861201643944
7
-1.93484742045403
-0.138571035861969
-0.0793702006340024
-0.474872750043869
2.07631707191467
-1.15019042491913
-1.60538803935051
7
0.390170860290527
-3.28421199917793
0.452616184949875
0.869760167598724
-1.36193881034851
-3.56216237545013
-1.78017103075981
7
-1.39932236671448
0.555254071950912
0.32378271818161
-0.514942467212677
3.16053307056427
1.24405248165131
0.513030654191971
2
7
-1.22403175234795
0.037695562839508
-3.080459856987
-0.721330404281616
-0.554707473516464
0.615658169984818
3.2876290500164
7
0.44018714427948
-0.829552215337753
1.72721809148788
2.26834587454796
0.835346263647079
2.1966676056385
-0.558633333444595
|FiveFeelerGenome
2
6
7
0.313940018415451
1.05658027529716
1.93504640460014
0.366514283418655
0.359254896640777
-0.251075351238251
-2.7254307448864
7
2.12114971280098
-0.0731037259101864
1.27487362623215
-0.299466198682785
2.23670393824577
-3.7908477306366
0.295488464832306
7
2.32631651163101
-2.12889569401741
-0.351341998577118
2.21635482907295
3.65092884898186
1.07973204255104
-1.11174677610397
7
-1.52558763623238
-0.380705916881562
0.571559172868729
0.0525153458118438
0.524234080314636
-0.819106483459473
0.0806330978870393
7
-1.03017073273659
-1.55180309414864
0.564046716690063
1.08761826753616
-0.0502602100372312
-4.10449749231339
-2.06495712995529
7
0.125076228380203
-2.77975127100945
1.55645032525063
0.0974355161190034
-0.0793075382709503
0.864969283342361
-1.70352399349213
2
7
-1.25372073054314
-0.471049821376801
-4.31197788715363
-0.940414023399353
-0.122667026519775
0.700736892223358
3.54514362812042
7
0.727940618991852
-1.56358394622803
-0.290636384487152
-0.289608263969421
2.8307211458683
-0.458507716655731
1.7325626373291
|FiveFeelerGenome
2
6
7
0.243087500333786
0.210023039579391
1.77771689295769
0.00372877717018105
0.546523797512054
0.13690732717514
-2.22463340759277
7
2.54559748768806
1.26178749799728
0.965878230333328
-1.09130529761314
2.85252523422241
-2.2592601776123
-1.15406849980354
7
2.1751204431057
-2.47914239168167
-0.376217037439346
0.757479548454284
4.98456494212151
2.0523257791996
-1.16513974070549
7
1.71156212091446
-0.707452869415283
2.63680934906006
-2.51020833253861
-0.525560939311981
2.1539975464344
-0.536749213933945
7
-0.557326537370682
-1.20733577013016
0.0483534276485444
1.36906853914261
0.0203211545944217
-4.5174418091774
-2.81538791060448
7
-1.19624917507172
1.16624286770821
-0.0686818957328794
-0.422389161586762
3.78364543318748
0.580782657861709
1.50930843949318
2
7
-0.412455743551254
0.188367259502411
-4.28736815452576
0.136318677663803
-1.0931036055088
0.761716091632843
2.25932826399803
7
1.15054253339767
-0.666158920526505
-0.879421371221542
1.10281419754028
2.06816381216049
1.82353017926216
1.54698994755745
|FiveFeelerGenome
2
6
7
0.0262030959129335
-0.543888658285141
1.76062741279602
-1.08801326155663
0.635192692279815
0.681693428754806
-2.0175452709198
7
2.63843031525612
1.78965638875961
1.25094705224037
-0.303989762067795
2.83277553915977
-2.64981026649475
-0.707809627056122
7
1.66461004018784
-2.68231706023216
-0.932622468471527
1.15046815872192
4.05513452887535
1.29570299386978
-1.32948855757713
7
2.52041366696358
-0.110346579551697
0.0868286788463591
-4.87223946452141
-0.642900198698044
0.819299137592315
-1.04096280932426
7
-0.688107472658158
-1.96093229055405
0.360800594091415
0.423191732168198
0.496138507127762
-3.80666988492012
-2.02273184657097
7
-1.85922179222107
1.63131512999535
0.133572274446488
0.529213321208954
4.1880179643631
0.588088798522949
1.3751447558403
2
7
-0.839679926633835
0.284933471679687
-4.41065099239349
-1.03289921879768
-1.50027015805244
1.27775536775589
3.31675202846527
7
2.0855616569519
-0.802409690618515
2.05137349367142
2.0723660171032
-0.194475746154785
1.03801882863045
-0.410615235567093
|FiveFeelerGenome
2
6
7
0.761464679241181
-1.52263831496239
1.16226314902306
-0.129140239953995
1.63729889988899
0.0407576441764831
-1.85275637507439
7
2.89669578671455
1.03461705446243
1.01579042077065
-0.554924219846725
2.74014427065849
-1.95100390911102
-0.470645344257355
7
1.7859588265419
-1.26961747407913
0.780598932504654
0.958824324607849
2.87719802260399
1.66701692342758
-1.89877005815506
7
2.45978664755821
1.69152758717537
0.948870646953583
0.98595398068428
-0.0514601886272429
-1.48242937922478
-1.60890851020813
7
-0.0491357624530794
-0.672780954837799
-1.04217786192894
0.367956322431564
0.232837849855423
-3.64247112870216
-0.805147695541382
7
-1.3279266834259
1.18090763092041
0.0880287230014803
0.289226067066192
1.96760324835777
0.141273903846741
1.20144262909889
2
7
-0.929756587743759
-0.461256968975067
-3.6390355348587
-0.958498460054398
-1.28716421723366
0.595793801546097
3.24774724841118
7
0.446355223655701
-0.645269864797592
2.87197043299675
2.63472831249237
-0.572214603424072
0.716058331727982
-0.0222833156585694
|FiveFeelerGenome
2
6
7
0.346807038784027
-1.52263831496239
1.16226314902306
0.561079382896423
1.63729889988899
0.0407576441764831
-2.39762346148491
7
2.85007219910622
1.03461705446243
0.782918530702591
-0.799709838628769
2.87976583838463
-1.4680267572403
-0.470645344257355
7
1.7859588265419
-1.26961747407913
0.530400544404983
1.27690556049347
3.10730493068695
1.66701692342758
-1.89877005815506
7
2.45978664755821
2.08525346517563
1.13988176584244
0.98595398068428
-0.0514601886272429
-1.07003151774406
-1.10472388267517
7
-0.0491357624530794
-0.672780954837799
-1.04217786192894
0.367956322431564
0.232837849855423
-3.64247112870216
-0.805147695541382
7
-1.3279266834259
1.70691785812378
0.0880287230014803
0.289226067066192
2.51449107527733
-0.179489398002625
1.20144262909889
2
7
-0.929756587743759
-1.01123641729355
-3.6390355348587
-0.958498460054398
-1.28716421723366
0.492800337076188
2.69064285159111
7
0.845701241493225
-0.500296181440353
2.87197043299675
2.44338683485985
-0.572214603424072
0.716058331727982
-0.0222833156585694
|FiveFeelerGenome
2
6
7
0.243087500333786
0.210023039579391
1.77771689295769
0.00372877717018105
0.59405175447464
0.13690732717514
-2.22463340759277
7
2.50825842022896
1.7855924487114
1.76900599598885
-0.568973630666733
2.44781073927879
-2.26847624778748
-1.31497470140457
7
1.95704161524773
-2.67720348238945
-0.376217037439346
0.757479548454284
4.53672716021538
2.0523257791996
-1.16513974070549
7
1.71156212091446
-0.707452869415283
2.63680934906006
-3.05140558481216
-0.525560939311981
2.1539975464344
-0.536749213933945
7
-0.392534065246582
-1.52365289926529
1.02799980044365
0.576063144207001
-0.640693521499633
-4.5174418091774
-3.03694173693657
7
-0.835032916069031
-2.09370648860931
1.3236172914505
-0.755958992242813
-0.468270295858383
1.17942794561386
-0.154949277639389
2
7
-0.412455743551254
-0.0926353335380555
-4.28736815452576
0.136318677663803
-1.4410941183567
0.950674766302109
2.49111010432243
7
1.15054253339767
-0.666158920526505
-0.879421371221542
1.15878653526306
2.06816381216049
1.82353017926216
1.54698994755745
|FiveFeelerGenome
2
6
7
0.16944369673729
-1.49741639494896
2.54352667331696
-1.28399869799614
1.65141803026199
1.08676299452782
-2.6619300365448
7
2.63229456543922
1.69165176153183
0.965878230333328
-1.09130529761314
2.85252523422241
-2.11944649219513
-1.25493549108505
7
2.32631651163101
-2.85660879015923
-0.921965372562408
0.657144403457641
4.05513452887535
1.29570299386978
-0.990825766324997
7
1.71156212091446
-0.833922600746155
2.63680934906006
-4.18425952196121
-0.536013758182526
2.03949075341225
-0.528975600004196
7
-0.966272574663162
-1.20733577013016
0.0483534276485444
1.36906853914261
-0.256211376190185
-4.5174418091774
-2.38609942793846
7
-1.19624917507172
1.3083994448185
-0.0686818957328794
-0.422389161586762
3.78364543318748
0.580782657861709
1.50930843949318
2
7
-0.00709299445152289
0.00103446841239921
-4.63465056419373
0.136318677663803
-1.65307918190956
0.761716091632843
2.02524186968803
7
0.655286997556687
-0.533945292234421
1.56557804942131
-0.387490367889404
2.05195778012276
-1.62713996171951
1.49460713863373
|FiveFeelerGenome
2
6
7
0.497043144702912
-0.904985731840134
0.844971412420273
0.0213352799415588
1.42313284277916
-0.0283063054084778
-1.83085504770279
7
2.54559748768806
1.17410923242569
1.42467065453529
-0.99615632891655
2.65398270487785
-1.66125431060791
-0.979808580875397
7
1.67440310716629
-0.633087933063507
1.67202398180962
2.05142651200294
3.2230680167675
1.32637791633606
-2.17715079188347
7
2.76133996844292
1.38199558854103
1.65704041719437
0.911295872926712
-0.371438497304916
-1.45135051608086
-1.60890851020813
7
-0.817781603336334
-0.936395913362503
-0.528924345970154
1.49874789118767
-1.18648743629456
-2.90280571579933
-0.108210301399231
7
-0.841433656215667
1.1826853454113
-0.346487563848495
-0.0508791804313661
2.66056716442108
0.476101779937744
1.91389699578285
2
7
-1.18954791426659
-0.409748327732086
-3.70686132311821
-1.64135547280312
-0.816840368509293
1.20362520813942
3.31533669829369
7
1.50340735316277
-0.525119358301163
0.617555886507034
-0.21444046497345
2.78974941968918
0.955475699901581
1.9030287861824
|FiveFeelerGenome
2
6
7
-0.1097705245018
-1.24468356966972
1.3383549451828
-0.521313279867172
0.146213096380233
0.403881680965424
-2.23324844837189
7
1.89291466474533
1.2696924328804
0.644837194681168
-0.477420252561569
1.84131171107292
-2.55082774162292
-0.356654769182205
7
1.9075523018837
-2.06541522741318
-1.23829544782639
1.98583033680916
3.94082427024841
1.49655626416206
-1.46575144529343
7
2.29361192584038
2.18404158353806
0.872293937206269
1.12581980824471
-0.0514601886272429
-1.07003151774406
-1.60890851020813
7
-1.62984128594399
-1.57191313505173
0.213787698745728
0.235480892658234
-0.256985569000244
-3.54505277872086
-1.96259858012199
7
-0.0156955242156984
-1.82421303987503
1.10161771774292
0.842936933040619
1.45265910029411
0.147269910573959
-1.6653101503849
2
7
-0.459275454282761
0.378221201896667
-4.09456303119659
-0.626494556665421
-1.50027015805244
0.971113646030426
3.95481806397438
7
-1.8123795747757
1.59901478290558
1.31479152441025
2.33635119795799
0.239122176170349
0.950355648994446
1.40037387609482
|FiveFeelerGenome
2
6
7
0.661875528097153
-1.49741639494896
2.54352667331696
-1.28399869799614
1.65141803026199
1.08676299452782
-2.71201803684235
7
2.46070500016212
1.7855924487114
1.68994112610817
-0.960173171758652
2.44781073927879
-2.05206110477448
-1.31497470140457
7
2.32631651163101
-2.85660879015923
-0.543768465518951
1.15046815872192
4.05513452887535
1.29570299386978
-0.990825766324997
7
2.15173064470291
-0.833922600746155
2.63680934906006
-3.59956084489822
-0.536013758182526
1.89271891713142
-0.528975600004196
7
-1.12303782105446
-1.73993743658066
0.564046716690063
0.235480892658234
-0.256985569000244
-3.54505277872086
-1.96259858012199
7
-0.929400110244751
-2.56210114955902
1.42010622024536
-0.203272014856339
0.418803316354752
1.17942794561386
-0.154949277639389
2
7
-0.00709299445152289
0.00103446841239921
-4.63465056419373
0.136318677663803
-1.74422414898872
0.761716091632843
2.39172760844231
7
0.655286997556687
-0.753584951162338
1.56557804942131
-0.170147824287415
2.09737101197243
-1.18609968423843
2.07088167667389
|FiveFeelerGenome
2
6
7
1.07820479273796
1.59655721187592
1.31765345931053
0.0960922360420227
0.359254896640777
-0.491861563920975
-2.78564276099205
7
2.10493035912514
2.45690180063248
1.68994112610817
-1.57762076258659
1.49208502173424
-1.64327607154846
-1.79305335283279
7
1.67440310716629
-0.9034548163414
1.38960689902306
2.05142651200294
3.2230680167675
1.09647857546806
-2.14861201643944
7
1.71156212091446
-0.707452869415283
3.21345996856689
-3.39120556116104
-0.536013758182526
2.03949075341225
-0.988169068098068
7
-0.557326537370682
-2.08382645845413
1.61687070727348
0.796932327747345
-0.640693521499633
-4.5174418091774
-3.03694173693657
7
0.125076228380203
-2.77975127100945
2.1762791454792
-0.0444034159183501
-0.0782003939151764
1.42148659825325
-2.19759876728058
2
7
-0.419830673933029
-0.63776341676712
-3.73147490024567
0.136318677663803
-1.28230870366096
1.21041804552078
2.4792972266674
7
1.05187492370605
0.459578591585159
2.76488214731216
1.68945936560631
-0.346378701925278
0.610795146226883
0.837561744451523
|FiveFeelerGenome
2
6
7
-0.154402410984039
-1.45862521529198
2.37596269249916
-1.28399869799614
1.06155091524124
1.59862403273582
-2.16134142875671
7
2.44744029641151
0.539831173419953
1.06211531758308
-1.04039189219475
1.78030554652214
-1.8479995906353
-0.836590921878815
7
2.81383661031723
-0.420174467563629
1.8579606115818
0.923741245269775
3.10826711058617
2.01829051375389
-2.18422703146935
7
2.00910888314247
-0.833922600746155
2.3788802087307
-3.19999009370804
-0.70925812125206
1.83928997516632
-0.733409923315048
7
0.515772986412048
-2.97812415361404
0.286481302976608
0.712501180171967
0.743924498558045
-3.35572524666786
-1.33316144347191
7
1.26055690646172
-3.04624490141869
1.23725722432137
0.136827278137207
0.0433366656303406
1.77209187150002
-2.87225385308266
2
7
-0.320885127782822
-0.409748327732086
-3.78150095939636
-0.888024687767029
0.0284824609756471
0.150972181558609
3.31533669829369
7
-1.83935621380806
2.30372564792633
0.748968303203583
1.62884003520012
0.210224968194962
1.05326680541038
1.61895159482956
