40
975
|2
6
5
-3.4803786456585
2.87784066200257
0.0833267927169836
-0.802615246176718
-1.36273294091225
5
-6.27936818301677
3.35486879050733
-1.89825141727926
-0.956163278222093
-1.00680024325847
5
-4.24601382911205
3.06451142132282
1.7787935912609
-3.31852898299693
-3.95226381123067
5
2.79549372792243
-1.37516644001007
-0.610493484139442
3.81202861368656
-0.632567152380934
5
-0.99925710856914
-1.89001024365425
-3.57803587317467
1.56810342371464
0.306586098670952
5
-0.200899776816365
1.5844730257988
2.62993959784507
1.42556869089602
-2.6178182065487
2
7
4.11795330047608
6.95531204044818
2.81954905390739
-7.00185928344727
1.24341145157814
0.264622488617897
-2.5983075529337
7
-1.6431061655283
0.895742291212085
-2.29903452694416
3.88019236326218
-0.310952889919288
1.39234840869904
3.39432940483094
|2
6
5
-3.81385919451714
3.44638485908509
0.0833267927169836
-0.647345885634421
-1.36273294091225
5
-6.27936818301677
3.35486879050733
-1.89825141727926
-1.36228334009648
-1.00680024325847
5
-4.41642763912678
3.06451142132282
1.7787935912609
-3.31852898299693
-3.95226381123067
5
2.56680429577827
-1.78536088466644
-0.610493484139442
3.81202861368656
-0.632567152380934
5
-0.99925710856914
-1.76146913170814
-3.57803587317467
1.56810342371464
0.199304962158196
5
0.169921270012859
1.13275626897812
2.94638575911521
1.49670967161654
-2.73725783228875
2
7
4.11795330047608
6.95531204044818
3.216416567564
-7.00185928344727
1.24341145157814
0.264622488617897
-2.5983075529337
7
-1.49652508795261
0.741273409128193
-2.20603509843349
4.63480853438378
-0.219549250602729
2.89211269617081
3.0533514738083
|2
6
5
-3.44861056208611
3.4355106830597
-0.0677078247070276
-2.09235402047634
-1.36273294091225
5
-6.19907135665416
3.88498859107496
-2.29796936810018
-0.73577403128148
-1.48818981349468
5
-4.80051038563252
2.82684130966663
1.36042706370353
-2.81145109236239
-4.03534248173238
5
2.6209625840187
-2.30616801977157
-0.208822169899941
4.39185523688792
-1.1084040313959
5
-1.72914018332958
-0.501489681005476
-3.52148943543434
0.349066534638408
0.47539796829223
5
-0.387143197655674
-0.717652720212936
2.07970739603042
3.18697263300418
-2.46197433471681
2
7
6.02861752510071
7.0929090052843
2.77187180519103
-6.150319647789
0.482124787569042
0.306858983635902
-3.97090755999089
7
-1.05206933915615
0.421431231498722
-2.64242592751979
3.83574272394181
-0.240800106525428
1.51938798427582
3.19908849596978
|2
6
5
-4.08202967047692
2.783726811409
0.0571280479431189
-2.04618175923824
-0.468755394220351
5
-5.33977656066417
3.72820403277875
-1.54960143864156
-0.511712232232101
-1.98304235637188
5
-2.76194842159748
3.36461606323719
1.97486199736594
-2.22004630267619
-2.81475985348225
5
3.35786848664283
-1.73057036399841
-0.187723842263222
3.81202861368656
-0.936442264914503
5
-0.790479698777194
-2.02818492054939
-3.57803587317467
1.53734449446202
0.266301250457756
5
-0.257501825690266
1.13275626897812
2.75771347284317
1.42556869089602
-2.91034483909608
2
7
5.78921626210213
6.33273164927958
3.13766589164733
-6.31652126312256
0.748023825883861
-0.0267762035131454
-3.87545426785947
7
-1.43648453652859
0.47268652915955
-2.97922440469264
3.34950243234635
-0.230373752117164
1.5514988899231
3.56036188006402
|2
6
5
-4.08202967047692
2.783726811409
0.0571280479431189
-2.04618175923824
-0.94780836701393
5
-5.33977656066417
3.72820403277875
-1.54960143864156
-0.511712232232101
-1.98304235637188
5
-3.17055671513081
3.36461606323719
1.97486199736594
-2.22004630267619
-3.36344425976277
5
3.35786848664283
-1.73057036399841
-0.187723842263222
3.81202861368656
-0.936442264914503
5
-0.99925710856914
-1.76146913170814
-3.57803587317467
1.53734449446202
0.266301250457756
5
0.237679877877239
1.13275626897812
2.75771347284317
1.42556869089602
-2.91034483909608
2
7
5.78921626210213
6.33273164927958
3.13766589164733
-6.31652126312256
0.748023825883861
-0.0267762035131454
-3.87545426785947
7
-1.43648453652859
0.47268652915955
-2.97922440469264
3.75284115076066
-0.240800106525428
1.5514988899231
3.56036188006402
|2
6
5
-3.81385919451714
3.44638485908509
0.0833267927169836
-0.860326084494589
-1.36273294091225
5
-6.27936818301677
3.35486879050733
-1.89825141727926
-1.30886868536473
-1.00680024325847
5
-4.41642763912678
3.06451142132282
1.7787935912609
-3.31852898299693
-3.95226381123067
5
2.40709362626075
-1.78536088466644
-0.610493484139442
3.81202861368656
-0.632567152380934
5
-0.593329307436938
-1.76146913170814
-3.57803587317467
1.56810342371464
0.199304962158196
5
0.169921270012859
1.13275626897812
2.94638575911521
1.49670967161654
-2.73725783228875
2
7
4.11795330047608
6.95531204044818
3.216416567564
-7.05615527629853
1.24341145157814
0.264622488617897
-2.5983075529337
7
-1.73038376271725
0.47268652915955
-2.68114779889583
4.2976648926735
-0.827007472515113
1.70688117146492
3.19908849596978
|2
6
5
-4.14762634634972
3.67064235210419
0.474102741479877
-1.00673886239529
-1.50152137875557
5
-8.23664263784885
3.89262920320035
-0.715425869822514
-2.31948439776898
-1.00723812282085
5
-5.66791653931141
3.74009585678577
2.42821187973022
-2.57787680327891
-4.06872897446156
5
2.6209625840187
-2.30616801977157
0.374520650506019
3.8871539980173
-2.03541223108768
5
-2.33177010715008
-0.95505408644676
-4.91644297242164
0.833654513955119
1.14191424846649
5
0.375009998679165
-0.876259607076645
2.58313800096512
3.50752801001071
-1.74636290073396
2
7
5.59701075553894
7.2191651791334
3.30432505607604
-6.5246119916439
0.328626757860179
-0.0267762035131454
-4.04668234288693
7
-1.49652508795261
0.971144139766697
-2.07595418393612
4.63480853438378
-0.219549250602729
2.89211269617081
3.0533514738083
|2
6
5
-4.25277780890466
3.38538561463356
-1.15089182853698
-1.01400945484638
-1.21981833577156
5
-5.33977656066417
3.8712701290846
-1.03702700436116
-0.322116103768356
-2.29078206717968
5
-3.16763868629932
2.65204217731953
2.6395265340805
-2.80922934710978
-4.15224947631359
5
3.23384634256362
-1.77811385989189
-0.626654043793678
3.81202861368656
-0.936442264914503
5
-1.46324236094951
-1.56614845395088
-3.57803587317467
1.15578157603741
0.266301250457756
5
-0.247836145758625
1.13275626897812
2.15922652482986
0.978209272027005
-2.42488964796068
2
7
5.59701075553894
6.90947560966014
2.89160014390945
-6.08494863510132
0.704679614305492
0.811578747630119
-3.78830513060094
7
-1.29661577641964
1.06023390889168
-2.84064989984035
4.12449082136155
1.11610817313194
1.08565602898598
3.70337932109834
|2
6
5
-4.30970873236657
3.93563394546509
1.36098652482033
-1.02425032556057
-1.42761443257332
5
-5.48220380842685
3.6092392653227
-0.670394924283042
-1.22769150435925
-1.60214755833148
5
-2.61617858707905
3.36461606323719
2.04676401019096
-1.83293373286723
-3.43419628441334
5
3.39601536393165
-1.73057036399841
-0.187723842263222
3.81202861368656
-0.880967244505872
5
-0.617925092577929
-1.76146913170814
-3.65536796450615
1.46204072535038
0.266301250457756
5
0.343692722916607
1.28929869532585
2.75771347284317
1.77740627825259
-2.44467616081239
2
7
5.78921626210213
5.82134439647196
3.13766589164733
-6.31652126312256
1.18502505421638
0.222704550623894
-3.827401599288
7
-2.09423292577267
0.47268652915955
-2.97922440469264
4.18223277330399
0.186555325984948
1.95489246845246
3.56036188006402
|2
6
5
-3.48837556242943
3.4355106830597
-0.49091713428497
-1.55521441400051
-1.36273294091225
5
-5.83235158622264
3.88498859107496
-2.29796936810018
-0.73577403128148
-1.99102353751659
5
-5.03829207718372
2.7265815526247
1.7787935912609
-2.90545792281627
-3.95654654800893
5
2.5650831580162
-2.55461481809616
-0.208822169899941
4.10827151834964
-1.11556917726993
5
-1.01067167818546
-0.501489681005476
-4.28861902356148
1.51989854872227
0.841445398330682
5
-0.198066058754917
-0.77769221663475
1.47836736440658
3.98167246878146
-2.18128647208215
2
7
4.751472312212
7.02081614434718
2.26005269885062
-5.95837699770927
1.74864800572395
1.14659419953823
-2.95786367952825
7
-1.79145771563053
0.0955399036407498
-3.39124005138874
4.06928436160088
0.564486354589455
0.0572471678256989
2.68824855685234
|2
6
5
-4.42659675478936
2.81771075725556
-0.985076522827145
-1.21750427186489
-1.21981833577156
5
-4.90876611769199
3.65721785128117
-0.564894917607322
-0.763009235262875
-1.67854903042315
5
-4.66431052982807
3.06451142132282
1.98201031684874
-2.90545792281627
-4.01383109390737
5
1.94085608720779
-1.83942631483078
-0.208822169899941
4.10827151834964
-1.5089827209711
5
-1.93474094569683
-0.501489681005476
-4.30647003650665
1.35891449153424
1.41843880414962
5
-0.332475271821018
-1.21962198615074
2.13957258462906
2.99924046099185
-2.60950984954835
2
7
4.57388792037964
6.44475357234477
3.5442148387432
-8.43404839038849
0.19942217469215
0.530914130806923
-3.51567110121251
7
-1.05206933915615
0.421431231498722
-2.64242592751979
3.83574272394181
-0.240800106525428
2.14379850029946
3.19908849596978
|2
6
5
-3.65514337420464
2.4850781083107
-1.69269928336143
-1.4054401487112
-1.5914183139801
5
-7.32417360246181
3.80733479559422
-0.374283501505867
-1.41471450030805
-1.06462616622447
5
-4.29404444992542
4.30170457661151
2.39918859004974
-3.15462426841258
-4.10056915581227
5
2.0304908812046
-2.27917328476905
0.115680685639381
3.50420841872692
-0.199316242337221
5
-0.270397922396655
-1.70366801023483
-4.07442982792854
-0.0196959346532803
1.69030316472053
5
0.286293038725857
0.0368165552616114
2.9890977203846
1.88058320581912
-3.10429320931436
2
7
4.06351645588876
6.03057622611522
4.12948913574218
-7.29902701377868
1.11352058053016
1.1608547180891
-3.45609575212003
7
-0.943399676680563
-0.971196579933163
-2.61750709712505
4.8531905591488
0.428898489475243
2.14484701156616
4.32085958123207
|2
6
5
-3.35054892897606
3.06039422154427
0.0833267927169836
-0.802615246176718
-1.36273294091225
5
-5.71569816768169
3.35486879050733
-1.59676025211813
-1.24688419401647
-1.00680024325847
5
-4.20488075911999
3.73584344685077
2.39918859004974
-3.0927078694105
-3.81782162487507
5
2.0304908812046
-2.2458945095539
-0.0863355547189713
3.50420841872692
0.0421381443738996
5
-0.270397922396655
-1.70366801023483
-4.07442982792854
0.561551061272623
1.39727526307105
5
0.286293038725857
0.0368165552616114
2.9890977203846
1.88058320581912
-3.10429320931436
2
7
4.18178048729897
6.13211443126201
3.87406473159789
-7.4394553899765
1.11352058053016
1.22939817607403
-2.98463207185269
7
-0.943399676680563
-0.191784387826916
-2.61750709712505
4.8531905591488
0.428898489475243
2.14484701156616
4.32085958123207
|2
6
5
-4.42659675478936
3.67308859825134
-0.294950222969052
-1.21750427186489
-1.21981833577156
5
-4.56489490568637
3.65721785128117
-0.564894917607322
-0.763009235262875
-1.64451752007007
5
-5.8243343859911
3.06451142132282
0.925847405195226
-2.63612932264804
-4.38500025570394
5
2.09354022741317
-2.25216907262802
-0.740209689736367
4.22572688162326
-1.34317478239536
5
-1.63846943080425
-0.501489681005476
-4.30647003650665
1.57085334956646
1.13899205327033
5
0.583116355538372
0.927086842060089
3.35358258485794
1.42556869089602
-2.74329816699029
2
7
5.84527872204781
7.44920837581156
2.55270448327064
-5.84358565807342
1.22898810505867
-0.997357013821602
-4.1216252475977
7
-1.26586446464062
0.0128448426723511
-2.75870344340801
4.79569594264032
0.110334384441369
2.671310120821
3.69337444901467
|2
6
5
-3.44861056208611
2.64671213626862
0.0833267927169836
-1.78074922859669
-2.046283608675
5
-6.27535359561443
3.35486879050733
-2.29796936810018
-0.73577403128148
-1.59965440928936
5
-4.36919794380665
3.06451142132282
2.41711191534995
-2.90545792281627
-3.95226381123067
5
3.38886144757271
-3.39258363842964
0.292243513464928
3.62067488729954
-0.558712831139555
5
-1.30927698314189
-1.61008913516998
-3.57803587317467
2.06994859278202
0.411453676223748
5
0.564860168099407
-1.08673757314682
2.2147919356823
3.03994552195071
-2.66467931270601
2
7
4.11795330047608
7.12750887572764
2.28762523531913
-6.9309267282486
1.40052450895309
-0.292919930815697
-3.01852115690709
7
-1.64350865781307
-0.118989378213879
-2.22768528163433
4.88932499289514
0.261418068408959
1.67755706310272
3.67011812329292
|2
6
5
-4.46781200766564
2.88842043876648
0.0571280479431189
-2.04618175923824
-0.94780836701393
5
-5.33977656066417
4.61769320666791
-1.54960143864156
-0.511712232232101
-2.56121875941753
5
-3.17055671513081
2.90784688293934
1.97486199736594
-2.22004630267619
-3.36344425976277
5
3.35786848664283
-1.73057036399841
-0.187723842263222
3.81202861368656
-1.45610917508601
5
-0.56958489120006
-2.01232412457466
-3.57803587317467
1.53734449446202
-0.176600122451789
5
0.583116355538372
0.805755078792571
2.75771347284317
1.91033956110476
-2.91034483909608
2
7
4.18178048729897
6.13211443126201
4.02820355892181
-7.4394553899765
1.11352058053016
1.1608547180891
-2.9421510308981
7
-0.943399676680563
-0.440805125236508
-2.61750709712505
5.02384870052339
0.428898489475243
2.14484701156616
4.32085958123207
|2
6
5
-3.4803786456585
3.06039422154427
0.0833267927169836
-0.802615246176718
-1.36273294091225
5
-5.6540712326765
3.35486879050733
-1.59676025211813
-1.24688419401647
-1.00680024325847
5
-4.43156874477863
3.44140363037586
2.39918859004974
-2.59656672179698
-3.71075384914875
5
2.0304908812046
-2.27917328476905
-0.0863355547189713
3.38658611476421
0.0421381443738996
5
-0.43931750953197
-1.70366801023483
-3.68796585202217
0.561551061272623
1.39727526307105
5
0.286293038725857
0.0368165552616114
3.13110323548317
1.88058320581912
-3.10429320931436
2
7
5.59701075553894
6.88330390155314
2.88050797581672
-6.48970207571983
0.332402878999706
-0.403457912802696
-3.89322241842748
7
-1.05206933915615
0.960603022575382
-2.64242592751979
4.12900623083115
0.141281068325036
2.05013356208802
3.19908849596978
|2
6
5
-3.4803786456585
2.88863937854767
0.0833267927169836
-1.31184013783932
-1.36273294091225
5
-6.27936818301677
3.35486879050733
-1.89398384392263
-0.956163278222093
-1.34842340648174
5
-4.02941295206547
3.06451142132282
1.7787935912609
-2.76352872550486
-3.95226381123067
5
2.80862802267074
-1.78536088466644
-0.610493484139442
3.81202861368656
-0.632567152380934
5
-0.98982381522655
-1.76146913170814
-3.57803587317467
1.74533805549145
0.306586098670952
5
0.143678751587871
1.13275626897812
3.34767112135887
1.42556869089602
-2.73725783228875
2
7
5.59701075553894
7.44920837581156
2.77001965045928
-6.150319647789
0.33936403393745
-0.0267762035131454
-4.1216252475977
7
-1.26586446464062
0.367643302679065
-2.16345989406109
5.18418287634851
-0.196783483028419
2.45097846984863
3.85184651017189
|2
6
5
-4.79627811312676
2.97909948825836
-1.15766723155975
-1.21750427186489
-1.21981833577156
5
-4.56489490568637
3.98331109583378
-0.564894917607322
-0.701546308398251
-2.05950274765491
5
-5.66461069881916
3.06451142132282
1.77885767817496
-2.63612932264804
-3.95226381123067
5
2.26113630533218
-1.72365823984146
-0.208822169899941
4.10827151834964
-1.5089827209711
5
-1.63846943080425
-0.90958928465843
-4.28018116950989
1.27797670662403
1.13899205327033
5
0.277907738089565
-1.13299872279167
2.13957258462906
3.43882834017276
-2.34150760173799
2
7
4.11795330047608
6.95531204044818
2.92449545264243
-7.00185928344727
1.07939994931221
-0.0200932830572129
-2.5983075529337
7
-1.49652508795261
1.27362423539162
-2.20603509843349
4.12872125506402
-0.219549250602729
3.28211268186569
3.0533514738083
|2
6
5
-2.99600259661675
2.99673683643341
0.0833267927169836
-1.39258394539356
-1.30935349464416
5
-6.27535359561443
2.95923537909986
-2.29796936810018
-0.73577403128148
-1.59965440928936
5
-4.5546388655901
3.73584344685077
2.42821187973022
-2.57787680327891
-3.63981027901173
5
2.6209625840187
-2.30616801977157
0.42250345647335
4.10827151834964
-2.03541223108768
5
-2.29069103896618
-0.501489681005476
-4.91644297242164
0.423498979210856
1.92843227386474
5
-0.198066058754917
-1.21962198615074
2.58313800096512
3.50752801001071
-1.74636290073396
2
7
5.59701075553894
7.1495951861143
3.30432505607604
-6.5246119916439
0.476829963922496
-0.0267762035131454
-3.95756498277188
7
-1.61652527749539
0.47268652915955
-2.76492184102534
4.09062660932542
-0.650295406579978
1.36952965855599
3.19908849596978
|2
6
5
-4.22990114092827
3.49117045402527
0.474102741479877
-1.41210289895534
-1.87263768315315
5
-7.96195618212223
3.89262920320035
-0.715425869822514
-1.93680069148541
-0.841651573777194
5
-4.36919794380665
3.06451142132282
2.41711191534995
-2.90545792281627
-4.0024201899767
5
3.38886144757271
-3.39258363842964
0.292243513464928
3.0907048612833
-0.715341177582731
5
-1.03281883895397
-1.61008913516998
-3.57803587317467
2.06994859278202
0.411453676223748
5
0.564860168099407
-1.08673757314682
1.71234709620476
3.03994552195071
-2.66467931270601
2
7
5.84527872204781
7.44920837581156
2.55270448327064
-5.84358565807342
1.22898810505867
-0.997357013821602
-3.61670219004155
7
-1.26586446464062
0.0128448426723511
-2.75870344340801
4.79569594264032
-0.726713669300086
2.671310120821
3.69337444901467
|2
6
5
-4.27591196894646
3.93563394546509
1.36098652482033
-1.02425032556057
-1.42761443257332
5
-5.33977656066417
3.56979798972607
-1.03702700436116
-0.316691389679916
-1.6944933861494
5
-3.16763868629932
2.65204217731953
2.6395265340805
-3.04852151572703
-4.15224947631359
5
2.66744905710219
-1.77811385989189
-0.626654043793678
3.81202861368656
-0.936442264914503
5
-1.46324236094951
-1.56614845395088
-3.57803587317467
1.71750266253949
0.266301250457756
5
-0.337285241484638
1.13275626897812
2.15922652482986
0.978209272027005
-2.42488964796068
2
7
5.59701075553894
7.34466166198252
2.81076415777206
-6.35960748195648
0.704679614305492
0.811578747630119
-3.78830513060094
7
-1.43648453652859
0.47268652915955
-3.30577233731746
4.11420807242394
-0.240800106525428
1.78305519223214
3.19908849596978
|2
6
5
-3.81385919451714
2.87784066200257
-0.466137385368343
-0.987563714385031
-1.57001970410347
5
-6.27936818301677
3.21323964297773
-2.07903559505941
-1.35991226732732
-1.48436705768108
5
-4.32309778034687
3.93994639217853
2.03066603541373
-2.6921180218458
-3.9289737969637
5
2.02757612466812
-1.71805730462074
-0.51719495356083
3.57095252573489
-1.5089827209711
5
-1.72914018332958
-0.501489681005476
-4.14961708188057
0.315650215744975
1.20915350914001
5
-0.198066058754917
-1.21962198615074
2.13957258462906
3.38340252935886
-2.11897959709169
2
7
5.3259652376175
6.39192650020121
2.72607426643371
-6.48970207571983
0.656234395503994
-0.185384091734886
-3.63333775103093
7
-1.29661577641964
1.06023390889168
-2.84064989984035
4.12449082136155
1.11610817313194
1.57996454834938
3.40366229414941
|2
6
5
-3.44861056208611
2.87784066200257
0.0802049875259436
-1.55521441400051
-1.36273294091225
5
-6.92922136485576
4.49280140101911
-2.21535797417165
-0.73577403128148
-1.4488603323698
5
-3.65442859828472
3.06767796576023
3.56378534436225
-2.48528635799884
-3.35303721725941
5
3.84193316698074
-0.0639198720455166
-0.967116937041282
2.71843964159489
-1.58912705481051
5
-1.51431741416454
-1.67849124073982
-4.18847372531891
1.58377515971661
0.882757139205926
5
-0.493322607874867
1.8416818678379
1.72784143090247
1.77328025400637
-2.60468979477883
2
7
5.1016902923584
6.21716119945048
3.46555716395377
-7.00185928344727
1.73440311551094
0.264622488617897
-2.98429287970067
7
-1.45761633813381
-0.678019815683361
-2.93090092241764
5.45587800741197
-0.0853303313255379
2.07776246070862
4.42760291695595
|2
6
5
-4.46781200766564
2.88842043876648
0.0571280479431189
-2.04618175923824
-0.94780836701393
5
-5.33977656066417
4.61769320666791
-1.54960143864156
-0.511712232232101
-2.56121875941753
5
-3.17055671513081
3.53059700429439
1.97486199736594
-2.22004630267619
-3.36344425976277
5
3.35786848664283
-1.73057036399841
-0.187723842263222
3.81202861368656
-1.45610917508601
5
-1.09615981280803
-1.76146913170814
-3.57803587317467
1.53734449446202
-0.0600542783737255
5
0.583116355538372
0.734178292751312
2.5318342089653
1.91033956110476
-2.91034483909608
2
7
5.00437545776368
7.40364687144755
2.88050797581672
-6.48970207571983
0.332402878999706
-0.323799809813499
-3.92697319090367
7
-1.05206933915615
0.421431231498722
-2.64242592751979
4.74142600297929
0.141281068325036
2.05013356208802
3.19908849596978
|2
6
5
-4.82152971625329
2.88842043876648
0.138067460060123
-2.04618175923824
-0.94780836701393
5
-5.91366700828075
4.09215347468854
-1.36467194259168
-0.511712232232101
-1.98304235637188
5
-3.17055671513081
3.36461606323719
1.97486199736594
-2.22004630267619
-3.54349637329579
5
3.4637264072895
-1.18242554664612
-0.187723842263222
4.3422994762659
-1.45610917508601
5
-0.99925710856914
-1.76146913170814
-3.55618259310723
1.29699031412602
-0.176600122451789
5
-0.198066058754917
-1.21962198615074
2.13957258462906
3.43882834017276
-2.6899312734604
2
7
5.59701075553894
7.79977752864359
2.77001965045928
-6.29616894721985
0.33936403393745
-0.0267762035131454
-4.1216252475977
7
-1.29661577641964
1.06023390889168
-2.49165545403957
4.44061869382859
1.11610817313194
1.65212033390999
3.40366229414941
|2
6
5
-4.27591196894646
3.93563394546509
1.36098652482033
-1.33282023370266
-1.42761443257332
5
-5.33977656066417
3.56979798972607
-1.03702700436116
-0.316691389679916
-1.6944933861494
5
-3.16763868629932
2.65204217731953
2.6395265340805
-2.80922934710978
-4.15224947631359
5
3.23384634256362
-1.77811385989189
-0.626654043793678
3.81202861368656
-0.936442264914503
5
-1.46324236094951
-1.04686806797981
-3.57803587317467
1.71750266253949
0.266301250457756
5
-0.247836145758625
1.13275626897812
2.15922652482986
0.978209272027005
-2.42488964796068
2
7
5.59701075553894
7.34466166198252
2.29148005247116
-6.08494863510132
0.704679614305492
0.811578747630119
-3.78830513060094
7
-2.02498706877232
1.15275361537934
-2.21150939762592
4.31749956011773
-0.593492996692664
1.70897880196572
3.23258621096612
|2
6
5
-3.44861056208611
3.44561867713929
0.389207553863529
-0.476609763503073
-1.36273294091225
5
-4.60684122145175
3.65721785128117
-0.564894917607322
-1.21947328746319
-2.05950274765491
5
-6.17842138111591
2.70760696232319
1.4451389491558
-2.63612932264804
-3.95226381123067
5
2.26113630533218
-1.83942631483078
-0.208822169899941
4.36524123251437
-1.26734460294246
5
-2.31757664382457
-0.974054425954817
-4.78078472614288
1.01440183818341
1.80256940126418
5
-0.555573192238804
-1.21962198615074
2.68474823236465
3.8044200092554
-2.34150760173799
2
7
3.59834568500519
5.17593731582164
3.76439921855926
-7.298850274086
0.936342722177505
-0.104202350974083
-3.40871485173703
7
-0.818300572037696
0.85736773014069
-2.37459269464016
4.52215525507928
-0.745457822084434
1.6354513168335
1.72908367514611
|2
6
5
-3.61865774989129
2.62029366493225
-0.367619794607159
-0.547162446379661
-1.8374224960804
5
-7.72583810389042
2.58332598507405
-0.156553718447698
-2.05973691642285
-1.233543536067
5
-5.03829207718372
3.06451142132282
1.7787935912609
-2.90545792281627
-3.95226381123067
5
2.29162665605545
-2.56434079408645
0.931953778862953
4.28579811751842
-0.928539386391632
5
-1.9089374512434
-0.233110153675077
-4.4911703646183
0.722830572724345
1.00388639569282
5
-0.198066058754917
-1.21962198615074
2.13957258462906
3.50752801001071
-2.34150760173799
2
7
6.01662039756775
7.38560898005961
2.65951535701751
-5.98537439703941
0.712501561641689
-0.0267762035131454
-3.53275938332082
7
-1.92444616258145
0.47268652915955
-3.34957438409328
3.75284115076066
-0.240800106525428
1.52644605636597
3.56036188006402
|2
6
5
-3.44861056208611
2.99673683643341
0.0833267927169836
-1.39258394539356
-1.02922285199165
5
-6.27535359561443
3.35486879050733
-2.29796936810018
-0.73577403128148
-1.59965440928936
5
-4.36919794380665
3.06451142132282
2.41711191534995
-2.90545792281627
-3.95226381123067
5
3.38886144757271
-3.41991477608681
0.292243513464928
3.62067488729954
-1.15219670832156
5
-0.848546162247653
-1.61008913516998
-3.57803587317467
2.06994859278202
0.411453676223748
5
0.564860168099407
-1.08673757314682
1.71234709620476
3.03994552195071
-2.66467931270601
2
7
5.77076252102852
7.2191651791334
3.30432505607604
-6.5246119916439
0.328626757860179
-0.0267762035131454
-4.04668234288693
7
-1.05594981610775
0.47268652915955
-2.33721621930598
4.12053989171983
-0.827007472515113
1.70688117146492
3.19908849596978
|2
6
5
-4.59395915865899
3.28937270641327
-0.0652202546596494
-1.00673886239529
-1.87263768315315
5
-7.96195618212223
3.89262920320035
-0.943606111407292
-1.93680069148541
-0.823956432938571
5
-5.10329251587391
3.87683615982532
2.42821187973022
-2.57787680327891
-3.40160538852215
5
2.6209625840187
-2.30616801977157
0.0609440416097637
4.10827151834964
-2.03541223108768
5
-2.5990898579359
-0.501489681005476
-4.91644297242164
0.151645222306254
1.35333318710327
5
-0.198066058754917
-1.21962198615074
2.58313800096512
3.55529672205447
-1.84606618881227
2
7
5.84527872204781
7.44920837581156
2.55270448327064
-5.84358565807342
1.73800042271614
-0.997357013821602
-4.1216252475977
7
-1.26586446464062
0.0128448426723511
-2.75870344340801
4.79569594264032
-0.371446430683143
2.671310120821
3.69337444901467
|2
6
5
-3.4803786456585
2.59347279071808
0.0833267927169836
-0.802615246176718
-1.36273294091225
5
-6.27936818301677
3.35486879050733
-1.89825141727926
-0.956163278222093
-1.00680024325847
5
-4.24601382911205
3.06451142132282
1.7787935912609
-3.31852898299693
-3.95226381123067
5
2.79549372792243
-1.37516644001007
-0.610493484139442
3.81202861368656
-1.15146759450435
5
-0.99925710856914
-2.05070853829383
-3.57803587317467
1.56810342371464
0.306586098670952
5
0.343692722916607
1.07127832174301
2.75771347284317
1.77740627825259
-2.44467616081239
2
7
5.78921626210213
5.82134439647196
3.13766589164733
-6.31652126312256
1.18502505421638
-0.537260803580284
-3.827401599288
7
-2.09423292577267
0.47268652915955
-2.97922440469264
4.18223277330399
-0.255230677127845
1.18783977031708
3.56036188006402
|2
6
5
-4.25277780890466
3.38538561463356
-1.15089182853698
-1.21045156419277
-1.21981833577156
5
-5.48220380842685
3.6092392653227
-0.670394924283042
-1.22769150435925
-1.79878015816211
5
-3.17758910953999
3.36461606323719
2.04676401019096
-1.83293373286723
-3.43419628441334
5
3.39601536393165
-1.73057036399841
-0.187723842263222
3.92209366858005
-0.349760255217542
5
-1.38758425414562
-1.76146913170814
-3.65536796450615
1.46204072535038
0.266301250457756
5
-0.200899776816365
1.5844730257988
2.62993959784507
1.42556869089602
-3.10059809088708
2
7
4.11795330047608
7.08828945457934
2.81954905390739
-7.41999793052674
1.24341145157814
0.097048869729042
-2.5983075529337
7
-1.6431061655283
0.895742291212085
-2.89613402187824
3.88019236326218
-0.310952889919288
1.39234840869904
3.39432940483094
|2
6
5
-2.9849317252636
3.4355106830597
-0.49091713428497
-1.55521441400051
-1.36273294091225
5
-5.83235158622264
3.39277176558973
-2.29796936810018
-0.73577403128148
-1.99102353751659
5
-5.03829207718372
2.7265815526247
1.7787935912609
-2.90545792281627
-3.9568142682314
5
1.76187657117843
-1.83942631483078
-0.208822169899941
4.10827151834964
-1.5089827209711
5
-1.65411500632763
-0.501489681005476
-4.5069803237915
1.35891449153424
1.1416321337223
5
-0.332475271821018
-1.21962198615074
2.13957258462906
2.99924046099185
-2.60950984954835
2
7
4.57388792037964
6.44475357234477
3.4594638288021
-8.43404839038849
0.19942217469215
0.530914130806923
-3.51567110121251
7
-0.720744857192042
0.421431231498722
-2.64242592751979
3.69038308858872
-0.240800106525428
1.59791655540467
3.1610534131527
|2
6
5
-3.4803786456585
2.87784066200257
0.0833267927169836
-0.802615246176718
-1.78530946373939
5
-6.24390859305858
3.35486879050733
-1.89825141727926
-0.956163278222093
-1.00680024325847
5
-4.24601382911205
3.06451142132282
2.26743385195731
-3.31852898299693
-3.95226381123067
5
2.79549372792243
-1.37516644001007
-0.676527824997902
3.81202861368656
-0.632567152380934
5
-0.99925710856914
-1.37609384655952
-3.32776318788529
1.56810342371464
0.894888663291924
5
-0.200899776816365
1.21142553091049
2.84689996242523
1.42556869089602
-2.6178182065487
2
7
4.11795330047608
6.95531204044818
2.81954905390739
-7.00185928344727
1.24341145157814
0.264622488617897
-2.5983075529337
7
-1.6431061655283
0.895742291212085
-2.29903452694416
3.29332102537156
-0.310952889919288
1.39234840869904
3.39432940483094
|2
6
5
-4.27591196894646
3.93563394546509
1.36098652482033
-1.02425032556057
-1.42761443257332
5
-5.33977656066417
3.56979798972607
-1.03702700436116
-0.316691389679916
-1.6944933861494
5
-3.16763868629932
2.65204217731953
2.52709083557128
-2.80922934710978
-3.96760264933109
5
3.23384634256362
-1.77811385989189
-0.626654043793678
3.81202861368656
-0.936442264914503
5
-1.42060517966747
-1.30436129570007
-3.57803587317467
1.71750266253949
0.266301250457756
5
-0.247836145758625
1.13275626897812
2.15922652482986
0.978209272027005
-2.42488964796068
2
7
5.59701075553894
7.34466166198252
2.81076415777206
-6.08494863510132
1.23351624608039
0.811578747630119
-3.9073918491602
7
-1.43648453652859
0.47268652915955
-3.33306306302547
3.93554335832597
-0.75003658533097
2.01628075838089
2.80792729258538
|2
6
5
-4.39104539752007
2.87784066200257
-0.466137385368343
-0.987563714385031
-1.57001970410347
5
-5.98855237066745
3.35486879050733
-2.0599695235491
-0.956163278222093
-0.831776180863377
5
-4.32309778034687
3.93994639217853
2.03066603541373
-2.52191521227358
-4.69310610592366
5
3.48203130364418
-3.39258363842964
0.292243513464928
3.62067488729954
-0.70526365339755
5
-1.15275392234325
-1.37700844407081
-3.57803587317467
2.06994859278202
0.306586098670952
5
0.564860168099407
-0.97979861497879
2.04171792864799
3.03994552195071
-2.66467931270601
2
7
6.24423893094063
7.44920837581156
2.55270448327064
-5.84358565807342
1.76112306714057
-1.17744465768337
-4.02274493277074
7
-1.29661577641964
1.06023390889168
-3.22000280320644
4.12449082136155
1.11610817313194
1.57996454834938
3.40366229414941
|2
6
5
-4.25277780890466
3.38538561463356
-1.15089182853698
-1.21045156419277
-1.25651403069496
5
-7.55030762255192
3.26059876382352
-0.339282104372991
-1.92563619315625
-0.674242159724231
5
-3.54654662907124
3.73584344685077
2.0942959010601
-2.8040576905012
-3.70307572185994
5
2.84190552830696
-3.05326776504516
0.662362465262413
3.81331891715526
-0.088308033347124
5
-1.42054130733013
-1.39382530450821
-4.35511263012886
0.760614886879923
1.21669850945472
5
-0.480879822373387
-0.169170373678208
2.84568172097206
2.27039497196673
-3.45742169022561
2
7
4.65919425487519
6.73712930381297
3.4594638288021
-7.35131680369377
0.498473012447353
0.530914130806923
-3.01852158606053
7
-1.03354391157627
1.27362423539162
-2.20603509843349
3.7122403562069
-0.219549250602729
3.28211268186569
3.0533514738083
|2
6
5
-4.63775040507317
3.25610501766205
0.972041326761249
-1.00207725465298
-1.43778794407844
5
-5.48220380842685
3.6092392653227
-0.670394924283042
-1.22769150435925
-1.86770005524158
5
-2.61617858707905
3.36461606323719
2.04676401019096
-2.42078582942485
-3.43419628441334
5
3.39601536393165
-1.73057036399841
-0.187723842263222
3.81202861368656
-0.880967244505872
5
-1.10892355144023
-1.76146913170814
-3.65536796450615
1.46204072535038
0.855672836303704
5
0.343692722916607
1.07127832174301
2.75771347284317
1.5719488531351
-2.44467616081239
2
7
5.78921626210213
5.82134439647196
3.22723529338836
-6.31652126312256
1.18502505421638
-0.0267762035131454
-3.827401599288
7
-2.09423292577267
0.47268652915955
-2.97922440469264
4.18223277330399
0.186555325984948
1.59034335613251
3.56036188006402
|2
6
5
-3.21893638372422
3.06039422154427
-0.184802198410031
-0.802615246176718
-1.36273294091225
5
-5.71569816768169
3.35486879050733
-1.25917413532735
-1.24688419401647
-1.00680024325847
5
-4.43156874477863
3.73584344685077
2.39918859004974
-2.59656672179698
-4.19209406673909
5
1.95475566983223
-2.27917328476905
-0.0863355547189713
3.50420841872692
0.0421381443738996
5
-0.270397922396655
-1.70366801023483
-4.07442982792854
0.859784790873529
1.39727526307105
5
0.186859402060512
0.0368165552616114
2.9890977203846
1.97909545004367
-3.10429320931436
2
7
5.59701075553894
7.07675282657145
2.8506007194519
-6.150319647789
0.33936403393745
-0.0369824022054671
-3.8340677112341
7
-1.26586446464062
0.367643302679065
-1.12879290282726
5.45073937773706
-0.196783483028419
2.9693657875061
3.85184651017189

