50
500
|FiveFeelerGenome
2
6
7
8.10167781710625
1.07617091536522
-1.28509923219681
-1.23420400023461
2.37069557309151
-1.66150787472725
-1.85244590044022
7
-7.26211401224136
-1.20867410302162
2.24210972189903
-4.51530281901359
1.6864128112793
-1.95775263309479
2.31127101182938
7
2.57212812900543
-2.83578104376793
-3.40757091045379
0.0879250407218961
1.80694689750671
2.88514719605446
0.70818384885788
7
6.03208814263344
-1.11599010229111
0.471701735258103
-0.996220552921296
-1.2733429312706
0.89908812046051
1.87622182965279
7
-7.90415243506432
-0.486297696828842
0.702558249235154
-2.97988436222076
0.186233466863633
4.06636135578156
-4.10781013965606
7
2.25200886726379
-6.41599580049515
-5.82300282120705
0.175469273328782
6.86183488368988
2.47386158704758
4.16547022461891
2
7
-4.86629707813263
6.48761993646621
-7.01665954589843
-5.0365529358387
1.19956443309784
0.351914250850679
3.95695521831513
7
-0.357265341281892
0.584600538015367
0.65430884361267
6.06225459575653
-0.901009833812715
-0.263404554128647
6.69610437750816
|FiveFeelerGenome
2
6
7
9.18373836874962
1.55577533245087
-0.887187373638153
-2.52482295036316
4.78279694914818
-1.77351642251015
-2.49012403488159
7
-8.48081607222557
-2.52128251791
2.93836224079132
-3.0437542617321
2.35939376950264
-1.61145784854889
0.593360626697541
7
2.57212812900543
-2.83578104376793
-2.83525431156158
0.302689301967624
1.46182084083557
3.30351515412331
0.532711374759675
7
4.94875100255012
-1.42544885873795
0.923680186271668
-1.4827359855175
-0.640835130214691
1.54968767166138
1.55471675395966
7
-8.01348056197167
-0.650259846448898
0.702558249235154
-3.11697449684143
0.0931365668773656
4.40466601848603
-4.10781013965606
7
4.24223942756653
-5.53452929258347
-4.84148435592651
-1.37393606901169
6.83311416506767
2.83592098355293
3.83214955329895
2
7
-4.86629707813263
6.48761993646621
-6.76928450465202
-4.62128403782844
1.90354223251343
0.120960104465486
4.00842866897583
7
-0.357265341281892
0.584600538015367
0.65430884361267
5.7418032169342
-1.42774933576584
-0.703754037618637
6.69610437750816
|FiveFeelerGenome
2
6
7
8.10167781710625
1.07617091536522
-1.28509923219681
-1.23420400023461
2.37069557309151
-1.66150787472725
-1.85244590044022
7
-7.21825102567672
-1.36980503797531
2.29893371462822
-4.88755823969841
1.81551511287689
-1.62935612201691
2.49262717962265
7
3.41940197944641
-2.21517608165741
-2.10409459471702
-3.06225355863571
4.39839886426926
3.30510150194168
0.577025383710862
7
5.62723715901375
-1.86714066267014
1.46795974373818
-0.610440933704377
-2.11672641634941
1.87347929477692
1.53729010224342
7
-6.42779693007469
2.02455776929855
0.0537429749965673
0.223986643552781
-1.16382747292519
3.51078842878342
-3.5717349588871
7
4.42874420285225
-5.6915193259716
-4.51089699864387
-1.37393606901169
6.83339547514915
2.63678513169289
2.88845100402832
2
7
-4.86629707813263
6.48761993646621
-7.01665954589843
-4.62128403782844
1.44403491020203
0.120960104465486
4.00842866897583
7
0.365886944532393
0.212157398462297
2.33857755064964
5.47625485062599
-1.1623276412487
-0.499149286746979
6.09638638496399
|FiveFeelerGenome
2
6
7
8.00370201468468
1.62510215640068
-1.72737153768539
-1.37920443415642
3.33414726853371
-1.61666741967201
-0.187590825557708
7
-8.48081607222557
-2.52128251791
2.93836224079132
-3.0437542617321
2.35939376950264
-1.61145784854889
0.593360626697541
7
2.57212812900543
-2.83578104376793
-2.83525431156158
0.302689301967624
0.876686859130858
3.28929336667061
0.169514811038972
7
5.60803046822548
-1.11599010229111
0.966298216581345
-0.996220552921296
-1.2733429312706
1.10047608017921
2.42133954167366
7
-5.29096829891205
2.3964537024498
-1.49893596768379
-0.647260504961013
-1.23097816705704
2.96486989855766
-2.39993345141411
7
4.24223942756653
-5.6915193259716
-5.50582545399666
-1.37393606901169
6.44413270354271
3.04531632065773
3.83214955329895
2
7
-6.88700355887413
6.83117024898529
-4.08750296235084
-2.51700019240379
4.77110812664032
-1.45158558487892
4.84024240970612
7
0.0402314364910116
0.362748271226884
2.49000863432884
5.73239844441414
-0.254032838344575
-0.221596372127533
6.09638638496399
|FiveFeelerGenome
2
6
7
8.26046385765076
1.89735681414604
-1.65849169492722
-1.37920443415642
2.81214261651039
-1.48382905125618
-1.75447630286217
7
-7.57388316988945
-1.95269469022751
3.54293574690819
-3.22878183722496
1.06788268089294
-1.62935612201691
2.50462681055069
7
3.61937351822853
-1.60086460113526
-3.27520791888237
-2.45581332445144
4.08598492145538
2.22023192644119
1.24941026568413
7
6.59996232390404
0.796217286586761
-0.701089596748352
-2.4896012544632
0.906235563755035
1.11953634023666
0.259011566638947
7
-5.83115296363831
1.08873928189278
0.173528015613556
-3.09513253569603
0.00367423892021213
5.79591987729073
-2.70569980740547
7
4.13152234554291
-5.97296437621117
-4.82309396862984
-1.37393606901169
6.83339547514915
3.21062064766884
3.2270842730999
2
7
-6.21145406365394
5.203779733181
-6.29495715498924
-4.78114256858826
1.73305587768555
-0.316073954105376
4.61915079951287
7
0.462073552608489
0.0562967002391826
0.5603698015213
4.63600146770477
-0.885568964481355
-1.53586975932121
4.58834860920906
|FiveFeelerGenome
2
6
7
9.96472718119621
1.36744393706322
-1.00305522680283
-2.4370275259018
4.78279694914818
-0.867725425958633
-2.93558809757233
7
-6.65848864912986
-2.06182853579521
3.52480544447899
-2.58918948173523
0.349588572978973
-0.828559964895249
2.33712049722672
7
3.79890399575233
-1.87168960571289
-1.42731074690819
-1.4309801697731
4.60388128757477
2.38358970284462
0.60329796075821
7
5.44857450127602
-0.617445123195648
0.471701735258103
-0.996220552921296
-1.86926797628403
0.89908812046051
1.64646015763283
7
-5.11278058886528
0.669461017847061
0.756367027759552
-2.91808292269707
0.084227412939072
5.39477146863938
-2.85218123197555
7
1.3993088722229
-6.73988305330277
-5.82300282120705
0.175469273328782
6.87690010070801
2.47386158704758
4.16329935193062
2
7
-5.45236468315124
4.76232153177261
-6.04997503757477
-4.71067240834236
2.92563939094544
-0.248683935403823
3.86191421747208
7
0.109585440158843
0.148295825719834
0.165657925605773
4.26740930080414
-1.31834474802017
-1.53586975932121
5.00286391377449
|FiveFeelerGenome
2
6
7
9.51692952513695
1.60183653235435
-1.66100508570671
-2.9008180141449
5.66736359000206
-2.30147491693497
-3.09157643318176
7
-7.08993400335312
-1.36980503797531
2.80671071410179
-4.60795261263847
1.6864128112793
-2.22632501125336
2.49262717962265
7
2.57212812900543
-3.08231031298637
-3.40757091045379
-0.249171268939969
2.32424631118774
2.88514719605446
0.70818384885788
7
6.57033571600914
-0.128074514865876
-0.776235866546631
-2.64609642028809
2.07415741682053
0.506753218173981
-0.344499909877777
7
-8.01348056197167
-0.650259846448898
0.702558249235154
-3.11697449684143
0.614845246076584
3.50511934757233
-4.10781013965606
7
2.45657908916473
-6.13241265416145
-4.93095524907112
1.08587982058525
7.12450722455978
2.74851222634315
2.75752165317536
2
7
-6.46923477053642
6.3042566537857
-3.32730677723884
-3.12990991473198
5.03976039886475
-1.41826823949814
4.42870755791664
7
-0.263118875026704
0.584600538015367
0.65430884361267
5.62632610797882
-0.901009833812715
-0.263404554128647
6.69610437750816
|FiveFeelerGenome
2
6
7
7.09634940028191
3.10388820767403
-2.1340017914772
-1.01096388697624
2.92645848989487
-2.29428747296333
-2.28684572577476
7
-7.87111069560051
-1.06157044172287
2.43627690672874
-3.51827730536461
1.30584924817085
-2.539998036623
1.07441087961197
7
3.14565127491951
-1.39668848514557
-1.62780529856682
-2.7460831284523
4.36401968598366
1.76154802441597
0.227460539340974
7
5.65672799348831
-0.28293696641922
-1.62877378463745
-2.46477301120758
0.0490570127964021
1.34619092345238
1.29477754831314
7
-7.82908913493156
1.07878642678261
0.402401965856553
-3.27108830809593
0.679737609624863
6.37524891495705
-4.16825021505356
7
1.87159903049469
-6.20319404006004
-6.69725747704506
-1.31458466649055
6.03384352326393
2.38589915037155
5.25618622899056
2
7
-6.8875827729702
6.83117024898529
-3.87386308312416
-2.59009367823601
5.47176266908646
-1.60845702886581
4.64637906551361
7
0.087766045331954
0.0283519983291637
2.58452288508415
6.25075314640999
-0.805229061841966
-0.499149286746979
6.09638638496399
|FiveFeelerGenome
2
6
7
9.96472718119621
1.36744393706322
-1.16275207400322
-2.1836177110672
4.78279694914818
-2.07003593444824
-2.4329085111618
7
-8.16276144385338
-1.84320777654648
2.83262829184532
-2.91439368128777
2.85303810238838
-1.54160649180412
0.610966128110886
7
2.0734349489212
-2.83578104376793
-3.41573469638824
-0.249171268939969
1.9857417345047
2.82159851193428
0.70818384885788
7
5.97248729467392
-0.699124324321747
-1.19169995784759
-2.26245398521423
0.989706856012344
0.994417494535446
1.29477754831314
7
-8.40594978928566
-0.678897738456726
0.83877119421959
-3.1610413312912
2.15567311644554
5.36793278455735
-4.35097416639328
7
1.83034558296204
-6.72107152342796
-6.9840688586235
-1.31458466649055
5.93121099472046
1.99865711927414
5.78389475941658
2
7
-6.29920365810394
6.43149846792221
-4.45111727118492
-2.2257680118084
1.75059101581574
-0.930654513835905
3.99517748355866
7
0.586576688289641
0.134797376394273
0.286828327178954
5.49948887825012
-0.804938685894014
-0.663127958774567
4.77204216122627
|FiveFeelerGenome
2
6
7
7.13958632349968
2.77560041546822
-1.54007281064987
-0.889957922697069
2.65229862332344
-1.63051763176918
-1.92571079730987
7
-7.52276019454002
-1.20784676671028
3.58581325411797
-3.69587187170982
1.00373525619507
-1.6399748980999
1.70238274335861
7
3.21821320056915
-2.87102732658386
-1.91153451800346
-1.43794568777084
3.35351297855377
2.30458877682686
0.242009538412095
7
6.05757318735123
-0.0714237749576573
-0.972564625740051
-2.14564650058746
1.40749617218971
0.77336134314537
0.686530148983002
7
-8.49236829280854
-1.4051967382431
0.118344175815583
-2.68828024864197
1.36497356295586
3.73144410848618
-3.96147362589836
7
2.44887278079987
-4.68569099903107
-4.93095524907112
0.855092489719391
7.22075153589249
2.78737128376961
2.16974666118622
2
7
-5.74866586327553
5.43990088701248
-5.72766349315643
-4.41293697953224
3.03050237298012
-0.0656581461429584
3.86191421747208
7
-0.679286205768586
0.221909731626512
1.24765853881836
6.00427625179291
-0.901009833812715
-0.23759977221489
6.69610437750816
|FiveFeelerGenome
2
6
7
6.95953814387322
2.39129164814949
-1.23814326524734
-1.18695906996727
3.46875532269478
-1.98318656086922
-1.92571079730987
7
-6.38873230814933
-2.52665952444076
1.71896702647209
-3.59697596430779
1.63561211228371
-0.917913055419922
0.809562534093857
7
2.80011482238769
-2.87102732658386
-2.32722613215446
-0.848487699031828
3.35351297855377
2.32644084095955
1.43215773105621
7
6.10338438749313
-0.778980553150177
-1.37689526081085
-2.94972004890442
1.05394333004951
0.923853224515915
0.686530148983002
7
-7.4531899869442
0.863148999214173
0.402401965856553
-3.27108830809593
0.628177219629288
5.50918043255806
-4.17396210432053
7
1.61732461452484
-5.56141305565834
-6.45474435091019
-1.27516828179359
5.46086189746857
1.91318926215172
3.96197698116303
2
7
-5.74866586327553
5.43990088701248
-6.23021433353424
-3.84592593312263
2.8271434545517
-0.107577568292617
3.86191421747208
7
0.41344158053398
-0.356852054595946
2.74911050796509
6.36015628576279
-0.720780175924303
-0.968903648853302
6.09638638496399
|FiveFeelerGenome
2
6
7
9.18373836874962
1.35709567070007
-0.411355197429657
-2.66026413440705
5.11521434187889
-1.48022582530975
-2.49012403488159
7
-8.48081607222557
-2.52128251791
3.11111223697662
-3.41606346964836
2.35939376950264
-2.04202921390533
0.593360626697541
7
2.46166152954101
-2.83578104376793
-3.40757091045379
0.222509276866916
2.32424631118774
3.18585258126259
0.70818384885788
7
4.94875100255012
-1.42544885873795
0.923680186271668
-1.4827359855175
-0.640835130214691
1.54968767166138
1.55471675395966
7
-4.59952871799469
1.23672188520432
-1.32129734158516
-0.238871312141418
-0.584646117687225
3.25337278842926
-2.56538208127022
7
1.71795773506165
-6.41599580049515
-5.82300282120705
0.453633069992066
6.95086255073547
2.36768652200699
4.16547022461891
2
7
-6.79677483439445
6.1335517168045
-3.67966614365578
-2.66707436442375
4.60734238624573
-1.33316110372543
4.42870755791664
7
0.0402314364910116
0.362748271226884
2.85100693106651
5.29401505589485
-0.177980625629427
-0.221596372127533
6.09638638496399
|FiveFeelerGenome
2
6
7
8.10167781710625
1.07617091536522
-1.28509923219681
-1.23420400023461
2.86907318234444
-1.66150787472725
-2.72612978219986
7
-7.18987947702408
-1.95042918920517
2.6727022588253
-4.96329652667046
1.24650278091431
-1.62935612201691
2.49262717962265
7
2.57212812900543
-2.90502645373344
-2.83525431156158
0.351225197315219
1.78066740036011
3.74396248459816
0.169514811038972
7
6.03208814263344
-1.27482143640518
0.471701735258103
-0.996220552921296
-1.2733429312706
0.89908812046051
1.49244893193245
7
-4.10095183849335
1.68090370893478
-1.83957279324531
-0.238871312141418
-1.40238612890243
2.86116673946381
-2.94712064862251
7
4.24223942756653
-5.6915193259716
-5.54117611050606
-1.34329229593277
6.83339547514915
3.04531632065773
3.83214955329895
2
7
-6.8144505918026
6.33974871635437
-3.67966614365578
-2.66707436442375
5.13534016609192
-1.17703400850296
4.42870755791664
7
0.0402314364910116
0.362748271226884
2.85100693106651
5.62608776688576
-0.254032838344575
-0.699545991420746
6.09638638496399
|FiveFeelerGenome
2
6
7
8.10167781710625
1.63063573241234
-0.732767593860626
-1.48552505373955
2.47037053704262
-2.2112183868885
-1.61403943300247
7
-7.70969979166984
-1.20784676671028
2.99043766856194
-3.66576840281487
0.477186584472656
-1.6399748980999
1.18967183828354
7
2.04325044155121
-2.94208778738976
-2.3638509273529
0.302689301967624
1.2485776245594
3.17441290616989
0.169514811038972
7
4.52019808888435
-1.30941170454025
1.02729619145393
-1.36359691023827
-1.15243896245956
1.94342708587647
2.01270158290863
7
-8.49236829280854
-1.59703855514526
0.257198131084443
-2.48019084334373
0.944318217039109
4.27725776433945
-3.96147362589836
7
1.29476757645607
-4.78059395551682
-4.59607966542244
-1.95673761963844
5.4696258187294
2.03506506681442
3.19262947440148
2
7
-5.4200886785984
5.43990088701248
-5.71809301376343
-4.5001184284687
2.43480529785156
-0.0789592564105976
3.86191421747208
7
-0.679286205768586
0.221909731626512
1.24765853881836
6.29145069718361
-0.901009833812715
-0.0211034655570985
6.69610437750816
|FiveFeelerGenome
2
6
7
6.96801363825798
2.87773714661598
-1.30331865549087
-0.889957922697069
3.05361345410347
-1.38996260762215
-1.92571079730987
7
-6.91708503365516
-1.36980503797531
2.33549193739891
-4.96329652667046
1.63440363407135
-1.73636767864227
2.49262717962265
7
3.20496716499328
-2.87102732658386
-2.02874898314476
-1.43794568777084
3.35351297855377
2.57862941026688
0.242009538412095
7
6.05757318735123
-0.439234364032746
-0.972564625740051
-2.14564650058746
1.67451794743538
0.77336134314537
0.686530148983002
7
-8.01348056197167
-0.650259846448898
0.702558249235154
-3.68047571182251
0.78094449043274
3.52258660793305
-3.9180430829525
7
4.24223942756653
-6.11807166934013
-5.04982045292854
-1.37393606901169
6.83339547514915
3.04531632065773
3.59031729698181
2
7
-4.86629707813263
6.7097953736782
-6.27474522590637
-4.62128403782844
1.44403491020203
0.120960104465486
3.53678832054138
7
-1.20064355134964
0.584600538015367
0.65430884361267
6.05714123249054
-0.901009833812715
-0.455901545286179
6.58894783854484
|FiveFeelerGenome
2
6
7
7.09634940028191
3.35632582902908
-2.1340017914772
-1.05581650137901
3.70153392553329
-2.09408369064331
-2.28684572577476
7
-8.16276144385338
-1.84320777654648
2.94347705245018
-3.15833839178085
2.75511043667793
-1.763960313797
0.610966128110886
7
2.64143168926239
-1.87168960571289
-1.62780529856682
-1.95674828290939
4.60388128757477
1.9424319088459
0.60329796075821
7
5.56444083452225
-0.335597169399262
-0.939568734169006
-2.81252090930939
1.10753973126411
1.13170089125633
0.818477594852448
7
-8.49236829280854
-0.911653685569763
0.292584264278412
-2.08290045261383
2.38693146109581
4.67067044973374
-3.96147362589836
7
1.87229146957398
-6.56539739966393
-5.6159467279911
-0.621959263086319
6.2069864988327
2.91807529330253
3.30149474143982
2
7
-7.70455735325813
4.84164671897888
-4.78208718299866
-1.98033122420311
5.49975259304047
-0.582333320379256
4.59656894207001
7
-0.402939873933793
0.429237335920335
0.247753334045409
5.62632610797882
-1.12375363111496
-1.33893110156059
7.46582033038139
|FiveFeelerGenome
2
6
7
8.12649130821228
1.58184127211571
-0.429886990785599
-1.37920443415642
3.36194160580635
-2.12252016663551
-1.02548252344131
7
-7.34504861235618
-1.55350724458694
1.7190977036953
-3.51827730536461
0.303690129518509
-3.00351422429085
0.660709035396577
7
3.00570213794708
-3.42564830183983
-3.25420119762421
-0.249171268939969
2.2498078584671
2.88514719605446
0.70818384885788
7
6.72576600909233
0.295571315288543
-1.2674544274807
-2.50937478542328
1.44332274198532
1.34286684393883
-0.576433545351028
7
-8.40594978928566
-1.02049493789673
-0.093696695566177
-3.21451005935669
1.98586103320122
4.70286611318588
-4.86586574316025
7
2.03299632668495
-7.16547157168388
-5.29132603406906
0.262948912382126
6.55199553966522
2.79730607867241
3.44760460853577
2
7
-5.85771035552025
6.43149846792221
-5.04619087576866
-2.47792868614197
1.75059101581574
-1.2958869099617
4.24584227204323
7
1.51057721972465
0.258529001474382
2.21965999007225
6.75725777745247
-0.805229061841966
-0.499750101566315
5.40476734638214
|FiveFeelerGenome
2
6
7
7.65707170367241
1.07617091536522
-1.28509923219681
-1.35317284464836
2.86907318234444
-1.66150787472725
-2.88804894685745
7
-7.55203012228012
-1.36980503797531
2.6727022588253
-4.96329652667046
1.24650278091431
-1.50562539100647
2.49262717962265
7
2.49198451042175
-2.83578104376793
-3.40757091045379
0.222509276866916
2.32424631118774
2.88514719605446
0.510944855213166
7
5.10623500943184
-1.35464218854904
1.9275051176548
-0.610440933704377
-2.93469101786613
1.77315452098846
1.2332318842411
7
-4.59952871799469
1.23672188520432
-1.83957279324531
-0.238871312141418
-0.584646117687225
2.86116673946381
-3.46909525990486
7
1.30239436626434
-7.08748350143433
-5.19556010365486
-1.53308891057968
6.75382282733917
2.97619175314903
3.10401951670647
2
7
-6.79677483439445
6.33974871635437
-3.67966614365578
-2.66707436442375
4.60734238624573
-1.17703400850296
4.28907397389412
7
0.0402314364910116
0.362748271226884
2.85100693106651
5.73239844441414
-0.177980625629427
-0.221596372127533
5.58582854270935
|FiveFeelerGenome
2
6
7
6.91480798125267
3.35632582902908
-2.1340017914772
-1.08721622824669
2.76040736436844
-2.04668011665344
-2.28684572577476
7
-7.97460269331932
-1.38427088856697
3.39516324996948
-3.5861777484417
1.35716457366943
-1.53114378452301
1.40089443922043
7
3.40923730134964
-1.75841153264046
-1.94817744493484
-1.26802603006363
4.89055864810944
2.6542942404747
0.876308196783066
7
5.98185508847237
-1.11599010229111
0.471701735258103
-0.996220552921296
-1.2733429312706
0.89908812046051
1.49244893193245
7
-8.49236829280854
-0.89684145450592
-0.197319495677947
-2.64127829074859
1.60135254859924
4.14293638467789
-3.82688466906547
7
1.34156656265259
-6.41599580049515
-5.82300282120705
0.175469273328782
6.86183488368988
2.28227175474167
4.16547022461891
2
7
-7.30759206414223
5.35036721229553
-4.78208718299866
-1.83523517847061
4.58771505355835
-1.37810110449791
4.59656894207001
7
0.0859535872936238
1.13669971823692
2.31939957737923
5.62632610797882
-0.73801494240761
-1.12027642130852
6.67425352931022
|FiveFeelerGenome
2
6
7
6.40806323885918
3.05136733651161
-2.37754493951797
-0.515215271711351
2.36290593743324
-1.71388506889343
-1.42451500892639
7
-7.57388316988945
-1.92181874513626
3.87656671404839
-3.22878183722496
1.21423966884613
-1.62935612201691
2.18526338934898
7
3.66517627835273
-1.83782287240028
-3.90445014834404
-3.04234176874161
3.6397839307785
1.68169456720352
0.993109691143036
7
5.37692418694496
-1.35464218854904
1.9275051176548
-0.610440933704377
-2.48354560732841
2.03987445831299
1.2332318842411
7
-5.30809745788574
0.669461017847061
1.14200974702835
-2.91808292269707
0.415270513296128
4.97801226377487
-3.24650572538376
7
1.30239436626434
-6.85612165927887
-5.19556010365486
-1.12225874662399
6.53082055449486
2.97619175314903
3.10401951670647
2
7
-7.30759206414223
5.35036721229553
-5.2567615032196
-2.13385600447655
4.58771505355835
-1.37810110449791
4.59656894207001
7
0.0859535872936238
0.727524942159654
2.31939957737923
5.62632610797882
-0.73801494240761
-1.12027642130852
6.71719998717308
|FiveFeelerGenome
2
6
7
6.91480798125267
3.35632582902908
-1.9021505177021
-1.08721622824669
2.76040736436844
-1.88240706324577
-2.28684572577476
7
-7.97460269331932
-1.72907822728157
3.19602419734001
-3.5861777484417
1.40528304576874
-1.53114378452301
1.66313950419426
7
3.03698812127113
-2.25639045834541
-1.94817744493484
-1.26802603006363
5.16634450554848
2.4928880751133
0.876308196783066
7
3.48553154468536
-1.50661906599998
2.63044511675835
-0.571978110074998
-1.23521513342857
-0.234814578294754
1.95741973519325
7
-8.49236829280854
-0.89684145450592
-0.197319495677947
-2.64127829074859
1.60135254859924
3.95851792097092
-3.82688466906547
7
0.732885503768921
-7.16328253149986
-4.99035789966583
-0.30073612332344
5.43446960449219
3.22489547133446
3.52132494449616
2
7
-7.00494341850281
5.13441126346588
-4.59821748137474
-1.58733297586441
5.08922231793404
-0.535599225759505
4.38212026953697
7
0.495988190174102
0.611528629064561
0.165657925605773
4.67485294342041
-0.885568964481355
-1.13168517947197
5.28599982857704
|FiveFeelerGenome
2
6
7
8.1452810227871
1.07617091536522
-1.28509923219681
-1.27212764620781
2.37069557309151
-1.66150787472725
-1.85244590044022
7
-6.88854616880417
-1.36980503797531
2.29893371462822
-5.04808072447777
1.81551511287689
-1.62935612201691
2.49262717962265
7
3.41940197944641
-2.21517608165741
-2.10409459471702
-3.06225355863571
4.39839886426926
3.30510150194168
0.577025383710862
7
6.15406746268272
-0.128074514865876
-0.339730811119079
-2.50937478542328
1.72001375555992
1.11953634023666
-0.344499909877777
7
-6.42779693007469
1.83077546358109
0.0537429749965673
0.223986643552781
-1.16382747292519
3.5200788140297
-3.58607290387153
7
3.96583290696144
-5.91508938670158
-4.97756145596504
-1.37393606901169
6.83339547514915
3.2981506228447
4.39495403766632
2
7
-6.21145406365394
5.17072182893753
-6.29495715498924
-4.78114256858826
1.29701380729675
-0.642299020290374
4.60387215018273
7
0.684171885251998
0.212157398462297
1.92273072600365
5.47625485062599
-1.1623276412487
-0.499149286746979
6.09638638496399
|FiveFeelerGenome
2
6
7
6.79156190752983
3.10388820767403
-0.377389776706695
-0.425736904144289
2.72740040421486
-0.82600319981575
-2.15122313499451
7
-7.97460269331932
-1.4821860909462
3.41017112135887
-3.5861777484417
1.9798365354538
-2.31071767807007
1.16301869153977
7
3.05003944635391
-2.42420404553414
-3.50851182341575
-1.97537139654159
4.72552180886268
2.32221804261208
-0.173246198892593
7
5.62723715901375
-1.82539111375809
1.46795974373818
-0.610440933704377
-2.11672641634941
1.87347929477692
1.53729010224342
7
-4.12038485407829
2.2151411652565
-1.41788647770882
0.194032591581345
-1.08651789426804
3.1031551361084
-2.38956421017647
7
4.42874420285225
-5.6915193259716
-4.51089699864387
-1.37393606901169
6.83339547514915
2.63678513169289
2.88845100402832
2
7
-4.86629707813263
6.12912975549698
-7.42738628387451
-4.77555990815163
1.44403491020203
0.120960104465486
4.00842866897583
7
2.19433246850967
-0.696594774723052
1.28249090313911
6.15358847975731
-1.92845705151558
-0.447139269113541
6.92093298435211
|FiveFeelerGenome
2
6
7
6.91480798125267
3.35632582902908
-2.1340017914772
-0.705600541830065
2.76040736436844
-1.49175295829773
-2.63567923903465
7
-7.97460269331932
-1.72907822728157
3.19602419734001
-3.5861777484417
1.40528304576874
-2.06525027751923
1.40089443922043
7
2.64143168926239
-1.47223701477051
-1.89208635687828
-1.95674828290939
5.21686353683472
1.93136911988258
0.60329796075821
7
5.94065498113632
-0.335597169399262
-0.939568734169006
-1.99514412283898
0.961109930276871
1.13170089125633
0.818477594852448
7
-8.63247237205506
-0.911653685569763
0.175178253650666
-2.08290045261383
1.80934507250786
4.67067044973374
-3.96147362589836
7
1.32808141708374
-6.63834282755852
-5.31725142598152
-0.621959263086319
6.2069864988327
2.91807529330253
3.30149474143982
2
7
-7.30759206414223
5.35036721229553
-4.78208718299866
-2.21210977435112
5.03578000068665
-1.37810110449791
4.59656894207001
7
0.676338404417037
1.13669971823692
2.31939957737923
5.62632610797882
-0.720435601472856
-1.12027642130852
6.67425352931022
|FiveFeelerGenome
2
6
7
7.61511707305908
3.81280432939529
-2.22624152898788
-1.08721622824669
2.92645848989487
-2.09408369064331
-2.28684572577476
7
-7.7703000485897
-1.87725666761398
1.7190977036953
-3.28417968153954
0.835162621736526
-3.00351422429085
0.98040510416031
7
3.04883618950843
-1.75841153264046
-1.94817744493484
-1.32379344701767
5.41457159519195
2.4928880751133
0.876308196783066
7
5.37692418694496
-1.35464218854904
1.9275051176548
-0.610440933704377
-2.93469101786613
2.02255890369415
1.2332318842411
7
-8.49236829280854
-0.89684145450592
-0.197319495677947
-2.64127829074859
1.60135254859924
4.00468095541001
-3.82688466906547
7
1.30239436626434
-6.8471577167511
-5.19556010365486
-1.12225874662399
6.53082055449486
2.61409854292869
3.10401951670647
2
7
-6.8750569999218
6.99796144962311
-4.71650543808937
-2.2569021821022
4.37081770300865
-1.08314333558082
3.9964919090271
7
1.18877021670341
0.806418901681901
2.15676504969597
6.75725777745247
-0.805229061841966
-0.467331349849701
5.27540597915649
|FiveFeelerGenome
2
6
7
7.63932492136955
1.88607687354088
-0.858055579662323
-2.05622081160546
3.43852228522301
-1.84276626706123
-0.00329279303550639
7
-7.4196055829525
-2.13402205109596
3.40476657748222
-4.61457453966141
0.81327588558197
-1.68466641902924
2.52533475160599
7
3.73621762394905
-1.75841153264046
-2.1978718817234
-1.26802603006363
3.70851950645447
2.4928880751133
0.982166689634324
7
6.03208814263344
-1.50458296537399
0.471701735258103
-0.996220552921296
-1.2733429312706
1.38240058422089
1.37762127518654
7
-8.51929817199707
-1.16885550022125
0.380696600675583
-3.04231932163238
0.878745716810227
5.02261562943459
-4.3223513841629
7
1.71795773506165
-6.41599580049515
-5.2431467115879
0.175469273328782
6.86183488368988
2.36768652200699
4.06408250927925
2
7
-6.8750569999218
6.95206699371338
-5.27402654290199
-2.2569021821022
4.37081770300865
-1.66153989434242
3.9964919090271
7
0.0402314364910116
0.362748271226884
2.85100693106651
5.66028442978859
-0.177980625629427
-0.221596372127533
6.09638638496399
|FiveFeelerGenome
2
6
7
8.10167781710625
1.07617091536522
-1.28509923219681
-1.23420400023461
2.86907318234444
-1.66150787472725
-2.30379430055618
7
-7.08993400335312
-1.36980503797531
2.6727022588253
-4.96329652667046
1.24650278091431
-1.62935612201691
2.49262717962265
7
2.57212812900543
-2.83578104376793
-3.40757091045379
0.222509276866916
2.32424631118774
2.88514719605446
0.70818384885788
7
5.37692418694496
-1.35464218854904
2.00363994240761
-0.610440933704377
-2.44770728945732
2.96306319236755
1.53729010224342
7
-4.59952871799469
1.23672188520432
-2.20817797780037
-0.238871312141418
-0.584646117687225
2.86116673946381
-2.94712064862251
7
1.30239436626434
-6.85612165927887
-5.19556010365486
-1.03514367341995
6.33854695558548
2.97619175314903
3.10401951670647
2
7
-6.79677483439445
6.85652914047241
-3.67966614365578
-2.66707436442375
4.60734238624573
-1.17703400850296
4.91285200715065
7
0.128828644752501
-0.481982254981994
3.02426576018333
6.33878317475319
-0.613523572683336
-0.499149286746979
4.97705256938934
|FiveFeelerGenome
2
6
7
9.96472718119621
1.07500855326653
-1.16275207400322
-2.1836177110672
4.78279694914818
-2.07003593444824
-2.4329085111618
7
-8.16276144385338
-1.84320777654648
2.94347705245018
-3.15833839178085
2.75511043667793
-1.763960313797
0.610966128110886
7
3.00570213794708
-3.42564830183983
-2.83525431156158
-0.249171268939969
2.50425291657448
2.88514719605446
0.70818384885788
7
6.95185312628746
1.0476556956768
-1.2674544274807
-2.50937478542328
1.34017435312271
1.14433175325394
-0.576433545351028
7
-8.40594978928566
-1.02049493789673
-0.093696695566177
-3.21451005935669
2.15567311644554
4.70286611318588
-4.86586574316025
7
2.12458875775337
-7.72972223162651
-4.89420589208603
0.262948912382126
6.55199553966522
2.79730607867241
3.51256392002106
2
7
-5.85771035552025
6.43149846792221
-5.04619087576866
-2.47792868614197
1.75059101581574
-1.2958869099617
4.24584227204323
7
0.586576688289641
0.228320854902269
0.300770592689513
5.49807946681976
-0.643463283777238
-0.663127958774567
4.77204216122627
|FiveFeelerGenome
2
6
7
8.12649130821228
1.66594440340996
-0.429886990785599
-1.37920443415642
3.36194160580635
-1.61666741967201
-1.18448886275291
7
-7.89334765672683
-1.84320777654648
3.37054094672203
-3.41712576746941
3.20126665234566
-1.54160649180412
0.610966128110886
7
3.14565127491951
-1.76340382099152
-1.54206852316856
-3.11083165407181
4.36401968598366
1.91975365281105
0.227460539340974
7
5.65672799348831
-0.66691335439682
-1.62877378463745
-2.46477301120758
0.0490570127964021
1.34619092345238
1.29477754831314
7
-7.30928003191948
0.662231355905533
0.347331494092942
-3.27108830809593
0.309345144033432
6.37524891495705
-4.16825021505356
7
1.87159903049469
-6.7404473721981
-6.69725747704506
-1.31458466649055
6.03384352326393
2.38589915037155
5.25618622899056
2
7
-6.52802328467369
6.83117024898529
-4.86244850754738
-2.59009367823601
5.47176266908646
-1.60845702886581
5.19852430820465
7
-0.402939873933793
0.429237335920335
0.247753334045409
5.54428119659424
-1.12375363111496
-0.804961222410202
7.46582033038139
|FiveFeelerGenome
2
6
7
8.26046385765076
1.89735681414604
-1.65849169492722
-1.37920443415642
3.51353905797005
-1.48382905125618
-1.26908659338951
7
-7.57388316988945
-1.99321421384811
3.93693901896477
-2.70828279852867
1.04654095172882
-1.49568190574646
2.00155655145645
7
3.61937351822853
-1.89214532971382
-3.12123467326164
-2.40196093320846
3.6397839307785
2.22023192644119
0.993109691143036
7
3.65749747753143
-1.50661906599998
2.63044511675835
-0.23600088953972
-1.23521513342857
-0.234814578294754
1.95741973519325
7
-4.82624227404595
1.95069359540939
-1.41788647770882
0.194032591581345
-1.08651789426804
3.40119674801827
-2.4092801630497
7
0.732885503768921
-7.16328253149986
-5.41510994434357
-0.30073612332344
5.12909045219421
2.86719779372215
3.67632322311401
2
7
-6.21145406365394
5.203779733181
-6.29495715498924
-4.78114256858826
1.73305587768555
-0.316073954105376
4.61915079951287
7
0.0846054017543783
0.2425330221653
2.33857755064964
5.86223316788673
-0.254032838344575
-0.775211250782013
6.09638638496399
|FiveFeelerGenome
2
6
7
9.3413093328476
1.55577533245087
-1.16275207400322
-2.52482295036316
4.21635803580284
-1.77351642251015
-2.27465426325798
7
-7.7703000485897
-1.67177935838699
1.15567745566368
-3.55416662096977
0.835162621736526
-3.00351422429085
0.628982937335969
7
3.16993578076362
-1.75841153264046
-2.35121668577194
-1.49914404153824
4.39291188716888
2.3099048435688
0.977359026670457
7
4.73460243344307
-2.08062381148338
1.8292244374752
-1.35701392889023
-2.29741004705429
1.28751273751259
0.492915892601014
7
-5.83115296363831
0.526606637239456
0.173528015613556
-3.10991422533989
0.084227412939072
6.11069162487984
-2.84454982876778
7
2.15179152488709
-6.6197595000267
-5.93799641728401
0.175469273328782
6.86183488368988
2.60510894060135
4.63002739548683
2
7
-6.79677483439445
6.53773086071014
-3.41221945285797
-2.4868083357811
4.60734238624573
-1.62440444231033
4.42870755791664
7
1.26344028711319
-0.334693431854247
-0.5277185857296
5.82093902230263
-0.883540391921999
-1.17356206178665
4.3010746717453
|FiveFeelerGenome
2
6
7
8.10167781710625
1.63063573241234
-0.732767593860626
-2.00529853701592
2.47037053704262
-2.2112183868885
-1.61403943300247
7
-8.31260789632797
-2.15328630208969
2.73598915934563
-3.0437542617321
2.35939376950264
-2.12457500100136
0.43238195180893
7
2.04325044155121
-2.94208778738976
-2.79013683795929
-0.144173872470853
1.2485776245594
3.55701192617416
0.169514811038972
7
4.94875100255012
-1.30941170454025
0.850051546096802
-1.12526232600212
-0.640835130214691
1.50146155357361
2.01270158290863
7
-6.14238685965538
0.402344310283661
-1.34758120179176
-0.947363430261612
2.2427222430706
4.52052149772644
-4.55359846353531
7
0.953782224655152
-5.65666856169701
-6.8424467921257
-1.0529215157032
5.53661012649536
2.11428636312485
4.93984694480896
2
7
-4.86629707813263
6.7097953736782
-6.70159339904785
-4.62128403782844
1.44403491020203
0.120960104465486
4.00842866897583
7
-0.373808938264848
0.658424854278566
1.10856842398643
6.55179162621498
-1.65200302004814
-0.590064817667007
5.56502568721771
|FiveFeelerGenome
2
6
7
7.97278401255608
1.62510215640068
-1.72737153768539
-1.37920443415642
3.15225456953049
-1.45557324886322
-0.187590825557708
7
-7.30204768776893
-1.36980503797531
2.33549193739891
-4.96329652667046
1.63440363407135
-2.17924873828888
2.49262717962265
7
3.29031482338905
-1.87168960571289
-2.10770413279533
-1.98654454946518
5.09113380908966
3.11063428521156
0.263095366954804
7
7.02554149031639
0.310753118991851
-0.776235866546631
-2.45656824111939
1.55125375986099
1.30801202058792
-0.344499909877777
7
-8.01348056197167
-0.650259846448898
0.195580977201462
-3.11697449684143
1.18519101142883
3.52258660793305
-4.10781013965606
7
4.24223942756653
-6.11807166934013
-4.49742901921272
-1.37393606901169
6.83339547514915
3.04531632065773
3.79001162052155
2
7
-7.01608433127403
7.101650339365
-4.08750296235084
-2.51700019240379
4.77110812664032
-1.35641029477119
4.63828930854797
7
-1.20064355134964
0.584600538015367
1.25123867988586
6.05714123249054
-0.901009833812715
-0.455901545286179
6.58894783854484
|FiveFeelerGenome
2
6
7
8.12649130821228
1.88607687354088
-1.03182590603828
-1.37920443415642
2.97384055256844
-1.24038260579109
-0.788038557767867
7
-8.48081607222557
-3.08978337049484
2.58246257305145
-2.69557549357414
2.35939376950264
-2.04202921390533
0.593360626697541
7
2.57212812900543
-2.90502645373344
-2.44855229854584
0.302689301967624
1.78066740036011
3.78868921399117
0.169514811038972
7
6.7056244790554
-0.128074514865876
-0.853042602539062
-2.19049346446991
1.72001375555992
1.11953634023666
-0.745282733440399
7
-4.59952871799469
1.68090370893478
-1.83957279324531
-0.238871312141418
-1.56316639184952
2.86116673946381
-2.94712064862251
7
4.38881283402443
-5.22655016779899
-5.03966417908668
-1.37393606901169
7.39060172438621
2.59693422913551
3.78599209785462
2
7
-6.48012339472771
6.28849527835846
-3.67966614365578
-2.66707436442375
4.60734238624573
-1.17703400850296
4.42870755791664
7
0.0402314364910116
0.362748271226884
2.85100693106651
6.26393244862556
-0.254032838344575
-0.582169377803803
6.09638638496399
|FiveFeelerGenome
2
6
7
9.18373836874962
1.55577533245087
-0.520216119289398
-2.52482295036316
5.11521434187889
-1.48022582530975
-2.49012403488159
7
-7.05660085082054
-0.845404422283172
2.2887373149395
-3.0437542617321
2.13655897378922
-2.48928061127663
0.0986933350563057
7
2.72822409272194
-3.60141395926476
-2.91535315513611
-0.132282173633573
2.28819550871849
3.03970573544502
1.83447522521019
7
4.94875100255012
-1.42544885873795
0.923680186271668
-1.4827359855175
-0.640835130214691
1.54968767166138
1.55471675395966
7
-4.52453300952911
1.68090370893478
-1.38287556767464
0.73892224431038
-1.08651789426804
3.1031551361084
-3.35492385029793
7
4.24223942756653
-5.6915193259716
-5.04982045292854
-1.34329229593277
6.83339547514915
3.04531632065773
4.23665957450867
2
7
-6.45526908040046
5.00173300504684
-6.29495715498924
-4.78114256858826
1.27311818599701
-0.198765075206755
4.61915079951287
7
1.53815907239914
-1.28615103960037
1.26499796509743
5.28747293353081
-1.92845705151558
-0.0301534712314608
7.426380610466
|FiveFeelerGenome
2
6
7
8.95782949328423
1.93659851551056
-1.16275207400322
-2.52482295036316
4.21635803580284
-1.77351642251015
-2.27465426325798
7
-7.7703000485897
-2.24264069795608
1.7190977036953
-3.55416662096977
0.835162621736526
-3.00351422429085
0.628982937335969
7
3.16993578076362
-1.75841153264046
-2.03047827482223
-1.24992254972458
4.39291188716888
2.4928880751133
1.24367532730103
7
5.95559839010239
-0.727102839946747
-0.928521180152893
-2.71150348186493
1.49406822323799
1.00583826899528
0.686530148983002
7
-7.4531899869442
0.863148999214173
0.402401965856553
-3.27108830809593
0.0187404394149784
5.47872748970986
-4.30661665201187
7
1.71795773506165
-6.6197595000267
-5.93799641728401
0.175469273328782
7.12150731682777
2.60510894060135
4.89071236252785
2
7
-5.85434711575508
5.43990088701248
-5.81794815063476
-3.90223522782326
2.41554696559906
-0.475604826211928
3.86191421747208
7
-0.100741535425187
0.2425330221653
2.33857755064964
5.86223316788673
-0.254032838344575
-0.775211250782013
6.09638638496399
|FiveFeelerGenome
2
6
7
6.95953814387322
2.77560041546822
-1.23814326524734
-1.35411769747734
3.05361345410347
-1.98318656086922
-1.69095501303673
7
-6.38873230814933
-2.77177115678787
1.71896702647209
-3.98405234217644
0.763865286111832
-0.917913055419922
1.33821648955345
7
2.80011482238769
-2.87102732658386
-2.35049361586571
-1.32908169031143
3.35351297855377
2.29068928360939
1.16694392561913
7
4.73460243344307
-2.08062381148338
1.8292244374752
-1.50152899026871
-2.01183167695999
0.852216964960098
1.01132953166962
7
-4.82624227404595
1.94678107500076
-1.41788647770882
0.194032591581345
-1.08651789426804
3.40119674801827
-2.4092801630497
7
0.765956711769105
-5.56141305565834
-6.57146686315536
-1.77457357048988
5.54151306152344
1.91318926215172
4.53312857151032
2
7
-6.79677483439445
6.23338196277618
-3.41221945285797
-2.66707436442375
4.60734238624573
-1.62440444231033
4.42870755791664
7
0.0174063384532919
0.154131507873536
2.58452288508415
6.42490731477737
-0.720780175924303
-0.499149286746979
5.88465559482574
|FiveFeelerGenome
2
6
7
9.18373836874962
1.12321398258209
-0.887187373638153
-2.52482295036316
5.11521434187889
-1.48022582530975
-2.49012403488159
7
-8.48081607222557
-2.52128251791
2.58246257305145
-2.94424652457237
2.35939376950264
-2.04202921390533
-0.00584601163864062
7
2.57212812900543
-2.90502645373344
-2.83525431156158
0.806328725814822
1.78066740036011
3.74396248459816
0.169514811038972
7
4.94875100255012
-1.42544885873795
0.923680186271668
-1.4827359855175
-1.08345011472702
1.82561143040657
1.55471675395966
7
-7.4531899869442
0.863148999214173
0.402401965856553
-2.87920369505882
0.0705210924148563
5.71881729364395
-4.30661665201187
7
3.79633083343506
-5.6915193259716
-5.04982045292854
-1.34329229593277
6.83339547514915
3.04531632065773
3.83214955329895
2
7
-6.79677483439445
6.33974871635437
-3.67966614365578
-2.77981733679771
5.00463762283325
-1.17703400850296
4.33308709263801
7
0.0106379449367514
0.362748271226884
2.95828348994255
5.73239844441414
0.119086468219756
-0.221596372127533
6.09638638496399
|FiveFeelerGenome
2
6
7
9.39183256626129
1.49860801696777
-0.887187373638153
-2.52482295036316
5.11521434187889
-1.91747581958771
-2.49012403488159
7
-8.48081607222557
-2.52128251791
2.58246257305145
-3.0437542617321
2.1023088991642
-2.04202921390533
0.593360626697541
7
2.57212812900543
-2.90502645373344
-2.54565014243126
0.302689301967624
1.78066740036011
3.74396248459816
0.169514811038972
7
5.99155858755112
-0.727102839946747
-1.37689526081085
-2.71150348186493
1.49406822323799
1.54671759009361
0.686530148983002
7
-4.86001920700073
1.68090370893478
-1.83957279324531
-0.238871312141418
-1.40238612890243
2.86116673946381
-2.63858750462532
7
1.61732461452484
-5.56141305565834
-5.988820540905
-1.27516828179359
6.10957396030426
1.5421705186367
4.53312857151032
2
7
-6.91896919608116
6.33974871635437
-3.67966614365578
-2.66707436442375
4.60734238624573
-1.17703400850296
4.91016901135445
7
0.0402314364910116
0.362748271226884
2.85100693106651
5.73239844441414
-0.254032838344575
-0.329127991199493
5.85943968296051
|FiveFeelerGenome
2
6
7
9.42694962024689
1.70481032729149
-1.16275207400322
-2.08480913639069
5.69025349020958
-2.95224305391312
-2.26829006075859
7
-8.58080660700798
-1.93707350492477
2.50686569213867
-3.0437542617321
2.35939376950264
-1.97479045391083
0.435809743404389
7
3.16993578076362
-1.75841153264046
-2.03047827482223
-1.24992254972458
4.39291188716888
2.4928880751133
0.977359026670457
7
4.73460243344307
-2.08062381148338
1.8292244374752
-1.50152899026871
-2.01183167695999
1.28751273751259
1.01132953166962
7
-4.83576402664185
1.68090370893478
-1.83957279324531
0.173420691490174
-1.9634938120842
2.86116673946381
-2.7384482383728
7
1.71795773506165
-6.6197595000267
-5.93799641728401
0.175469273328782
6.86183488368988
2.60510894060135
4.78168771862984
2
7
-5.9657911837101
5.68167778253555
-5.71769347190857
-5.62303717732429
0.829383808374406
1.18498584032059
4.22480565309525
7
0.330682826042174
0.0283519983291637
3.1104626595974
5.8769805252552
-0.345350950956346
-0.499149286746979
6.91460044980049
|FiveFeelerGenome
2
6
7
8.89812809824944
1.55577533245087
-1.16275207400322
-2.05029540061951
4.01744520068169
-1.77351642251015
-2.80444647669792
7
-7.7703000485897
-1.83437594175339
1.7190977036953
-3.55416662096977
0.260191422700882
-3.00351422429085
0.628982937335969
7
3.27283454537391
-0.840565901994706
-2.88378564715385
-2.45581332445144
4.47018668651581
1.75469027757645
0.925207102298737
7
6.51813215017319
-0.701274955272675
-1.37689526081085
-3.60164103507996
0.54874547123909
1.26996831893921
1.47392176985741
7
-4.82624227404595
1.95069359540939
-1.41788647770882
0.577305811643601
-1.23969756364822
3.40119674801827
-1.8917508661747
7
3.48595497608185
-5.25774660110474
-5.14115653634071
1.66536422967911
7.09454816579819
2.86777259111404
2.36930387020111
2
7
-6.79677483439445
6.23338196277618
-3.41221945285797
-2.41396683454513
4.60734238624573
-1.89999755620956
4.42870755791664
7
0.0402314364910116
0.2425330221653
2.33857755064964
5.86223316788673
-0.329857313632967
-0.775211250782013
6.09638638496399
|FiveFeelerGenome
2
6
7
6.96385671496392
3.35632582902908
-2.1340017914772
-1.08721622824669
2.76040736436844
-2.04668011665344
-2.28684572577476
7
-7.05660085082054
-1.44122303724289
2.2887373149395
-3.0437542617321
2.13655897378922
-2.48928061127663
0.387550580501557
7
3.42256553769111
-3.0492437005043
-4.26089977622032
-1.25102854967117
5.13686858415603
3.36634243130684
1.66050614714623
7
5.79622426629066
-1.96423748731613
0.507324117422104
-1.7917379796505
-2.30443655848503
1.5028422832489
1.42892873287201
7
-8.04098269939423
-0.89684145450592
-0.197319495677947
-2.64127829074859
1.60135254859924
4.14293638467789
-3.82688466906547
7
1.30239436626434
-6.78824181556702
-5.19556010365486
-1.12225874662399
6.53082055449486
2.97619175314903
3.10401951670647
2
7
-7.30759206414223
5.1084712266922
-4.78208718299866
-2.13385600447655
5.17428884506226
-1.37810110449791
4.59656894207001
7
0.108945125341414
0.0283519983291637
3.02006384730339
6.04255772233009
-0.805229061841966
-0.812300407886505
6.09638638496399
|FiveFeelerGenome
2
6
7
8.36183789372444
1.88607687354088
-1.29021960496902
-1.37920443415642
2.8313445687294
-1.61666741967201
-0.623992437124251
7
-7.97460269331932
-2.00068579316139
3.19602419734001
-3.5861777484417
1.40528304576874
-1.53114378452301
1.02017825841904
7
3.16993578076362
-1.75841153264046
-1.94817744493484
-1.26802603006363
4.89055864810944
2.86867399811745
0.733781403303147
7
5.8269869863987
-1.35464218854904
1.9275051176548
-0.610440933704377
-2.93469101786613
2.03987445831299
1.2332318842411
7
-4.9459315776825
1.68090370893478
-1.2910514652729
0.465307474136353
-1.16817427873611
3.1031551361084
-3.64451451897621
7
1.4070839881897
-6.07222041487694
-7.08624750375748
-1.14022498726845
5.99742484688759
3.46172324419021
5.19524865746498
2
7
-7.19041693806648
5.12512266635895
-4.78208718299866
-2.08679003119469
4.89080367088318
-0.930486410856246
4.8506131708622
7
0.0859535872936238
1.13669971823692
2.31939957737923
5.62632610797882
-0.270289903879167
-1.12027642130852
6.67425352931022
|FiveFeelerGenome
2
6
7
8.10167781710625
1.07617091536522
-1.46817029714584
-1.23420400023461
2.26156049370766
-1.66150787472725
-1.85244590044022
7
-7.7703000485897
-1.44122303724289
1.7190977036953
-3.51827730536461
0.380154258012772
-3.00351422429085
0.663626348972321
7
3.52895419597625
-2.21517608165741
-2.10409459471702
-3.06225355863571
4.09079397916794
3.30510150194168
0.577025383710862
7
5.62723715901375
-1.39019583463669
1.46795974373818
-0.610440933704377
-2.11672641634941
1.87347929477692
1.97502961754799
7
-6.42779693007469
2.02455776929855
0.334219479560853
0.223986643552781
-1.16382747292519
3.2322114109993
-3.38465654850006
7
1.87229146957398
-6.63834282755852
-5.6159467279911
-0.798210221529007
6.2069864988327
2.91807529330253
3.30149474143982
2
7
-7.70455735325813
4.84164671897888
-4.78208718299866
-1.98033122420311
5.49975259304047
-0.582333320379256
4.59656894207001
7
1.66638466715813
0.258529001474382
2.15676504969597
6.75725777745247
-0.805229061841966
-0.499750101566315
5.40476734638214
|FiveFeelerGenome
2
6
7
6.49638974070549
3.35632582902908
-2.34062064886093
-1.17862984538078
3.25949629545212
-2.09408369064331
-2.28684572577476
7
-7.21825102567672
-1.36980503797531
1.76915680766106
-4.35989906191826
2.24852778911591
-1.28611891269684
2.49262717962265
7
2.64143168926239
-1.87168960571289
-1.83258566260338
-1.95674828290939
4.60388128757477
1.93136911988258
0.60329796075821
7
5.56444083452225
-0.335597169399262
-0.939568734169006
-2.81252090930939
1.10753973126411
1.13170089125633
0.818477594852448
7
-8.49236829280854
-0.911653685569763
-0.0668616414070124
-2.08290045261383
1.91217560172081
4.67067044973374
-3.96147362589836
7
4.95523651242256
-5.6915193259716
-4.09208214879036
-1.37393606901169
6.46054081320762
2.63678513169289
2.88845100402832
2
7
-4.86629707813263
6.48761993646621
-7.01665954589843
-4.62128403782844
1.44403491020203
0.120960104465486
4.00842866897583
7
0.423500007390975
0.212157398462297
2.33857755064964
5.47625485062599
-1.23208989501
-0.77591370344162
6.09638638496399
|FiveFeelerGenome
2
6
7
10.0825054645538
1.87495310902595
-1.09428008794785
-2.32880554199219
0.557182157039643
-0.364816921949387
0.516865158081056
7
-6.38873230814933
-2.38539015054703
1.71896702647209
-3.66658200621605
1.63561211228371
-0.917913055419922
0.809562534093857
7
2.80011482238769
-2.31409502029419
-2.32722613215446
-0.848487699031828
3.35351297855377
2.32644084095955
1.43215773105621
7
6.65873839259148
-0.305550348758698
-1.50489542484283
-2.52650802135468
1.36917631030083
1.28672763705254
-0.294968378543854
7
-7.51568223834038
0.863148999214173
0.402401965856553
-3.27108830809593
1.18501511216164
5.50918043255806
-4.75403121709823
7
1.61732461452484
-5.56141305565834
-6.37485393285751
-1.27516828179359
5.46086189746857
1.91318926215172
3.96197698116303
2
7
-6.8875827729702
6.73732533454895
-1.95427640080452
-2.47270984053612
3.95055708885193
-1.55436724424362
4.03695564270019
7
1.84751354455948
-0.696594774723052
1.28249090313911
6.16959390044212
-1.92845705151558
-0.447139269113541
7.3766687631607
|FiveFeelerGenome
2
6
7
6.95953814387322
2.39129164814949
-1.01094673275948
-1.18695906996727
3.46875532269478
-1.98318656086922
-1.92571079730987
7
-8.24161645770073
-1.84320777654648
2.55543958544731
-3.41712576746941
3.25840314030647
-1.763960313797
0.27870364189148
7
2.83060100674629
-2.65270987153053
-3.50851182341575
-1.61836451292038
4.72552180886268
2.10433040261269
-0.173246198892593
7
6.10338438749313
-0.778980553150177
-1.37689526081085
-2.94972004890442
0.511545020341873
0.923853224515915
0.686530148983002
7
-6.96948888897896
0.157352375984192
-0.366908276081085
-2.96749557852745
0.369411247968674
5.53125665783882
-4.23873823881149
7
3.31056151986122
-7.04423386454582
-4.66660511493683
-0.563260227441787
6.17264775037765
4.83711904287338
5.93920351266861
2
7
-5.74866586327553
5.43990088701248
-6.23021433353424
-3.84592593312263
2.8271434545517
-0.307486754655837
3.86191421747208
7
0.41344158053398
-0.356852054595946
2.74911050796509
6.36015628576279
-0.720780175924303
-1.10679386854172
6.39934697151184
|FiveFeelerGenome
2
6
7
8.3491238296032
1.62510215640068
-1.89946485757828
-1.37920443415642
3.15225456953049
-1.45557324886322
-0.187590825557708
7
-8.31260789632797
-2.15328630208969
2.73598915934563
-3.0437542617321
2.35939376950264
-2.12457500100136
0.43238195180893
7
3.01899631023407
-1.87168960571289
-2.167130869627
-1.97212270498276
4.60388128757477
2.02374132275581
0.418234765529633
7
7.02554149031639
-0.00956314802169844
-0.776235866546631
-2.45656824111939
1.55125375986099
1.31203397512436
-0.344499909877777
7
-6.28789212107659
0.543169939517975
-1.4045025408268
-1.95151165723801
2.00207924246788
4.33717963695526
-3.97759765386581
7
1.28678984642029
-5.65666856169701
-6.8424467921257
-1.14022498726845
5.53661012649536
2.1791494011879
4.93984694480896
2
7
-6.7843268096447
7.101650339365
-4.08750296235084
-2.51700019240379
4.77110812664032
-1.45158558487892
4.63828930854797
7
-0.373808938264848
0.658424854278566
1.09839670062065
6.22008376717567
-1.34905387759209
-0.590064817667007
5.56502568721771
|FiveFeelerGenome
2
6
7
8.85456373095513
1.10188264250755
-2.01433664560318
-0.410449635982515
2.90202701687813
-1.11895653605461
-1.61817809939384
7
-7.87111069560051
-1.44122303724289
2.08133897185326
-3.79510158896446
1.78767732381821
-3.09489386677742
0.397265183925629
7
2.76227026581764
-1.87168960571289
-2.10770413279533
-1.98654454946518
4.60388128757477
2.71975031495094
0.105255663394929
7
4.9040392935276
-0.9328977227211
1.38352539539337
-1.73298723101616
-2.45954434275627
2.25315463542938
2.2821885406971
7
-6.14238685965538
0.402344310283661
-1.40558965802193
-0.947363430261612
2.2427222430706
4.21272020339966
-4.6457515835762
7
0.84388554096222
-7.16328253149986
-4.58767759203911
-0.30073612332344
5.60470805168152
3.63326386809349
3.28975067138672
2
7
-6.23602699637413
7.62476363778114
-4.2414410173893
-2.57734419107437
4.70284313559532
-1.41394956111908
3.89767777323723
7
0.00331494212150485
-0.494651490449904
2.02058672308922
7.60215678215027
-0.232939785718919
-0.377088892459869
5.75438463687897
|FiveFeelerGenome
2
6
7
7.42377945780754
3.35632582902908
-2.1340017914772
-1.08721622824669
3.33579963445663
-2.09408369064331
-2.28684572577476
7
-7.08993400335312
-1.33699318170547
2.80671071410179
-4.96329652667046
1.08774046897888
-2.22632501125336
2.40936604738236
7
2.64143168926239
-1.47223701477051
-1.62780529856682
-1.95674828290939
5.15713732242584
1.93136911988258
0.60329796075821
7
5.94065498113632
-0.335597169399262
-0.939568734169006
-2.28706271648407
1.10753973126411
1.13170089125633
0.818477594852448
7
-8.63247237205506
-0.911653685569763
-0.251200139522552
-2.08290045261383
1.91217560172081
4.67067044973374
-3.96147362589836
7
1.45426833629608
-6.73988305330277
-5.82300282120705
0.175469273328782
6.87690010070801
2.47386158704758
4.16547022461891
2
7
-6.46923477053642
6.3042566537857
-3.32730677723884
-3.12990991473198
5.03976039886475
-1.49661041498184
4.42870755791664
7
-0.357265341281892
1.12015027403832
0.65430884361267
5.62632610797882
-0.901009833812715
-0.263404554128647
6.69610437750816
