40
763
|2
6
5
-1.31344673037529
1.70558108687401
-0.144191873073577
-2.04255319535732
-0.410739910602569
5
-2.78626244664192
2.3540985196829
0.88989180028437
-1.90545957982541
-1.32974105179309
5
-0.787788021564475
0.686967054009433
1.40054951310158
-1.33257215619086
-2.35322209000588
5
0.242844241857525
-0.93800655901432
-1.63870725035667
2.22366890609264
0.762568470835691
5
-1.397136297822
-1.22121978104114
-2.48385981917381
1.21506908833981
0.715240311622614
5
-0.773558250069615
-1.93246386051178
2.50427595078944
1.49590508937835
-1.66806317567826
2
7
1.78702914118767
4.35004530251025
2.26198687553405
-3.41220792531967
-0.923151677846912
0.0634611040353773
-0.973165810108189
7
0.414831218123436
1.17147462964058
0.0682918667793282
1.20841193795205
-0.163715404272086
0.156245625019074
0.245709481835365
|2
6
5
-1.31344673037529
1.70558108687401
-0.144191873073577
-2.04255319535732
-0.410739910602569
5
-2.78626244664192
2.3540985196829
0.88989180028437
-1.90545957982541
-1.32974105179309
5
-0.787788021564475
0.686967054009433
1.40054951310158
-1.33257215619086
-2.35322209000588
5
0.242844241857525
-0.93800655901432
-1.63870725035667
2.22366890609264
0.762568470835691
5
-1.397136297822
-1.22121978104114
-2.48385981917381
1.20972037017346
0.715240311622614
5
-0.773558250069615
-1.93246386051178
2.50427595078944
1.49590508937835
-1.93029795885087
2
7
1.78702914118767
4.35004530251025
2.26198687553405
-3.41220792531967
-0.713405936956409
0.0634611040353773
-0.973165810108189
7
0.794665166735649
0.875474947690962
-0.135261359810828
1.88719073235989
-0.0143547087907857
0.290983346104622
-0.0463041156530386
|2
6
5
-1.03014398217201
2.23292046487331
0.0775369673967366
-2.04255319535732
-0.623918163776397
5
-3.08753492236137
2.20472912490369
0.734680590033516
-2.0792399019003
-1.40541180968284
5
-1.31766412556171
1.03100724518299
1.34424139857291
-1.47783931791782
-2.21162821352482
5
0.272662931680675
-0.967010188102722
-1.98013511300087
2.35937497615813
0.902087935805326
5
-0.879298484325411
-1.61274707913399
-2.14819066822529
0.78571787774563
0.536409032344813
5
-2.10220074951648
-2.09661741256714
2.27184830605983
1.36658532321453
-2.55884184837342
2
7
1.78702914118767
4.35004530251025
2.26198687553405
-3.41220792531967
-0.923151677846912
0.0156417161226271
-0.973165810108189
7
0.414831218123436
1.122004789114
0.0682918667793282
1.20841193795205
-0.163715404272086
0.156245625019074
0.245709481835365
|2
6
5
-1.27080908417701
1.73504161238671
-0.536152160167694
-2.28040948808193
-0.507374930381775
5
-2.83772307634354
2.64137444198133
0.88989180028437
-2.0792399019003
-1.28614163696766
5
-1.31181057989597
0.96388757526874
1.17236955761909
-1.47559262812137
-2.09000497460366
5
-0.0240693598985713
-1.16391144692898
-1.63074606060981
2.48324755132198
1.07746767699719
5
-0.869179117679603
-1.99155377745628
-2.79491838812828
1.21506908833981
0.715240311622614
5
-1.44273012280464
-2.03944933712482
2.53444758355616
1.42861229181289
-1.90842769145967
2
7
1.28979322314263
4.64601562321185
2.41034939587115
-3.41220792531967
-0.696862536668781
0.0634611040353773
-0.879728913307194
7
0.482001635432243
1.17147462964058
-0.0274141341447822
1.28194054961205
0.0919185698032313
-0.0984653830528259
0.52927841246128
|2
6
5
-1.03014398217201
2.03642826974392
0.0775369673967366
-2.04255319535732
-0.623918163776397
5
-3.08753492236137
2.20472912490369
0.734680590033516
-2.0792399019003
-1.40541180968284
5
-1.31766412556171
1.03100724518299
1.34424139857291
-1.47783931791782
-2.21162821352482
5
0.272662931680675
-0.967010188102722
-1.89413473010063
2.31273054778575
0.902087935805326
5
-0.879298484325411
-1.61274707913399
-2.14819066822529
0.78571787774563
0.536409032344813
5
-2.10220074951648
-2.09661741256714
2.27184830605983
1.36658532321453
-2.60451740026475
2
7
1.29565370678902
4.16947005093097
2.26198687553405
-3.17154815196991
-1.01426377892495
0.315689817070961
-0.713261696696286
7
0.437677344679832
0.954847842454911
0.184578368067742
1.28194054961205
-0.163715404272086
0.156245625019074
0.250540998578071
|2
6
5
-1.27080908417701
1.73504161238671
-0.419531652331352
-2.33639616668224
-0.507374930381775
5
-2.83772307634354
2.64137444198133
0.88989180028437
-2.0792399019003
-1.28614163696766
5
-1.16074542105198
0.830181637406344
1.17236955761909
-1.47559262812137
-2.09000497460366
5
0.017203265428539
-1.17362037301063
-1.78595576882362
2.47511477172374
0.889555716514593
5
-1.12434934675694
-1.6216779500246
-2.78125728964805
1.21506908833981
0.715240311622614
5
-0.945235362648961
-1.75465321540833
2.33947380483149
1.45096839666366
-1.93029795885087
2
7
1.78702914118767
4.08707523643969
2.26198687553405
-3.30868153274059
-0.923151677846912
0.0634611040353773
-0.979136121273049
7
0.0203343838453294
1.24514257311821
-0.236028054356574
1.12088316082955
-0.25110546648503
-0.174953758716583
0.340953114628791
|2
6
5
-1.03014398217201
1.6411701977253
-0.587495470046996
-2.32915005385875
-0.507374930381775
5
-3.10354962348938
2.44304396808149
0.88989180028437
-1.87254572808743
-1.59701644778251
5
-1.07131252586841
0.960445576906199
1.23039242625236
-1.11370830833911
-1.82825993597508
5
0.017203265428539
-1.38555453717709
-1.68120149672031
2.25060238838195
0.644732090830808
5
-0.845870676636701
-2.19846903681755
-2.54020341038704
1.32468177080154
0.307763767242426
5
-1.90838163495064
-1.75314630568027
2.2236514776945
1.42861229181289
-2.11800599098207
2
7
1.55127122104168
4.21413115561007
2.26198687553405
-3.42478187084198
-0.923151677846912
0.188782054185867
-0.879728913307194
7
0.399436339735985
1.21833314299583
0.355510112643243
1.67078872323037
-0.512520128488547
0.459141078591347
0.330141201615334
|2
6
5
-0.947563853859899
1.9659598082304
-0.128551027178764
-1.75251048505306
-0.916441524028777
5
-2.83772307634354
2.78389014005662
0.88989180028437
-2.0792399019003
-1.28614163696766
5
-1.33794198334217
0.96388757526874
1.17236955761909
-1.29266947805881
-2.09000497460366
5
-0.0240693598985713
-1.16391144692898
-1.90626307129859
2.27416292130947
1.26257908046246
5
-0.869179117679603
-1.99155377745628
-2.79491838812828
1.21506908833981
0.715240311622614
5
-1.44273012280464
-2.03944933712482
2.53444758355616
1.42861229181289
-1.90842769145967
2
7
1.38026047647
4.64601562321185
2.41034939587115
-3.41220792531967
-0.595057407021526
0.134692743420601
-1.1619168996811
7
0.482001635432243
0.922853523492814
-0.23283157646656
1.43450230956078
0.0260931909084254
-0.181557464599609
0.512250998616218
|2
6
5
-1.31344673037529
1.70558108687401
-0.124137067794799
-2.21911285817623
-0.410739910602569
5
-2.80912109017372
2.3540985196829
1.1840026706457
-2.68290834128858
-1.26558186113834
5
-0.93336015045642
0.686967054009433
1.42879911065102
-1.33257215619086
-2.48956993222237
5
0.233311206102368
-0.93800655901432
-1.77041304707527
2.22366890609264
0.50924462974072
5
-1.18028123676777
-1.99155377745628
-2.48129070103168
1.14180605113507
0.715240311622614
5
-1.90838163495064
-1.94962498247623
1.7486336916685
1.42861229181289
-2.18553407192231
2
7
1.28979322314263
4.1048221617937
2.27196952104568
-3.442343044281
-1.22513559162617
0.0634611040353773
-0.879728913307194
7
0.777820393443108
1.32605255246162
-0.0274141341447822
1.36279018819333
-0.506902161240584
0.156245625019074
-0.028966566920281
|2
6
5
-0.714561671018599
1.85882858932019
-0.256760376691818
-1.43576056361198
-0.399661323428154
5
-2.89145392775536
2.71553568840028
0.725135073065743
-2.0792399019003
-1.76473312675952
5
-0.993717005848881
0.800788453221316
1.44423722624778
-1.57959209978579
-2.02784299254418
5
0.194944423437114
-1.64734289348125
-1.78595576882362
2.53333826959133
0.83572876155377
5
-0.879298484325411
-1.61274707913399
-2.14819066822529
1.00774448812008
0.536409032344813
5
-2.10220074951648
-2.09661741256714
2.27184830605983
1.36658532321453
-2.60451740026475
2
7
1.33378252387047
4.16947005093097
2.26198687553405
-3.05054005086422
-1.01426377892495
0.315689817070961
-0.941102764010434
7
0.439269718527794
1.42698243260384
-0.0274141341447822
1.10421594977379
0.0941108286380702
0.15784729719162
0.52927841246128
|2
6
5
-1.03014398217201
2.02957551181316
0.286754563450814
-1.99919757544994
-0.623918163776397
5
-3.20382524132728
2.20472912490369
0.734680590033516
-2.30483442246915
-1.6153616130352
5
-1.31766412556171
0.743167522549628
1.1272915303707
-1.47783931791782
-2.12516016960144
5
0.272662931680675
-0.967010188102722
-1.89413473010063
2.25877798497676
0.879989179968839
5
-1.07281056642533
-1.61274707913399
-2.14819066822529
1.03377629220486
0.361030185222621
5
-2.10220074951648
-2.09661741256714
2.27184830605983
1.36658532321453
-2.67232060432435
2
7
1.29565370678902
4.32643127739429
2.51907571554183
-3.2491748213768
-0.913298645615586
0.315689817070961
-0.713261696696286
7
0.391646739840508
1.1723058283329
0.184578368067742
1.28194054961205
-0.163715404272086
0.375498545169831
0.250540998578071
|2
6
5
-1.27080908417701
1.73504161238671
-0.536152160167694
-2.3065156430006
-0.507374930381775
5
-2.6428379893303
2.64137444198133
0.88989180028437
-2.0792399019003
-1.10621197521687
5
-0.93336015045642
0.686967054009433
1.42879911065102
-1.33257215619086
-2.48956993222237
5
0.233311206102368
-0.93800655901432
-1.77041304707527
2.22366890609264
0.50924462974072
5
-1.18028123676777
-1.99155377745628
-2.48129070103168
0.95783419311047
0.715240311622614
5
-1.90838163495064
-1.94962498247623
2.03101000487803
1.39567801952361
-2.35972867012025
2
7
1.18752964138985
4.365764477849
2.27196952104568
-3.442343044281
-1.54505473971367
0.0634611040353773
-0.844687068462376
7
0.647764977812767
1.32605255246162
-0.0274141341447822
1.28194054961205
-0.3117601543665
0.156245625019074
-0.028966566920281
|2
6
5
-1.31344673037529
1.70558108687401
-0.144191873073577
-2.21911285817623
-0.410739910602569
5
-2.60056102871895
2.3540985196829
0.88989180028437
-2.74377485215665
-1.26558186113834
5
-1.31181057989597
0.96388757526874
1.17236955761909
-1.47559262812137
-2.09000497460366
5
-0.0240693598985713
-1.16391144692898
-1.78414731621742
2.48324755132198
1.07746767699719
5
-0.869179117679603
-1.99155377745628
-2.79491838812828
1.21506908833981
0.715240311622614
5
-1.44273012280464
-2.03944933712482
2.53444758355616
1.42861229181289
-1.90842769145967
2
7
1.28979322314263
4.64601562321185
2.41034939587115
-3.41220792531967
-0.696862536668781
0.0634611040353773
-0.879728913307194
7
0.585648262500763
1.17147462964058
-0.0274141341447822
1.28194054961205
0.0919185698032313
-0.0984653830528259
0.52927841246128
|2
6
5
-1.31344673037529
1.70558108687401
-0.144191873073577
-2.04255319535732
-0.410739910602569
5
-2.78626244664192
2.3540985196829
0.88989180028437
-1.90545957982541
-1.32974105179309
5
-0.787788021564475
0.686967054009433
1.26745418906212
-1.33257215619086
-2.35322209000588
5
0.242844241857525
-0.93800655901432
-1.63870725035667
2.41467952430248
0.762568470835691
5
-1.397136297822
-1.22121978104114
-2.48385981917381
1.18959006965161
0.715240311622614
5
-0.773558250069615
-1.93246386051178
2.50427595078944
1.49590508937835
-1.79873263835908
2
7
1.78702914118767
4.35004530251025
2.26198687553405
-3.41220792531967
-0.923151677846912
-0.199456176161766
-0.973165810108189
7
0.414831218123436
1.17147462964058
0.0682918667793282
1.20841193795205
0.0496654093265468
0.156245625019074
0.245709481835365
|2
6
5
-1.31344673037529
1.70558108687401
-0.144191873073577
-2.14057438075542
-0.410739910602569
5
-2.78626244664192
2.18969469964506
0.88989180028437
-1.90545957982541
-1.32974105179309
5
-0.787788021564475
0.686967054009433
1.40054951310158
-1.33257215619086
-2.35322209000588
5
0.242844241857525
-0.93800655901432
-1.66237574219703
2.43820399940014
0.762568470835691
5
-1.6109163671732
-1.11102534532547
-2.22502071261406
1.20972037017346
0.596737277507776
5
-0.751842764019963
-1.93246386051178
2.79055577218531
1.49590508937835
-1.93029795885087
2
7
1.78702914118767
4.35644058287143
2.26198687553405
-3.41220792531967
-0.713405936956409
0.0634611040353773
-0.973165810108189
7
0.794665166735649
0.875474947690962
-0.135261359810828
1.88719073235989
-0.0143547087907857
0.290983346104622
-0.0463041156530386
|2
6
5
-1.31344673037529
1.70558108687401
-0.144191873073577
-2.04255319535732
-0.43783791065216
5
-2.78626244664192
2.3540985196829
0.890132734179481
-1.90545957982541
-1.32974105179309
5
-0.787788021564475
0.686967054009433
1.40054951310158
-1.33257215619086
-2.39492704272271
5
0.242844241857525
-0.93800655901432
-1.63870725035667
2.22366890609264
0.762568470835691
5
-1.397136297822
-1.22121978104114
-2.7040533721447
1.20972037017346
0.715240311622614
5
-0.773558250069615
-1.93246386051178
2.50427595078944
1.49590508937835
-1.93029795885087
2
7
1.78702914118767
4.17530138790606
2.26198687553405
-3.41220792531967
-0.713405936956409
0.0634611040353773
-1.12078583240509
7
0.794665166735649
0.875474947690962
-0.135261359810828
1.88719073235989
-0.0143547087907857
0.290983346104622
-0.0463041156530386
|2
6
5
-1.31344673037529
1.70558108687401
-0.144191873073577
-2.04255319535732
-0.410739910602569
5
-2.78626244664192
2.3540985196829
0.88989180028437
-1.90545957982541
-1.32974105179309
5
-0.787788021564475
0.686967054009433
1.40054951310158
-1.33257215619086
-2.35322209000588
5
0.242844241857525
-0.93800655901432
-1.63870725035667
2.22366890609264
0.762568470835691
5
-1.397136297822
-1.22121978104114
-2.48385981917381
1.20972037017346
0.715240311622614
5
-0.773558250069615
-1.93246386051178
2.50427595078944
1.49590508937835
-1.93029795885087
2
7
1.78702914118767
4.35004530251025
2.26198687553405
-3.4550776720047
-0.713405936956409
0.0634611040353773
-0.973165810108189
7
0.794665166735649
0.875474947690962
-0.135261359810828
1.88719073235989
-0.0143547087907857
0.33443001806736
-0.0463041156530386
|2
6
5
-1.31344673037529
1.70558108687401
-0.144191873073577
-2.04255319535732
-0.410739910602569
5
-2.78626244664192
2.3540985196829
0.661112317442878
-1.90545957982541
-1.4931508898735
5
-0.787788021564475
0.686967054009433
1.40054951310158
-1.33257215619086
-2.35322209000588
5
0.242844241857525
-0.764795866608619
-1.63870725035667
2.22366890609264
0.762568470835691
5
-1.397136297822
-1.49013355076313
-2.48385981917381
1.20972037017346
0.423253250122065
5
-1.11629013121128
-2.03055921792984
2.50427595078944
1.72289686203002
-1.93029795885087
2
7
1.78702914118767
4.35004530251025
2.26198687553405
-3.41220792531967
-0.713405936956409
0.0952721387147902
-0.973165810108189
7
0.437677344679832
0.954847842454911
0.380084583163262
1.28194054961205
-0.163715404272086
0.156245625019074
0.250540998578071
|2
6
5
-1.02742075324059
1.89196199774742
-0.144191873073577
-2.04255319535732
-0.410739910602569
5
-2.78626244664192
2.3540985196829
0.88989180028437
-1.90545957982541
-1.32974105179309
5
-0.787788021564475
0.686967054009433
1.40054951310158
-1.33257215619086
-2.35322209000588
5
0.242844241857525
-1.01139161884785
-1.63870725035667
2.22366890609264
0.762568470835691
5
-1.12434934675694
-1.64075943529605
-2.52254757285118
1.21506908833981
0.715240311622614
5
-0.945235362648961
-1.93246386051178
2.43171508014201
1.45096839666366
-1.93029795885087
2
7
1.78702914118767
4.08707523643969
2.46350324153899
-3.41220792531967
-1.15875098109246
0.0498169213533399
-1.212280023098
7
0.399436339735985
1.21833314299583
0.0990632504224785
2.14151082634927
-0.512520128488547
0.459141078591347
0.263747909665108
|2
6
5
-1.27080908417701
1.73504161238671
-0.419531652331352
-2.33639616668224
-0.507374930381775
5
-2.83772307634354
2.76526402235033
0.88989180028437
-2.0792399019003
-1.28614163696766
5
-0.787788021564475
0.686967054009433
1.40054951310158
-1.36999530196189
-2.35322209000588
5
0.242844241857525
-0.93800655901432
-1.63870725035667
2.22366890609264
0.80206871926785
5
-1.397136297822
-1.22121978104114
-2.48385981917381
1.21506908833981
0.715240311622614
5
-0.685968104004857
-1.93246386051178
2.38949038684367
1.52129813432693
-1.66806317567826
2
7
1.91323200166226
4.35004530251025
2.26198687553405
-3.41220792531967
-0.923151677846912
0.289304175972938
-0.973165810108189
7
0.414831218123436
1.17147462964058
0.0682918667793282
1.20841193795205
-0.163715404272086
0.156245625019074
0.245709481835365
|2
6
5
-1.31344673037529
1.70558108687401
-0.144191873073577
-2.04255319535732
-0.410739910602569
5
-2.78626244664192
2.3540985196829
0.88989180028437
-1.90545957982541
-1.32974105179309
5
-1.31181057989597
0.830181637406344
1.17236955761909
-1.47559262812137
-2.09000497460366
5
0.017203265428539
-1.17362037301063
-1.78595576882362
2.47511477172374
0.810975039005285
5
-1.12434934675694
-1.6216779500246
-2.78125728964805
1.21506908833981
0.715240311622614
5
-0.945235362648961
-1.78578954935074
2.43171508014201
1.59174309074878
-1.93029795885087
2
7
1.78702914118767
4.08707523643969
2.26198687553405
-3.30868153274059
-0.923151677846912
0.124081996083259
-0.979136121273049
7
0.307704111933708
1.24514257311821
-0.236028054356574
0.899023419618612
-0.25110546648503
-0.174953758716583
0.340953114628791
|2
6
5
-0.627672520279882
1.9659598082304
0.124953165650368
-2.04255319535732
-0.623918163776397
5
-3.08753492236137
2.20472912490369
0.734680590033516
-1.8415240854025
-1.1948286473751
5
-1.27550369799137
1.23380263149738
1.31398876309394
-1.54463093578815
-2.21162821352482
5
0.272662931680675
-1.10251313447952
-1.89413473010063
2.25877798497676
0.902087935805326
5
-1.22447872161865
-1.61274707913399
-2.14819066822529
0.78571787774563
0.250508081912989
5
-2.10220074951648
-2.09661741256714
2.42305651605128
1.36658532321453
-2.41119632720948
2
7
1.28979322314263
4.64601562321185
2.59256917238234
-3.67747918367386
-1.12791702151299
0.0634611040353773
-0.879728913307194
7
0.777820393443108
1.32605255246162
-0.0274141341447822
1.28194054961205
-0.3117601543665
0.190977263450623
-0.028966566920281
|2
6
5
-1.31344673037529
1.70558108687401
-0.144191873073577
-2.04255319535732
-0.410739910602569
5
-2.80912109017372
2.3540985196829
0.88989180028437
-2.47134492099286
-1.26558186113834
5
-0.93336015045642
0.61462605297565
1.42879911065102
-1.33257215619086
-2.36684874892235
5
0.233311206102368
-0.755016434192657
-1.77041304707527
2.22366890609264
0.373155531287198
5
-1.18028123676777
-1.99155377745628
-2.28092811405659
0.866413566470151
0.715240311622614
5
-1.93592309355736
-1.94962498247623
1.75681793391703
1.42861229181289
-2.18553407192231
2
7
1.28979322314263
4.35004530251025
2.27196952104568
-3.48985959291458
-1.36544372439385
0.0634611040353773
-0.879728913307194
7
0.50584075152874
0.884794470667838
-0.240419295430183
1.34592432379723
-0.0822601228952475
-0.358170449733734
0.146051004528999
|2
6
5
-0.627672520279882
1.9659598082304
0.124953165650368
-2.04255319535732
-0.623918163776397
5
-2.80912109017372
2.3540985196829
0.88989180028437
-2.68290834128858
-1.44140938818454
5
-0.93336015045642
0.61462605297565
1.42879911065102
-1.33257215619086
-2.36684874892235
5
0.233311206102368
-0.86314585506916
-1.77041304707527
2.22366890609264
0.681100341677671
5
-1.18028123676777
-1.99155377745628
-2.28092811405659
1.14180605113507
0.715240311622614
5
-1.93592309355736
-1.94962498247623
1.75681793391703
1.42861229181289
-2.18553407192231
2
7
1.28979322314263
4.35004530251025
2.27196952104568
-3.442343044281
-1.36544372439385
0.0634611040353773
-0.879728913307194
7
0.50584075152874
0.929028138518333
-0.240419295430183
0.876817768812183
-0.0822601228952475
-0.518723547458649
0.115352120995521
|2
6
5
-1.31344673037529
1.70558108687401
-0.144191873073577
-2.04255319535732
-0.410739910602569
5
-3.08753492236137
2.20472912490369
0.734680590033516
-1.8415240854025
-1.1948286473751
5
-1.27550369799137
1.23380263149738
1.31398876309394
-1.54463093578815
-2.21162821352482
5
0.272662931680675
-1.10251313447952
-1.89413473010063
2.25877798497676
0.902087935805326
5
-0.940409040451052
-1.61274707913399
-1.91786837875843
0.78571787774563
0.250508081912989
5
-2.10220074951648
-2.09661741256714
2.42305651605128
1.36658532321453
-2.41119632720948
2
7
1.28979322314263
4.64601562321185
2.59256917238234
-3.67747918367386
-1.12791702151299
0.0634611040353773
-0.879728913307194
7
0.777820393443108
1.32605255246162
-0.0274141341447822
1.28194054961205
-0.3117601543665
0.156245625019074
-0.028966566920281
|2
6
5
-1.31344673037529
1.70558108687401
-0.0334295958280555
-2.04255319535732
-0.410739910602569
5
-2.78626244664192
2.3540985196829
0.88989180028437
-1.90545957982541
-1.32974105179309
5
-0.787788021564475
0.686967054009433
1.40054951310158
-1.33257215619086
-2.35322209000588
5
0.104387217760082
-0.93800655901432
-1.63870725035667
2.08774624764919
0.762568470835691
5
-1.397136297822
-1.13657993078231
-2.48385981917381
1.21506908833981
0.715240311622614
5
-0.495645132660863
-1.72737822532654
2.50427595078944
1.71456727981567
-1.66806317567826
2
7
1.51039797663689
4.35004530251025
2.3898575335741
-3.56279364824295
-0.923151677846912
0.0634611040353773
-0.973165810108189
7
0.414831218123436
0.931863099336625
-0.20141555070877
1.20841193795205
-0.163715404272086
0.156245625019074
0.245709481835365
|2
6
5
-1.03014398217201
2.03642826974392
0.0775369673967366
-2.04255319535732
-0.623918163776397
5
-3.08753492236137
2.20472912490369
0.734680590033516
-2.0792399019003
-1.40541180968284
5
-1.31766412556171
1.03100724518299
1.34424139857291
-1.47783931791782
-2.21162821352482
5
0.272662931680675
-0.791007137298583
-1.89413473010063
2.31273054778575
1.00135054588318
5
-1.12434934675694
-1.97155225872993
-2.48385981917381
1.09155683219433
0.278350985050196
5
-1.22467532753945
-1.51969591677189
2.13746194541453
1.41815725564956
-1.91474897861482
2
7
1.76044964790344
4.08707523643969
2.26198687553405
-3.35180089473724
-0.923151677846912
-0.0929636090993883
-1.44736584424973
7
0.206107291579247
1.46324815154076
-0.0274141341447822
1.28194054961205
0.0804149687290126
-0.0984653830528259
0.52927841246128
|2
6
5
-1.03014398217201
1.6411701977253
-0.704491040110587
-2.14393279254436
-0.507374930381775
5
-3.10354962348938
2.44304396808149
0.88989180028437
-1.87254572808743
-1.41734914183616
5
-1.07131252586841
0.960445576906199
1.23039242625236
-1.11370830833911
-1.58936008512974
5
-0.221153491735462
-1.38555453717709
-1.70977703630924
2.36789470911025
0.644732090830808
5
-0.923382154107099
-1.99155377745628
-2.34160268604755
0.830168268084527
0.307763767242426
5
-1.31431668400764
-1.65641304552555
2.43171508014201
0.887326276302339
-1.93029795885087
2
7
1.28979322314263
4.51540300548076
2.36864898502826
-3.65283490419388
-1.12079986929894
0.13765529692173
-0.918385070562367
7
0.504411169886589
1.42698243260384
-0.0274141341447822
1.28194054961205
-0.163715404272086
0.15784729719162
0.52927841246128
|2
6
5
-0.714561671018599
1.85882858932019
-0.273884707689285
-1.39391220211982
-0.442788955569267
5
-2.84539474844933
2.3540985196829
0.849294063448891
-2.0792399019003
-1.74931593239307
5
-1.12327410280704
0.800788453221316
1.44423722624778
-1.54944771826266
-1.99041326642037
5
-0.707152420282367
-1.38555453717709
-1.78595576882362
2.49859521389007
0.50555433928967
5
-0.832279101014142
-1.99155377745628
-2.48385981917381
0.727015730738641
0.307763767242426
5
-1.37253631949424
-1.7239190608263
2.43171508014201
1.20801558494568
-1.93029795885087
2
7
1.62348312735558
4.08707523643969
2.26198687553405
-3.36395645141601
-0.923151677846912
0.0634611040353773
-1.212280023098
7
0.650392353534698
1.24514257311821
-0.0214678555726997
0.839083486795431
0.289146673679345
-0.38962961435318
0.155718830227851
|2
6
5
-0.981119173765181
1.85882858932019
-0.369463580846786
-1.79226083159446
-0.276718375086784
5
-2.87650115787983
2.75866078138353
1.08942597806452
-2.21105953156949
-1.05313737988472
5
-1.31181057989597
0.96388757526874
1.17236955761909
-1.47559262812137
-2.34350126385689
5
-0.221153491735462
-1.38555453717709
-1.78595576882362
2.49859521389007
0.644732090830808
5
-1.12434934675694
-1.99155377745628
-2.34788978397846
0.830168268084527
0.307763767242426
5
-1.31431668400764
-1.65641304552555
2.43171508014201
1.20801558494568
-2.03125126361848
2
7
1.28979322314263
4.51540300548076
2.36864898502826
-3.65283490419388
-1.12079986929894
0.13765529692173
-0.756267136335377
7
0.650392353534698
0.945731014013291
-0.0214678555726997
1.12088316082955
-0.102102711796767
-0.367725729942322
0.340953114628791
|2
6
5
-1.31344673037529
1.70558108687401
-0.144191873073577
-2.24811061322689
-0.410739910602569
5
-2.88407220244408
2.3540985196829
0.88989180028437
-1.90545957982541
-1.32974105179309
5
-0.787788021564475
0.686967054009433
1.40054951310158
-1.33257215619086
-2.35322209000588
5
0.242844241857525
-0.788698077201843
-1.63870725035667
2.06712267100811
0.762568470835691
5
-1.397136297822
-1.22121978104114
-2.44367360472679
1.21506908833981
0.715240311622614
5
-0.773558250069615
-1.93246386051178
2.50427595078944
1.49590508937835
-1.93029795885087
2
7
1.18097907900811
4.16947005093097
2.49250586032867
-3.17154815196991
-1.01426377892495
0.0634611040353773
-0.916015169024472
7
0.601778101921082
1.24514257311821
-0.0214678555726997
0.98139276206494
-0.102102711796767
-0.38962961435318
0.155718830227851
|2
6
5
-0.947563853859899
1.9659598082304
-0.128551027178764
-1.75251048505306
-0.623918163776397
5
-2.83772307634354
2.78389014005662
0.88989180028437
-2.0792399019003
-1.28614163696766
5
-1.1160128980875
0.96388757526874
1.10826322436332
-1.47559262812137
-2.09000497460366
5
-0.0240693598985713
-1.16391144692898
-1.63074606060981
2.48324755132198
1.26257908046246
5
-0.869179117679603
-1.99155377745628
-2.79491838812828
1.21506908833981
0.715240311622614
5
-1.44273012280464
-2.03944933712482
2.53444758355616
1.46901469230651
-1.90842769145967
2
7
1.28979322314263
4.64601562321185
2.41034939587115
-3.41220792531967
-0.595057407021526
0.0634611040353773
-1.1619168996811
7
0.482001635432243
1.05361611247063
0.0618064373731621
1.43450230956078
0.0260931909084254
-0.181557464599609
0.512250998616218
|2
6
5
-1.03014398217201
2.03642826974392
0.0775369673967366
-2.04255319535732
-0.623918163776397
5
-3.11455731987953
2.20472912490369
0.538956150412544
-2.35220123231412
-1.40541180968284
5
-1.31766412556171
1.03100724518299
1.34424139857291
-1.51312778294086
-2.21162821352482
5
0.272662931680675
-0.967010188102722
-1.89413473010063
2.31273054778575
0.902087935805326
5
-0.879298484325411
-1.61274707913399
-2.14819066822529
0.78571787774563
0.536409032344813
5
-2.10220074951648
-2.09661741256714
2.27184830605983
1.36658532321453
-2.60451740026475
2
7
1.29565370678902
4.16947005093097
2.26198687553405
-3.17154815196991
-1.01426377892495
0.299592879414558
-0.713261696696286
7
0.437677344679832
0.954847842454911
0.184578368067742
1.28194054961205
-0.163715404272086
0.156245625019074
0.250540998578071
|2
6
5
-1.27080908417701
1.73504161238671
-0.536152160167694
-2.28040948808193
-0.507374930381775
5
-2.83772307634354
2.64137444198133
0.88989180028437
-2.0792399019003
-1.28614163696766
5
-1.31181057989597
0.96388757526874
1.17236955761909
-1.47559262812137
-2.09000497460366
5
-0.0240693598985713
-1.16391144692898
-1.63074606060981
2.48324755132198
1.07746767699719
5
-0.869179117679603
-1.99155377745628
-2.79491838812828
1.21506908833981
0.715240311622614
5
-1.53462063670158
-2.03944933712482
2.53444758355616
1.42861229181289
-1.90842769145967
2
7
1.28979322314263
4.64601562321185
2.41034939587115
-3.41220792531967
-0.696862536668781
0.0634611040353773
-0.879728913307194
7
0.437677344679832
0.954847842454911
0.184578368067742
1.28194054961205
-0.163715404272086
0.156245625019074
0.197815743088722
|2
6
5
-1.03014398217201
2.05997974574566
0.0775369673967366
-2.04255319535732
-0.623918163776397
5
-3.08753492236137
2.20472912490369
0.734680590033516
-2.0792399019003
-1.40541180968284
5
-1.31766412556171
1.03100724518299
1.34424139857291
-1.47783931791782
-2.21162821352482
5
0.272662931680675
-0.967010188102722
-1.89413473010063
2.46657225787639
0.902087935805326
5
-0.879298484325411
-1.61274707913399
-2.14819066822529
0.78571787774563
0.536409032344813
5
-2.10220074951648
-2.09661741256714
2.27184830605983
1.36658532321453
-2.60451740026475
2
7
1.29565370678902
4.16947005093097
2.26198687553405
-3.17154815196991
-1.01426377892495
0.315689817070961
-0.713261696696286
7
0.482001635432243
1.17147462964058
-0.0274141341447822
1.28194054961205
0.0919185698032313
-0.0984653830528259
0.52927841246128
|2
6
5
-1.03014398217201
2.23292046487331
0.0775369673967366
-2.04255319535732
-0.623918163776397
5
-2.78626244664192
2.3540985196829
0.88989180028437
-1.91243357360364
-1.32974105179309
5
-0.787788021564475
0.686967054009433
1.40054951310158
-1.33257215619086
-2.17927725911141
5
0.242844241857525
-0.93800655901432
-1.63870725035667
2.22366890609264
0.762568470835691
5
-1.397136297822
-1.22121978104114
-2.48385981917381
1.15266477763653
0.715240311622614
5
-0.741336300969121
-1.93246386051178
2.50427595078944
1.49590508937835
-1.93029795885087
2
7
1.56118270754814
4.35004530251025
2.26198687553405
-3.40956823825836
-0.923151677846912
0.0634611040353773
-0.973165810108189
7
0.414831218123436
1.39777052998543
0.0682918667793282
1.28194054961205
-0.163715404272086
0.156245625019074
0.245709481835365
|2
6
5
-1.31344673037529
1.70558108687401
-0.144191873073577
-2.04255319535732
-0.410739910602569
5
-3.08753492236137
2.20472912490369
0.734680590033516
-2.0792399019003
-1.40541180968284
5
-1.31766412556171
1.03100724518299
1.34424139857291
-1.47783931791782
-2.21162821352482
5
0.231686109304424
-0.967010188102722
-1.98013511300087
2.51792964935302
0.902087935805326
5
-0.879298484325411
-1.61274707913399
-2.28844842016697
0.78571787774563
0.536409032344813
5
-1.95637291669845
-2.09661741256714
2.27184830605983
1.36658532321453
-2.35755879878999
2
7
1.78702914118767
4.35004530251025
2.26198687553405
-3.41220792531967
-0.923151677846912
0.0156417161226271
-0.938700032234196
7
0.363317319750786
1.18291557431221
0.116393208503724
1.20841193795205
-0.163715404272086
0.156245625019074
0.245709481835365
|2
6
5
-0.947563853859899
1.9659598082304
-0.295065423846244
-1.75251048505306
-0.623918163776397
5
-2.83772307634354
2.78389014005662
0.88989180028437
-2.0792399019003
-1.28614163696766
5
-1.31181057989597
0.96388757526874
1.17236955761909
-1.47559262812137
-2.09000497460366
5
-0.0240693598985713
-1.16391144692898
-1.63074606060981
2.48324755132198
1.26257908046246
5
-0.869179117679603
-1.95079761147499
-2.79491838812828
1.21506908833981
0.715240311622614
5
-1.44273012280464
-2.03944933712482
2.53444758355616
1.42861229181289
-1.90842769145967
2
7
1.28979322314263
4.82547207176684
2.41034939587115
-3.41220792531967
-0.595057407021526
0.0634611040353773
-1.1619168996811
7
0.650392353534698
0.945731014013291
-0.0214678555726997
0.978155201673514
-0.102102711796767
-0.38962961435318
0.378247800469398
|2
6
5
-1.03014398217201
1.9659598082304
0.014345303177834
-2.15979780852794
-0.410739910602569
5
-3.26944741606712
2.22216452062131
0.734680590033516
-2.0792399019003
-1.40541180968284
5
-1.08580353558063
1.03100724518299
1.31398876309394
-1.47783931791782
-2.2534378439188
5
0.207518905401226
-0.844588124752044
-1.89413473010063
2.25877798497676
0.902087935805326
5
-0.795791813731196
-1.61274707913399
-2.14819066822529
0.78571787774563
0.347562563419337
5
-1.84323067963123
-2.06967677772045
2.13105604350566
1.09651319682598
-2.3700564980507
2
7
1.18097907900811
4.09208964407443
2.41599810123443
-3.17154815196991
-1.01426377892495
0.0634611040353773
-1.21443996131421
7
0.482001635432243
1.24721145033836
-0.23283157646656
1.43450230956078
0.0260931909084254
-0.181557464599609
0.512250998616218
|2
6
5
-1.31344673037529
1.70558108687401
-0.144191873073577
-2.04255319535732
-0.410739910602569
5
-2.78626244664192
2.3540985196829
0.88989180028437
-1.90545957982541
-1.32974105179309
5
-0.787788021564475
0.506049337983127
1.40054951310158
-1.33257215619086
-2.35322209000588
5
0.242844241857525
-0.93800655901432
-1.63870725035667
2.05319385230541
0.762568470835691
5
-1.397136297822
-1.22121978104114
-2.48385981917381
1.21506908833981
0.715240311622614
5
-0.773558250069615
-1.93246386051178
2.50427595078944
1.49590508937835
-1.66806317567826
2
7
1.62348312735558
4.08707523643969
2.26198687553405
-3.36395645141601
-0.923151677846912
0.0634611040353773
-1.212280023098
7
0.341185232996941
1.42698243260384
-0.012616601586341
1.28194054961205
-0.163715404272086
0.19862585067749
0.52927841246128

