40
912
|2
6
5
-4.08619703650475
2.783726811409
-1.4943742275238
-0.754536685347556
-1.74957736134529
5
-5.07989711463451
2.2306783348322
1.06241180598734
-1.52851204574109
-1.93053784668445
5
-2.69656632244587
4.42978740632534
1.63512138724326
-3.00899918377398
-3.59602697193623
5
3.4346100628376
0.271114552021027
-1.02517147362232
1.96299289762974
-1.50553552806377
5
-1.33458335697651
-0.925744855403893
-3.29566930532455
0.375465211272242
1.24040389060974
5
-0.252557209134098
-0.42534186244011
2.36970012784003
1.88058320581912
-2.02029417157174
2
7
2.96250157356262
7.75996396243571
2.5268764913082
-5.86743294596672
1.536333745718
0.27336520254612
-3.15330351889134
7
-1.76397708952427
1.34353207945824
-1.85146115720272
4.60619943141938
0.0944282412528923
-0.179086899757385
2.30464626550674
|2
6
5
-3.56956180930138
2.41949362754822
0.254481482505799
-1.11640616357326
-2.11995430588722
5
-4.49390577375889
4.04829930365086
0.250793525576577
-2.3046643704176
-1.94443426430225
5
-2.81250212490558
2.74543751776218
1.8511639535427
-1.5955743998289
-3.98150752484799
5
3.34155629277229
-2.2123896241188
0.561009886860847
3.30531648695469
-1.29998249113559
5
-1.6684288829565
-1.39185262918472
-1.91006349921226
-0.68944057524204
1.00129826068878
5
-0.644837805628773
0.551453500986099
2.19598610997199
2.57294775545596
-1.44076529145242
2
7
3.73062179088593
7.17481839358806
3.51309406161308
-6.10362560749054
0.129529672861095
0.574898424744606
-3.08901590406895
7
-1.43084787428379
1.34353207945824
-2.3302293151617
3.98920472264291
0.0944282412528923
0.336206078529358
2.9765220284462
|2
6
5
-2.52107285857201
2.15601859092713
-0.430596184730529
-1.4781642049551
-1.64310331940651
5
-5.90660714805126
2.83038493692876
0.370908209681496
-1.54328472316266
-1.58874059021472
5
-3.07409532368183
3.42510112822056
2.09357111454009
-2.67688906490802
-3.83300185501576
5
3.12951729893684
-0.557166665792464
-0.160520324110985
3.08820053637028
-1.80846464335918
5
-0.842593374848364
-1.09685398340224
-2.74911550283432
0.757417407631877
1.18144099712371
5
-0.252557209134098
0.184837156534195
1.55500188469886
3.2829693943262
-2.31691444516183
2
7
4.80001328587532
7.84028158485888
2.93044845461845
-5.22314602732658
1.24153952002525
0.0409066587686537
-2.76872347295285
7
-0.0223926156759258
1.70579072833061
-1.24575466811657
3.87697576880456
1.51760957837104
-0.110819333791732
4.08476727008819
|2
6
5
-2.88485471606255
2.15601859092713
-0.0512939214706413
-1.4781642049551
-1.64310331940651
5
-5.44104361236095
3.09538554251195
-0.556299832463279
-0.979049798846254
-1.09388926327228
5
-3.05486912429332
3.06767796576023
2.09357111454009
-2.12769239246844
-3.83300185501576
5
3.44185923337936
-0.442733401060104
0.111713448166847
2.5127325206995
-1.73985502421855
5
-1.1892161399126
-1.09954899549484
-3.74108508825302
0.462874826788905
1.03823850154876
5
-0.523360684514042
-0.276207965612412
1.77822039723396
1.88058320581912
-2.65425072312356
2
7
4.11795330047608
7.37020187079905
3.25311262011527
-6.57788565158844
0.129529672861095
0.574898424744606
-3.31764475405217
7
-1.43084787428379
1.34353207945824
-2.3302293151617
3.98920472264291
0.0944282412528923
0.804209923744202
2.9765220284462
|2
6
5
-2.3743102490902
2.15601859092713
-0.430596184730529
-1.39517587125301
-1.40970650315285
5
-4.7788962572813
2.83038493692876
0.498272797465309
-1.94958095252515
-1.08676869571208
5
-2.98685400784015
3.14730516970157
1.89903716444968
-2.19296643435954
-4.38498743474484
5
3.38033781647682
-2.29621995687485
0.995418027043343
2.41245466768742
-1.02352484762668
5
-1.50977044403553
-0.848731482028954
-2.47680696845054
-0.745209422707555
0.734156107902521
5
-0.644837805628773
0.551453500986099
2.19598610997199
2.57294775545596
-1.44076529145242
2
7
3.73062179088593
7.17481839358806
3.51309406161308
-6.10362560749054
0.129529672861095
0.574898424744606
-3.0443933159113
7
-1.52282353937626
1.34353207945824
-2.04951010644436
3.98920472264291
0.0944282412528923
0.336206078529358
2.64792467355728
|2
6
5
-2.48440605998039
2.15601859092713
0.08062870502472
-1.69482661187649
-1.40970650315285
5
-4.7788962572813
2.95221337378026
0.0993249624967426
-1.94958095252515
-1.08676869571208
5
-3.46443026363849
2.81714896857738
1.89903716444968
-2.22103628814219
-4.38498743474484
5
3.38033781647682
-2.47190028429031
0.995418027043343
2.41245466768742
-0.944782558083529
5
-1.50977044403553
-0.414454376697533
-2.47680696845054
-1.08722654879093
0.734156107902521
5
-0.644837805628773
0.551453500986099
2.19598610997199
2.57294775545596
-1.44076529145242
2
7
4.58050664663315
6.98450534641742
3.11602391600608
-6.87235933542252
0.8369013428688
0.418583717942238
-2.11410602629185
7
0.385108980536461
1.83649978041649
-1.65984384119511
5.02460186481477
1.79828063249587
0.91211503148079
4.18290967345238
|2
6
5
-2.84860076308251
2.15601859092713
-0.0187846183776848
-1.47407718002796
-1.64310331940651
5
-5.22524947226048
1.59966141283513
0.657423207163796
-1.27227418124677
-2.16858904659747
5
-3.06989219486713
4.01022209227085
0.692115277051917
-3.71092899143695
-3.94953897297383
5
3.31709833741188
0.327379143238068
-0.740820625424385
1.08877007067204
-1.46667840182781
5
-2.04712391197681
-0.878180009126656
-2.96767112016677
0.60919024050236
-0.478587889671331
5
0.365610393881801
-1.06928383111954
3.39345870018005
3.15646747648715
-0.895812892913826
2
7
3.02162237763405
7.47585177719592
2.9307459115982
-5.58338636755943
1.55119060873985
-0.001064369082451
-3.72811521589756
7
-0.0442778497934337
1.83649978041649
-1.92355374991894
3.91501419544221
1.84977754354476
0.340605741739273
3.87401360869408
|2
6
5
-3.39445677995682
2.41949362754822
-0.324815869331359
-1.186605027318
-2.96404507160187
5
-6.33678490817547
2.44145703017712
0.987985870242104
-1.98469164073468
-2.4673664599657
5
-2.4633484095335
3.26052085459232
1.70877239704131
-2.12769239246844
-3.83300185501576
5
3.44185923337936
0.0358645260334023
0.111713448166847
2.99180773794651
-1.62775056064128
5
-1.47369045913219
-1.47033885717391
-3.14351881742477
0.462874826788905
1.03823850154876
5
-0.45158359110355
0.303187304735183
1.78506124615668
2.57294775545596
-1.90974074006081
2
7
3.73062179088593
6.67269828021525
3.38311678767204
-6.62329223155975
-0.469293874502186
1.01028474867344
-3.08901590406895
7
-1.43084787428379
1.34353207945824
-2.3302293151617
3.98920472264291
0.0944282412528923
0.336206078529358
2.61876784563065
|2
6
5
-2.84860076308251
2.15601859092713
0.327967500686646
-1.74414585530758
-1.64310331940651
5
-5.44104361236095
2.7189232736826
-0.197792914509788
-0.699216738343248
-1.36716702282428
5
-3.72964458763599
2.34674409925937
1.67309924960136
-1.22511400282382
-4.11778936684132
5
1.94887460470199
-1.9215253174305
0.488300707936287
1.97268039286137
-1.47396319210529
5
-1.41168744266033
-0.548683148622505
-1.79778696298599
-1.72577475607395
1.71217176914215
5
-0.433964750170704
0.0132768988609311
3.15981610417365
2.48558785021304
-1.4001657485962
2
7
3.27477743625641
8.25020460784434
3.91484941840171
-5.561221575737
-0.192852896451955
0.574898424744606
-2.21190387308598
7
0.326715931296349
1.90173932909966
-1.19808417856693
3.57752551436425
1.17217143774032
0.844318157434464
3.59784213900566
|2
6
5
-2.35922437906265
2.15601859092713
-0.430596184730529
-1.72002900540829
-1.64310331940651
5
-5.90660714805126
2.83038493692876
-0.0933545619249493
-1.54328472316266
-1.58874059021472
5
-4.19027622044086
3.93994639217853
2.06192886233329
-2.19296643435954
-4.1117794841528
5
3.33121998906135
-3.10121153593063
0.404313305020332
2.94896341860294
-0.685806551575655
5
-1.35563689172268
-0.990378314256661
-3.27040681242942
-1.12563535273075
-0.223443579673773
5
1.00222619473935
-1.80884880423546
3.69848932623862
2.15657555758952
-1.2163066148758
2
7
3.73062179088593
6.24710108935832
3.78801202774047
-6.10362560749054
0.129529672861095
0.574898424744606
-3.0443933159113
7
-1.52282353937626
1.79416064620018
-2.21131790578365
3.98920472264291
-0.154178702831275
0.406791019439698
3.1939500451088
|2
6
5
-3.36846930384636
2.76631398200989
1.81264513134956
-1.52128362953663
-2.44998174309731
5
-4.92617365419865
3.65609554350377
0.146233060955986
-2.16686536371709
-1.70084870159625
5
-3.07409532368183
3.42510112822056
1.57744543552398
-2.67688906490802
-3.78037970364094
5
3.14265239834785
-0.557166665792464
0.206992164254189
3.08820053637028
-1.80846464335918
5
-1.15217207968235
-1.28834596872329
-2.79420257806777
0.757417407631877
1.18144099712371
5
-0.523360684514042
-0.567983883619309
0.674468785524361
2.38637973368167
-2.28642559647561
2
7
3.31325855255127
7.53804127871989
2.57562195658683
-5.86743294596672
1.89069733023643
0.989550682902336
-2.66217820942402
7
-0.330069741606712
2.55909761786461
-1.34504553973675
2.88018736243249
1.35010576844215
1.65854309797287
4.11576167941093
|2
6
5
-2.35922437906265
2.30018475055695
-0.430596184730529
-1.72002900540829
-1.64310331940651
5
-5.90660714805126
2.83038493692876
0.370908209681496
-1.5163192242384
-1.58874059021472
5
-2.50951950848102
3.42510112822056
1.57744543552398
-2.67688906490802
-3.41391635239125
5
3.14265239834785
-0.557166665792464
0.154034987092018
2.57152825891972
-1.80846464335918
5
-1.15217207968235
-1.28834596872329
-2.79420257806777
0.757417407631877
1.18144099712371
5
-0.523360684514042
-0.567983883619309
0.674468785524361
2.38637973368167
-2.28642559647561
2
7
2.60411603450775
8.0375897437334
2.93224658966064
-5.87479493021965
1.99617308974266
-0.001064369082451
-3.72811521589756
7
0.385108980536461
1.83649978041649
-1.69497119486332
4.27428972721101
1.84977754354476
0.340605741739273
4.18290967345238
|2
6
5
-3.83430663943291
2.08243594169617
1.15888431072235
-0.558950719237327
-2.54903801083565
5
-5.43652383983135
1.59966141283513
1.11578254401682
-1.31954722106458
-2.11013334095477
5
-3.06989219486713
3.83011384904384
0.692115277051917
-3.71092899143695
-3.45206544697285
5
3.31709833741188
0.327379143238068
-0.275122907757759
1.08877007067204
-1.46667840182781
5
-2.04712391197681
-0.161709195375435
-2.96767112016677
0.60919024050236
-0.119521999359136
5
0.365610393881801
-0.807903152704239
2.92770161628722
2.929775968194
-1.03506166934968
2
7
3.67815799713135
7.53804127871989
2.97545334696769
-5.86743294596672
1.65028192400932
0.989550682902336
-2.95542016923428
7
-0.330069741606712
2.21935228705406
-0.676590058207511
2.88018736243249
1.70016508698463
1.40073848366737
3.76940638422966
|2
6
5
-3.35898615717888
2.87918019294739
2.16772871017456
-2.56020587384701
-2.52474291920662
5
-4.89120937883854
2.77911351025105
2.20760926902293
-2.94737617075444
-1.51833221018314
5
-3.16118665039539
2.34674409925937
1.67309924960136
-1.22511400282382
-4.11778936684132
5
2.40004225969314
-2.36105931997299
0.488300707936287
1.97268039286137
-1.41533203423023
5
-1.41168744266033
-1.02806013226508
-1.95620350241661
-1.79476088583469
1.22089493274688
5
-0.252557209134098
0.184837156534195
2.1247083723545
3.2829693943262
-2.31691444516183
2
7
4.71621893048287
6.73804681599139
2.93044845461845
-5.22314602732658
1.24153952002525
0.4557900339365
-2.76872347295285
7
-0.0223926156759258
1.70579072833061
-1.24575466811657
3.87697576880456
1.51760957837104
0.432380920648575
4.70606651306152
|2
6
5
-3.69442858099938
2.41949362754822
-0.324815869331359
-1.06731274425983
-2.41720724105835
5
-6.33678490817547
2.44145703017712
0.987985870242104
-1.98469164073468
-3.09113433659076
5
-2.74129793345928
2.54335810244083
2.00861761569976
-2.01072020232676
-4.40092664062977
5
3.60210212469101
-1.00276526808739
-0.160520324110985
3.93608142435551
-1.58638467490673
5
-1.09494713246822
-1.39185262918472
-1.91006349921226
-1.0454532533884
1.00129826068878
5
-0.644837805628773
0.831747043132782
2.19598610997199
2.57294775545596
-1.44076529145242
2
7
3.73062179088593
7.17481839358806
3.51309406161308
-6.43233668804169
0.0704863846301988
0.574898424744606
-3.08901590406895
7
-1.43084787428379
1.34353207945824
-2.3302293151617
3.98920472264291
-0.436909925937659
0.279650449752808
2.9765220284462
|2
6
5
-2.48440605998039
2.15601859092713
-0.799781584739684
-1.69482661187649
-1.40970650315285
5
-4.7788962572813
2.83038493692876
0.00925187766550478
-2.5253294914961
-1.20915245711803
5
-3.46443026363849
3.36626224219799
1.89903716444968
-2.22103628814219
-4.38498743474484
5
3.38033781647682
-2.47190028429031
1.33437142670155
2.41245466768742
-0.944782558083529
5
-1.50977044403553
-0.848731482028954
-2.04569229483604
-0.745209422707555
0.734156107902521
5
-0.644837805628773
0.551453500986099
2.19598610997199
2.57294775545596
-1.44076529145242
2
7
3.73062179088593
6.6200993746519
3.51309406161308
-6.66370146274567
0.129529672861095
0.574898424744606
-3.0443933159113
7
-1.52282353937626
0.966858667135241
-2.52300947606564
3.98920472264291
-0.154178702831275
0.336206078529358
2.64792467355728
|2
6
5
-2.93540377020836
2.76631398200989
1.5131460249424
-1.52128362953663
-2.44998174309731
5
-4.54291287958622
3.65609554350377
0.146233060955986
-2.16686536371709
-1.43959017097949
5
-3.69625923931598
3.83978669941425
1.93241671919822
-2.39666241705417
-4.1117794841528
5
3.33121998906135
-3.10121153593063
1.12934000790119
2.9920209556818
-0.685806551575655
5
-1.00666390359402
-0.990378314256661
-2.7871451318264
-1.12563535273075
0.213023638725275
5
1.00222619473935
-1.0095686852932
3.69848932623862
1.97734484374522
-1.1164355993271
2
7
4.81833116412163
6.98450534641742
3.11602391600608
-6.87235933542252
0.334480392932887
0.41395014822483
-2.44927758276463
7
0.391881808638573
1.83649978041649
-1.65984384119511
5.02460186481477
1.84977754354476
0.91211503148079
4.28462125658989
|2
6
5
-3.47868822813034
2.22400262951851
-0.324815869331359
-1.06731274425983
-2.43551585674286
5
-5.85828718841076
2.44145703017712
0.987985870242104
-2.46474110782147
-2.4673664599657
5
-2.98685400784015
2.34674409925937
1.83473889231681
-1.52377082407474
-4.42968893349171
5
2.29841192960739
-2.12797313928604
0.488300707936287
1.97268039286137
-1.47396319210529
5
-1.21231417953968
0.00777029395104191
-1.95620350241661
-1.72577475607395
1.22089493274688
5
-0.00183620154857278
1.35610261559486
1.85828276276588
3.74707348644733
-1.47981145977975
2
7
3.27477743625641
7.89434935748576
3.63101899027824
-5.67823855876923
0.135888582468028
0.989920702576637
-2.21190387308598
7
0.674831882119179
1.59520475268364
-1.46508358418941
5.02460186481477
2.20654839277267
0.91211503148079
4.18290967345238
|2
6
5
-2.24385868906975
2.15601859092713
-0.430596184730529
-1.69482661187649
-1.40970650315285
5
-4.7788962572813
2.83038493692876
0.498272797465309
-1.94958095252515
-1.08676869571208
5
-3.46443026363849
2.79118091166019
1.36282567381858
-2.19296643435954
-4.38498743474484
5
3.38033781647682
-2.29621995687485
0.995418027043343
2.41245466768742
-1.16665789186954
5
-1.50977044403553
-0.430568802356712
-2.47680696845054
-0.745209422707555
0.734156107902521
5
-0.644837805628773
0.551453500986099
2.41598781347274
2.57294775545596
-1.44076529145242
2
7
4.58050664663315
6.16560297310351
2.52115015387534
-6.87235933542252
0.487424385547634
0.586632266640663
-2.44927758276463
7
-0.00990215837955436
1.90173932909966
-2.01473964750767
3.57752551436425
0.999002301692955
0.844318157434464
3.93106090426445
|2
6
5
-2.88485471606255
2.15601859092713
-0.0512939214706413
-1.4781642049551
-1.64310331940651
5
-4.2061978906393
4.04829930365086
0.250793525576577
-2.3046643704176
-2.31468038856982
5
-2.81250212490558
2.98415496051311
1.8511639535427
-1.5955743998289
-3.98150752484799
5
3.34155629277229
-2.2123896241188
0.561009886860847
3.30481401979923
-1.84029010832309
5
-1.33458335697651
-0.923809230327599
-3.29566930532455
0.270782437920573
0.45801117420196
5
-0.382749775052067
-0.42534186244011
2.86507509350776
2.1758916825056
-2.17135761380196
2
7
2.96250157356262
7.83957628905772
2.38810622096061
-5.86743294596672
1.536333745718
0.761511364579201
-3.68582271635533
7
-1.79545928537846
1.34353207945824
-1.31725166738033
3.93596725463868
0.0944282412528923
0.0246235132217411
2.30464626550674
|2
6
5
-3.56956180930138
2.41949362754822
0.254481482505799
-1.11640616357326
-1.64007993340492
5
-5.44104361236095
3.09538554251195
-0.556299832463279
-0.979049798846254
-1.09388926327228
5
-3.05486912429332
3.06767796576023
2.09357111454009
-2.12769239246844
-3.83300185501576
5
4.0068049788475
-0.442733401060104
0.111713448166847
2.5127325206995
-1.73985502421855
5
-0.795739510655402
-1.09954899549484
-4.33611320257186
0.462874826788905
1.03823850154876
5
-0.523360684514042
-0.358866280317307
1.77822039723396
1.88058320581912
-2.65425072312356
2
7
4.11795330047608
7.37020187079905
3.25311262011527
-6.57788565158844
0.426704680919643
0.574898424744606
-3.31764475405217
7
-1.24873434007168
1.34353207945824
-2.3302293151617
3.98920472264291
-0.397698605060584
0.804209923744202
2.9765220284462
|2
6
5
-2.35922437906265
2.15601859092713
-0.430596184730529
-1.72002900540829
-1.36108000278473
5
-5.90660714805126
2.83038493692876
0.370908209681496
-1.54328472316266
-2.15301885902881
5
-2.91885580718517
3.0909366518259
1.35558605194091
-2.67688906490802
-3.83300185501576
5
3.14265239834785
-0.557166665792464
-0.0888364642858504
3.08820053637028
-1.80846464335918
5
-1.15217207968235
-0.747155869007103
-2.61253808140754
0.757417407631877
1.18144099712371
5
-0.523360684514042
-0.567983883619309
0.674468785524361
2.38637973368167
-2.28642559647561
2
7
3.73062179088593
6.6200993746519
4.0384166419506
-6.10362560749054
-0.461784261465077
0.574898424744606
-2.83890508115292
7
-1.2873783916235
0.966858667135241
-2.52300947606564
3.41090028882028
-0.154178702831275
0.336206078529358
2.64792467355728
|2
6
5
-2.78094479441643
2.76631398200989
1.5131460249424
-1.52128362953663
-2.44998174309731
5
-4.54291287958622
3.65609554350377
0.146233060955986
-1.75165239870549
-1.43959017097949
5
-3.69625923931598
2.98241637051105
2.06192886233329
-1.91958083212375
-3.81657686531544
5
3.33121998906135
-3.64247487783432
0.900715020298958
2.9920209556818
-0.685806551575655
5
-1.33567753732204
-0.990378314256661
-2.64948994517326
-1.12563535273075
0.213023638725275
5
1.00222619473935
-1.0095686852932
3.69848932623862
1.97734484374522
-0.810209155082711
2
7
3.31325855255127
7.53804127871989
2.57562195658683
-5.86743294596672
1.89069733023643
0.989550682902336
-3.42537136971951
7
-0.579440149664879
2.295695322752
-1.04538879096508
2.88018736243249
1.35010576844215
1.40073848366737
4.11576167941093
|2
6
5
-2.84860076308251
2.56649270057678
0.249851346015931
-1.4781642049551
-1.16784363389015
5
-5.66536891162395
3.19576238691808
-0.752444413304344
-1.07733330428601
-1.36716702282428
5
-2.79794990718364
3.43586050570011
1.60263531208037
-1.73137419521808
-3.83300185501576
5
3.94707626104355
-0.903747338056563
-0.13031915128231
2.12268182337284
-1.28721329867839
5
-1.1892161399126
-1.47033885717391
-3.54975619912147
0.0621706813573862
1.03823850154876
5
-0.252557209134098
0.298040896654129
1.55500188469886
3.2829693943262
-1.87624409794808
2
7
5.18439458012581
7.84028158485888
3.12024054527282
-5.22314602732658
0.791174167394634
0.292384549975395
-2.55569100677967
7
0.101483741402626
1.32160956263542
-0.887635847926139
3.87697576880456
1.51760957837104
-0.110819333791732
4.65780756473541
|2
6
5
-3.83430663943291
2.50412182807923
1.15888431072235
-0.558950719237327
-2.54903801083565
5
-5.43652383983135
1.59966141283513
0.839895030856118
-1.31954722106458
-1.64430930912494
5
-3.06989219486713
3.51349445283413
0.692115277051917
-3.71092899143695
-3.94953897297383
5
3.31709833741188
0.327379143238068
-0.275122907757759
1.08877007067204
-1.46667840182781
5
-2.04712391197681
-0.556299048662178
-2.96767112016677
0.60919024050236
-0.0763715505600032
5
0.365610393881801
-0.962429147958756
2.92770161628722
3.12926594316958
-1.03506166934968
2
7
3.15323517322541
8.0375897437334
2.93224658966064
-5.87479493021965
1.99617308974266
-0.001064369082451
-3.72811521589756
7
0.385108980536461
1.83649978041649
-1.92355374991894
4.27428972721101
1.84977754354476
0.340605741739273
4.18290967345238
|2
6
5
-2.84860076308251
2.15601859092713
0.327967500686646
-1.67075854241848
-1.81893814206123
5
-5.44104361236095
2.7189232736826
-0.197792914509788
-0.699216738343248
-1.04136603176593
5
-2.79794990718364
3.26052085459232
1.70877239704131
-2.12769239246844
-4.30564084351063
5
3.40395461320877
0.0358645260334023
0.111713448166847
2.99180773794651
-1.62775056064128
5
-1.47369045913219
-1.40523849725723
-2.60270007848739
0.462874826788905
1.58388950824737
5
-0.45158359110355
0.303187304735183
1.99207354784011
2.57294775545596
-1.44076529145242
2
7
3.73062179088593
6.67269828021525
3.38311678767204
-6.10362560749054
-0.469293874502186
0.574898424744606
-3.08901590406895
7
-1.43084787428379
1.34353207945824
-2.78417094647884
3.98920472264291
0.0944282412528923
0.336206078529358
2.61876784563065
|2
6
5
-3.56956180930138
2.95560169219971
0.254481482505799
-1.23558486402035
-1.64007993340492
5
-4.2061978906393
4.04829930365086
0.250793525576577
-2.3046643704176
-1.94443426430225
5
-2.81250212490558
2.91022605597973
1.8511639535427
-1.5955743998289
-3.4747270911932
5
3.42123113274574
-2.41836603879928
-0.00202326476573944
3.30531648695469
-1.29998249113559
5
-1.89881656467914
-0.923809230327599
-3.29566930532455
0.891209211945536
0.32374157905578
5
0.101380798220638
0.103547269105911
2.86507509350776
2.1758916825056
-2.17135761380196
2
7
2.96250157356262
7.63456103503703
2.5268764913082
-5.86743294596672
1.536333745718
0.761511364579201
-3.68582271635533
7
-1.79545928537846
1.34353207945824
-1.31725166738033
4.37547202110292
0.0944282412528923
0.0246235132217411
2.25079272985458
|2
6
5
-3.87257739901543
2.49842767715454
1.15888431072235
-0.931746301054954
-2.34337401986122
5
-5.44104361236095
2.35037688314915
-0.197792914509788
-0.891765800118456
-1.34622111618518
5
-2.79794990718364
3.26052085459232
1.70877239704131
-2.12769239246844
-3.83300185501576
5
3.44185923337936
0.519854623079301
0.111713448166847
2.99180773794651
-1.62775056064128
5
-1.47369045913219
-1.47033885717391
-3.41471825838089
0.462874826788905
1.20538802742958
5
-0.069496122002598
0.303187304735183
1.78506124615668
2.57294775545596
-1.44076529145242
2
7
3.98054943680763
6.67269828021525
3.38311678767204
-6.10362560749054
-0.469293874502186
0.574898424744606
-3.08901590406895
7
-1.43084787428379
1.34353207945824
-2.3302293151617
4.4524958908558
0.0944282412528923
0.667041611671448
2.61876784563065
|2
6
5
-2.72850424647331
2.15601859092713
0.327967500686646
-1.74414585530758
-1.39992082118988
5
-5.44104361236095
3.09900201857091
-0.197792914509788
-0.699216738343248
-1.36716702282428
5
-2.79794990718364
3.33817137777805
1.81618256568908
-2.32093897163867
-3.83300185501576
5
3.78470419645309
0.258011496067048
0.336468240618706
2.5127325206995
-1.73985502421855
5
-1.11116793453693
-1.47033885717391
-3.74108508825302
0.9288911908865
1.03823850154876
5
-0.78146035969257
0.269553762674331
1.3841691315174
1.88058320581912
-2.3244628250599
2
7
3.3727058172226
6.83879711329936
3.08292052149772
-5.86743294596672
1.76864693164825
1.83502611219883
-3.18146480023861
7
-1.03194000422955
3.11134476661682
-0.80643438398838
3.70849617123605
1.33644066452979
-1.09602581858635
5.27637578248978
|2
6
5
-2.84860076308251
2.15601859092713
0.327967500686646
-1.74414585530758
-1.64310331940651
5
-5.44104361236095
2.7189232736826
-0.197792914509788
-0.699216738343248
-1.36716702282428
5
-2.79794990718364
3.26052085459232
1.70877239704131
-2.12769239246844
-3.83300185501576
5
3.44185923337936
0.0169932901859292
0.111713448166847
2.99180773794651
-1.62775056064128
5
-1.47369045913219
-1.47033885717391
-3.72774599790573
0.747883048653605
1.03823850154876
5
-0.45158359110355
0.303187304735183
1.78506124615668
2.58413099348544
-1.44076529145242
2
7
3.89532185196877
6.67269828021525
3.38311678767204
-6.10362560749054
-0.469293874502186
0.574898424744606
-3.08901590406895
7
-1.50915814936161
1.34353207945824
-2.3302293151617
3.98920472264291
0.0944282412528923
0.336206078529358
2.61876784563065
|2
6
5
-2.3743102490902
2.15601859092713
-0.166127675771713
-1.79961338341236
-1.40970650315285
5
-4.7788962572813
3.32981912195683
0.964224287867531
-1.44778788983823
-1.1004091233015
5
-3.94834826290607
3.68178795874119
1.89903716444968
-2.57938077151774
-5.290789732337
5
3.38033781647682
-1.8311994433403
0.995418027043343
2.86231512129307
-1.02352484762668
5
-1.74510349333286
-0.605570584535591
-3.17009242773056
-0.192645844817159
0.800235652923578
5
-0.910837909579273
0.0623270094394681
3.15981610417365
1.88424638807773
-1.4001657485962
2
7
5.05259292125702
7.0819207638502
3.60262382030486
-4.74546985030174
-0.522391188144688
0.495575419068336
-3.61540149748326
7
-1.81350491940975
2.00721571445465
-0.80643438398838
3.96899476051332
1.77164372205734
-0.48145677447319
4.75589271187782
|2
6
5
-2.03702182173729
1.8339490890503
-0.43059999346733
-1.59028969705105
-2.1603854238987
5
-5.90660714805126
2.83038493692876
0.370908209681496
-1.54328472316266
-1.58874059021472
5
-2.65819909274578
2.41073488295078
2.39599003791808
-2.19999702274798
-4.30873368084431
5
3.15564221143722
-1.00276526808739
-0.676220712065696
3.93608142435551
-1.57537023723125
5
-0.769197013974188
-0.461014592647545
-2.88522580862045
0.785336324572566
-0.261106729507452
5
0.101380798220638
-0.42534186244011
2.86507509350776
1.72035216987132
-2.17135761380196
2
7
2.96250157356262
7.43931388556956
2.3984987437725
-5.86743294596672
1.536333745718
0.27336520254612
-3.23667193949223
7
-2.28373576700687
1.37318307757378
-1.18657637536526
4.780561542511
0.0944282412528923
0.313480615615845
2.30464626550674
|2
6
5
-3.35898615717888
2.29104692935944
2.56437549591065
-2.56020587384701
-3.11923888325691
5
-4.80057496130466
2.44756715595723
2.70191850364207
-2.94737617075444
-1.51833221018314
5
-3.07409532368183
3.00411476194858
1.96385011672973
-2.67688906490802
-3.790648701787
5
3.12951729893684
-0.259469377994536
-0.160520324110985
3.06473177969456
-2.36470808684825
5
-0.345016708970069
-1.09685398340224
-2.6411364197731
0.757417407631877
1.15056476593017
5
0.28970606029034
0.184837156534195
1.55500188469886
3.2829693943262
-1.81269906163216
2
7
4.60352722406388
5.93168251812457
3.11602391600608
-6.87235933542252
0.8369013428688
0.0303156524896619
-2.44927758276463
7
0.385108980536461
2.15818075537682
-1.65984384119511
5.02460186481477
1.84977754354476
0.437076359987259
4.18290967345238
|2
6
5
-2.16484932303429
2.15601859092713
-0.443197631835937
-1.24824152886867
-1.40970650315285
5
-4.7788962572813
3.41845332682133
0.498272797465309
-1.94958095252515
-1.519192430377
5
-3.39169569313526
2.79118091166019
1.36282567381858
-2.19296643435954
-4.14792652428151
5
3.38033781647682
-2.29621995687485
0.995418027043343
2.00462400019169
-1.16665789186954
5
-1.52206189930439
-0.848731482028954
-2.30369936227798
-0.745209422707555
0.734156107902521
5
-0.644837805628773
0.551453500986099
2.144610363245
2.57294775545596
-0.97313681244851
2
7
4.73535468578339
7.47892617881297
4.19484720230102
-5.66024029254913
0.174601137638088
0.495575419068336
-3.30754291117192
7
-0.683905646204948
3.17535150051117
-0.148152557015418
4.17310433983804
1.15993757843971
-1.33950673937797
3.77084327936172
|2
6
5
-2.72601751685143
2.15601859092713
-0.474971652030944
-1.59701167047024
-1.4332312643528
5
-5.44104361236095
2.7189232736826
-0.524388268589988
-0.699216738343248
-1.36716702282428
5
-3.14368521869182
2.69196535646915
2.1340005159378
-2.12769239246844
-3.83300185501576
5
3.79599665403366
0.0611080467700967
-0.425791653990745
2.5127325206995
-1.73985502421855
5
-1.11116793453693
-0.889963901042931
-3.93092905282974
0.462874826788905
0.483815169334406
5
-0.523360684514042
-0.276207965612412
1.0752139866352
1.88058320581912
-2.3244628250599
2
7
4.58050664663315
6.38490631878375
1.94110664725303
-6.87235933542252
0.8369013428688
0.586632266640663
-2.44927758276463
7
0.320149722695351
1.83649978041649
-1.65984384119511
5.02460186481477
2.20654839277267
0.91211503148079
4.18290967345238
|2
6
5
-1.86120439767838
1.8339490890503
-0.203998178243636
-1.95516324937343
-2.1603854238987
5
-5.90660714805126
2.83038493692876
0.370908209681496
-1.34600791037084
-1.58874059021472
5
-3.07409532368183
3.00411476194858
1.96385011672973
-2.67688906490802
-3.790648701787
5
3.12951729893684
-0.259469377994536
0.0121700018644334
3.08820053637028
-2.36470808684825
5
-0.345016708970069
-1.09685398340224
-2.38338006734848
1.17902704775334
1.15056476593017
5
0.28970606029034
0.184837156534195
1.66788190007209
3.2829693943262
-2.27864854931832
2
7
4.58050664663315
6.24543495476245
2.88436838984489
-6.88691900968552
0.8369013428688
0.586632266640663
-2.44927758276463
7
0.385108980536461
2.15818075537682
-1.65984384119511
5.02460186481477
1.36058882474899
0.91211503148079
4.18290967345238
|2
6
5
-2.3743102490902
2.15601859092713
-0.430596184730529
-1.79961338341236
-1.96066942811012
5
-4.86488408744335
3.32981912195683
0.964224287867531
-1.44778788983823
-1.08676869571208
5
-4.16335549652576
3.68178795874119
1.89903716444968
-2.19296643435954
-4.8943324893713
5
3.87383423447609
-1.8311994433403
0.995418027043343
2.86231512129307
-1.02352484762668
5
-1.95247644484043
-0.810758268833153
-2.71768087148666
-0.24752191007137
0.800235652923578
5
-1.42235376536846
-0.259917157888413
3.15981610417365
1.88424638807773
-1.4001657485962
2
7
5.05259292125702
7.01449153125285
3.60262382030486
-4.74546985030174
-0.522391188144688
0.495575419068336
-3.61540149748326
7
-1.81350491940975
2.00721571445465
-0.80643438398838
3.96899476051332
2.34925493001937
-0.48145677447319
4.75589271187782
|2
6
5
-2.3743102490902
2.15601859092713
-0.430596184730529
-1.98614290654659
-1.63054836392403
5
-4.7788962572813
3.32981912195683
0.498272797465309
-1.68870488703252
-1.45304672420024
5
-3.51918666660785
3.26693390905857
1.89903716444968
-1.80047185122966
-4.44490991532803
5
3.38033781647682
-2.29621995687485
0.995418027043343
2.80038219988346
-1.02352484762668
5
-1.75459493696689
-0.810758268833153
-2.54710196256637
-0.24752191007137
1.02719838619232
5
-0.151826241612431
1.86777182221413
2.10680151581763
3.62578220665454
-2.38487432599068
2
7
3.27477743625641
8.48434107005595
3.94181191325187
-5.561221575737
-0.192852896451955
0.574898424744606
-2.21190387308598
7
0.385108980536461
1.83649978041649
-2.3402558773756
5.01451046466828
2.33065649271011
0.649949127435685
4.18290967345238
|2
6
5
-3.56956180930138
2.39257991313935
0.168256956338883
-0.959634497761725
-2.11995430588722
5
-4.24427815973759
4.04829930365086
0.250793525576577
-2.38146917521954
-1.94443426430225
5
-2.41872780621052
2.74543751776218
1.3767914712429
-1.5955743998289
-4.90726788938046
5
3.34155629277229
-2.2123896241188
0.561009886860847
3.30531648695469
-0.96169156134128
5
-1.6684288829565
-1.35157822370528
-1.6365650832653
-0.68944057524204
0.024495387077326
5
0.365610393881801
-1.06928383111954
2.92770161628722
3.15646747648715
-1.46893436908723
2
7
2.5635160446167
7.86810453236102
3.40101203918456
-5.95762562155724
1.99617308974266
0.154745778441429
-3.72811521589756
7
-0.00990215837955436
1.90173932909966
-1.19808417856693
3.57752551436425
1.17217143774032
0.844318157434464
3.93106090426445
|2
6
5
-2.3743102490902
2.15601859092713
-0.430596184730529
-1.92219956219196
-1.78648877739906
5
-4.61725091040134
3.32981912195683
0.964224287867531
-1.44778788983823
-1.08676869571208
5
-3.94834826290607
3.68178795874119
1.89903716444968
-2.58716160953044
-5.2351485580206
5
3.38033781647682
-1.8311994433403
0.995418027043343
2.86231512129307
-1.02352484762668
5
-1.89244696199894
-0.810758268833153
-2.71768087148666
-0.24752191007137
0.800235652923578
5
-0.910837909579273
0.255592542886734
2.58270471692084
2.39100407660007
-1.10807377696038
2
7
5.05259292125702
7.01449153125285
3.60262382030486
-4.74546985030174
-0.522391188144688
0.495575419068336
-3.61540149748326
7
0.674831882119179
1.83649978041649
-1.65984384119511
5.02460186481477
2.20654839277267
0.91211503148079
3.69552783370018

