40
803
|2
6
5
-1.59721675515175
1.84984537959099
-0.144191873073577
-2.82464986741543
-0.410739910602569
5
-2.7178714543581
2.38131784498692
0.424173268675789
-2.1427988857031
-1.05305466949939
5
-1.90254283249378
1.23380263149738
1.31398876309394
-1.68786408007144
-2.8052730947733
5
0.242844241857525
-0.633270448446273
-1.76497704088688
2.5023490279913
0.321545645594602
5
-2.43453234732151
-1.10996769666671
-2.22084926962852
1.00297566354275
0.715240311622614
5
-1.3623955398798
-2.03409937620163
2.48858884572982
1.83248808681964
-1.4175418496132
2
7
1.84726057648659
4.35004530251025
2.38505627214908
-3.76407208442688
-0.808818334341054
-0.199456176161766
-0.571977436542515
7
0.552790674567223
1.04728009104729
0.184025743603707
1.47320540547372
0.116086918115609
-0.272931313514709
0.940902429819107
|2
6
5
-1.59721675515175
1.93742079138756
-0.144191873073577
-2.31098252236843
-0.410739910602569
5
-2.7178714543581
2.14888249337674
0.734680590033516
-1.79541719853879
-1.05305466949939
5
-1.44609179794788
1.23380263149738
1.31398876309394
-1.69710808098316
-2.64268430769444
5
0.242844241857525
-0.822430968284606
-1.18143335878849
2.66499374806881
0.321545645594602
5
-1.85358625948429
-1.10996769666671
-2.22084926962852
0.709520825743682
0.715240311622614
5
-0.773558250069615
-2.03409937620163
2.7428133368492
1.83248808681964
-2.14035269021989
2
7
1.84726057648659
4.35004530251025
2.26198687553405
-3.48409173488617
-1.28098668456078
-0.199456176161766
-0.828742739558224
7
-0.138147628307343
2.18818888068199
0.235098195075989
1.24459740519524
-0.715150970220572
-0.284046494960785
0.374136832356452
|2
6
5
-1.61245102286339
1.93742079138756
-0.144191873073577
-2.31098252236843
-0.410739910602569
5
-2.7178714543581
2.14888249337674
0.734680590033516
-1.79541719853879
-1.05305466949939
5
-1.44609179794788
1.23380263149738
1.31398876309394
-1.68786408007144
-2.64268430769444
5
0.242844241857525
-0.822430968284606
-1.18143335878849
2.66499374806881
0.321545645594602
5
-1.85358625948429
-1.10996769666671
-2.22084926962852
1.00297566354275
0.715240311622614
5
-0.773558250069615
-2.03409937620163
2.48858884572982
1.83248808681964
-1.92745438814164
2
7
1.84726057648659
4.35004530251025
2.26198687553405
-3.48409173488617
-1.28098668456078
-0.199456176161766
-0.828742739558224
7
0.596396347880363
0.803330713510512
0.134789273142816
1.88906362950802
-0.0143547087907857
0.290983346104622
0.0221501141786569
|2
6
5
-1.59721675515175
1.93742079138756
-0.652162635326385
-2.31098252236843
-0.410739910602569
5
-2.7178714543581
2.61343666017056
0.880576524138435
-1.79541719853879
-1.57940736114978
5
-1.91824884712696
1.23380263149738
1.31398876309394
-1.54463093578815
-2.5638978868723
5
0.242844241857525
-0.822430968284606
-1.18143335878849
2.66499374806881
0.321545645594602
5
-1.81180810034275
-1.31755300760268
-2.22084926962852
0.911300799250607
0.677159738540644
5
-0.773558250069615
-2.03409937620163
2.34509416818618
2.1290675908327
-1.92745438814164
2
7
1.60591018795967
4.31923322975634
2.26198687553405
-3.48409173488617
-1.28098668456078
-0.199456176161766
-0.828742739558224
7
0.596396347880363
0.751973491907118
-0.156176903843879
1.91671663224697
-0.0143547087907857
0.290983346104622
-0.00672735273838102
|2
6
5
-1.59721675515175
1.93742079138756
-0.144191873073577
-2.31098252236843
-0.410739910602569
5
-2.7178714543581
2.14888249337674
0.734680590033516
-1.79541719853879
-1.05305466949939
5
-1.44609179794788
1.23380263149738
1.31398876309394
-1.68786408007144
-2.64268430769444
5
0.242844241857525
-0.822430968284606
-1.18143335878849
2.66499374806881
0.321545645594602
5
-1.85358625948429
-1.10996769666671
-2.22084926962852
1.00297566354275
0.715240311622614
5
-0.773558250069615
-2.03409937620163
2.48858884572982
1.83248808681964
-1.92745438814164
2
7
1.84726057648659
4.35004530251025
2.26198687553405
-3.48409173488617
-1.28098668456078
-0.199456176161766
-0.828742739558224
7
0.414831218123436
1.04728009104729
0.277488934993745
1.47320540547372
0.116086918115609
-0.231206798553466
0.323323088884353
|2
6
5
-1.59721675515175
1.95907465815544
-0.378265964984893
-2.31098252236843
-0.584012758731841
5
-2.25589063465595
2.5558140128851
0.880576524138435
-1.79541719853879
-1.68103554546832
5
-1.91824884712696
1.23380263149738
1.31398876309394
-1.54463093578815
-2.65738574564457
5
0.242844241857525
-0.822430968284606
-1.18143335878849
2.89081913530827
-0.341788890957827
5
-1.85358625948429
-1.10996769666671
-2.22084926962852
0.74279659688473
0.715240311622614
5
-0.773558250069615
-2.03409937620163
1.94513281583785
2.42679565250873
-0.616274893283852
2
7
1.52805853486061
4.35004530251025
2.6951805114746
-3.48409173488617
-1.55946986079216
-0.199456176161766
-0.828742739558224
7
0.613623943924904
1.04728009104729
0.277488934993745
1.55358205437661
0.497887569665902
-0.231206798553466
0.323323088884353
|2
6
5
-0.997036385536195
1.93742079138756
-0.1853160738945
-2.31098252236843
-0.383767384290695
5
-2.7178714543581
2.83351863324643
0.699508604407295
-1.6057392448187
-1.05305466949939
5
-1.44609179794788
1.16666708290577
0.849494248628608
-1.54463093578815
-2.64268430769444
5
0.137331646680828
-0.822430968284606
-1.18143335878849
2.66499374806881
0.321545645594602
5
-1.77717913687229
-1.10996769666671
-1.96567522287368
1.02089378535748
1.23303525447845
5
-0.598381409049031
-2.03409937620163
2.48858884572982
1.790205386281
-1.92745438814164
2
7
1.84726057648659
4.83011300861834
2.42736714482307
-3.24682011008263
-1.15354728102684
-0.541770562529564
0.0562956660985906
7
0.790623041987419
0.612280398607252
-0.146403220295905
1.69163927733899
-0.0143547087907857
0.473624578118325
0.28077189028263
|2
6
5
-1.59721675515175
1.93742079138756
-0.378265964984893
-2.31098252236843
-0.167309772968291
5
-2.75970197021961
2.61343666017056
0.592471012473091
-1.79541719853879
-1.57940736114978
5
-1.91824884712696
1.23380263149738
1.31398876309394
-1.54463093578815
-3.04766375124455
5
-0.188817745447162
-0.822430968284606
-1.68603283464909
2.66499374806881
0.321545645594602
5
-2.11860753595829
-1.10996769666671
-2.22084926962852
1.61119677722455
0.715240311622614
5
-0.773558250069615
-2.03409937620163
2.48858884572982
2.1290675908327
-1.92745438814164
2
7
1.84726057648659
4.46111657917498
2.26198687553405
-3.49971513748169
-1.28098668456078
-0.199456176161766
-0.488169142603878
7
0.596396347880363
0.751973491907118
-0.156176903843879
1.96470263898373
-0.0143547087907857
0.466835245490074
-0.624007198214532
|2
6
5
-1.59721675515175
1.61370348334313
-0.144191873073577
-2.31098252236843
-0.584012758731841
5
-2.25589063465595
2.61343666017056
0.880576524138435
-1.79541719853879
-1.68103554546832
5
-1.91824884712696
1.23380263149738
1.31398876309394
-1.54463093578815
-3.21524488031865
5
0.242844241857525
-0.822430968284606
-0.687641683220863
2.66499374806881
0.321545645594602
5
-1.77717913687229
-1.10996769666671
-2.22084926962852
1.02089378535748
1.23303525447845
5
-1.32864762842655
-2.15662704706192
2.48858884572982
1.66583249866961
-1.6499164402485
2
7
1.84726057648659
4.77290578186511
2.03566406369209
-4.04888083934784
-1.6035721719265
-0.541770562529564
-0.538482967019085
7
0.790623041987419
0.612280398607252
-0.0973923951387394
1.9171865195036
-0.0143547087907857
0.102278390526772
0.28077189028263
|2
6
5
-1.59721675515175
2.1389897108078
-1.68401902914047
-2.88940840661526
-0.410739910602569
5
-2.7178714543581
2.14888249337674
0.646314427256569
-1.79541719853879
-1.05305466949939
5
-1.44609179794788
1.03038654625415
1.31398876309394
-1.54463093578815
-2.81659273207188
5
-0.352972513437275
-0.822430968284606
-1.74583193361759
2.35751768052578
0.321545645594602
5
-1.57795187532902
-1.10996769666671
-2.22084926962852
1.38523103892804
0.715240311622614
5
-0.773558250069615
-2.03409937620163
2.48858884572982
2.45907471477984
-1.92745438814164
2
7
1.84726057648659
4.35004530251025
2.55316489338874
-3.03494832515717
-1.28098668456078
-0.375264391303062
-1.22052192389965
7
1.11464433372021
0.803330713510512
-0.234451809525489
1.73754006326199
-0.361801242828376
-0.287244269251823
0.452266782522201
|2
6
5
-0.897997167706487
1.89017088115215
-0.128551027178764
-1.49870609939098
0.222969233989716
5
-2.8185917198658
2.1348544329405
0.88909400403498
-2.4832165926695
-1.68090323209762
5
-1.25998356044292
1.74136483073234
1.47416420578956
-0.925843206048004
-2.82253768742085
5
0.218508309125897
-0.6017925709486
-1.01272168755531
3.41575923264026
0.300115036964422
5
-1.55728280842304
-0.959458085894579
-2.5587378680706
1.02089378535748
0.288695728778833
5
-0.832654216885563
-1.52781418561935
3.05961175262927
2.50121812820434
-1.67518019378186
2
7
1.84726057648659
4.35004530251025
2.26198687553405
-4.00648863315582
-1.71403190493584
-0.502273425459862
-0.828742739558224
7
0.414831218123436
1.04728009104729
0.277488934993745
1.28587298989297
0.435996204614632
-0.692019176483153
0.0644871294498438
|2
6
5
-0.522867456078527
2.33484018743038
-0.277329620718956
-1.42383666932583
-0.466636681556701
5
-2.22653599381447
2.8514742076397
0.398241779208167
-2.21728826463223
-1.00504598915576
5
-1.09638448357581
1.96305908858776
1.46462265849114
-1.79838740825652
-1.5528504639864
5
0.144837111234661
-0.822430968284606
-0.913432756066318
2.69740223586559
0.368880018591886
5
-1.69326933920384
-1.52896318435668
-1.89266299009323
1.02089378535748
0.715240311622614
5
-0.590357670187947
-2.03409937620163
2.75306066274642
1.83248808681964
-1.92358989715577
2
7
1.57644837498665
4.19855602383612
2.38505627214908
-3.41507592201232
-0.668736284971242
0.0421275824308396
-0.66202648878098
7
0.758572718501091
0.803330713510512
-0.234451809525489
1.73754006326199
0.063654470443719
-0.287244269251823
0.0721290469169611
|2
6
5
-1.61245102286339
1.19718825221062
-0.144191873073577
-2.22774413526058
-0.410739910602569
5
-2.7178714543581
1.61185146272183
0.734680590033516
-1.79541719853879
-1.05305466949939
5
-1.44609179794788
1.23380263149738
1.37069459557532
-1.39924353063106
-2.64268430769444
5
0.242844241857525
-0.822430968284606
-1.18143335878849
3.19558218419552
0.321545645594602
5
-1.85358625948429
-1.10996769666671
-2.22084926962852
1.00297566354275
0.715240311622614
5
-0.248885980248448
-2.03409937620163
2.48858884572982
1.83248808681964
-1.92745438814164
2
7
2.33647876381874
3.85872927010058
2.05877964496612
-3.48409173488617
-1.02094875574112
-0.199456176161766
-0.40483011901379
7
0.414831218123436
1.04728009104729
0.277488934993745
1.91295607686044
0.116086918115609
0.310185432434083
0.323323088884353
|2
6
5
-0.638325074315069
1.82109809815884
-0.68255965411663
-0.368318650126454
-0.367038142681121
5
-2.71650827527046
2.24890760183336
0.824492070078834
-2.47644204795361
-1.51130764782428
5
-0.493016612529746
1.15012979805469
2.35259956717491
-1.53128770589827
-2.60120361447335
5
0.248433893918987
-0.873624646663665
-1.36132153570652
2.71878179311752
0.482324182987218
5
-2.61401018202305
-1.08400584459304
-2.02621573805809
1.14693146646023
0.715240311622614
5
-0.773558250069615
-2.21651312112808
2.38383817672729
1.73931064903735
-2.06035991907121
2
7
1.78702914118767
5.13315708339213
1.81287400722503
-3.64798357486725
-1.32575656175614
0.392384901642799
-0.381171363592152
7
0.53943245112896
1.122004789114
-0.139651143550872
0.262426143884667
0.355217072367662
0.325032317638398
0.245709481835365
|2
6
5
-1.61245102286339
1.35145439505577
-0.635761392116546
-2.22774413526058
-0.0750939965248102
5
-2.7178714543581
1.61185146272183
0.734680590033516
-1.8408591836691
-1.05305466949939
5
-1.44609179794788
1.23380263149738
1.37069459557532
-1.68786408007144
-2.64268430769444
5
0.242844241857525
-0.822430968284606
-1.18143335878849
2.66499374806881
-0.0848120242357202
5
-1.85358625948429
-1.01553612947463
-2.22084926962852
0.910909017920497
0.715240311622614
5
-0.773558250069615
-2.03409937620163
2.48858884572982
1.83248808681964
-1.92745438814164
2
7
1.33604212403298
3.85872927010058
2.26198687553405
-4.03888285160065
-1.02094875574112
-0.199456176161766
-0.40483011901379
7
-0.0913970381021499
1.04728009104729
0.277488934993745
1.91295607686044
-0.0175911605358192
0.310185432434083
-0.231843680143357
|2
6
5
-1.61245102286339
1.34578956961632
-0.144191873073577
-2.31098252236843
-0.410739910602569
5
-2.38346922695637
1.70895701348782
-0.00653642714025104
-2.12571199834348
-0.447435781359665
5
-1.44609179794788
1.23380263149738
1.71588152050971
-1.68786408007144
-2.19697369635106
5
0.184252852201458
-1.21856520175934
-1.18143335878849
2.66499374806881
-0.0516685038804956
5
-1.57795187532902
-1.52896318435668
-2.05445582270622
1.02089378535748
0.715240311622614
5
-0.964561304450032
-2.03409937620163
2.75306066274642
1.83248808681964
-2.0138293504715
2
7
1.57644837498665
4.05651488900183
2.86196303069591
-3.46543328762054
-0.668736284971242
0.625663539767265
-0.973165810108189
7
0.417986533045769
0.512425619363782
0.0682918667793282
1.47320540547372
0.116086918115609
-0.231206798553466
0.310634380578994
|2
6
5
0.00763185918331366
2.77045432031154
-0.277329620718956
-1.4709938377142
-0.466636681556701
5
-2.62831888794899
2.68331345319749
0.926634094119056
-2.21728826463223
-1.62082960903644
5
-0.804454928636542
1.82729140818119
1.002477902174
-1.95779872536658
-1.93767829239369
5
0.144837111234661
-0.539691394567489
-0.913432756066318
2.93092427551746
0.368880018591886
5
-1.65958817899227
-0.513094079494469
-1.84565743803977
1.00297566354275
0.490832042694086
5
-0.773558250069615
-1.76382356286049
2.54640847444534
2.00311976373195
-1.92745438814164
2
7
1.56441237330437
4.1964369803667
2.26198687553405
-3.31367508172989
-0.0724191099405323
-0.386602553725243
-0.744482493400578
7
0.794665166735649
0.985557383298873
-0.257044234871863
1.82277290523053
0.575949704647058
0.136354425549507
0.0742620825767507
|2
6
5
-1.07920480370522
1.93742079138756
-0.0465352177619925
-2.31098252236843
-0.464610111713409
5
-2.56932710707187
1.63742142617703
0.734680590033516
-1.61533327400685
-1.18660657703876
5
-1.46370961964131
1.43961224853992
1.71009467244147
-2.25445562899112
-2.64268430769444
5
0.698586815595623
-0.84359745979309
-1.50422412455082
3.10564385354519
0.434805604815488
5
-1.06410748660565
-0.974690225720401
-2.31861385703087
0.450767049193391
0.152286186814302
5
-0.430953067541119
-2.36412953138352
2.50427595078944
1.8958511352539
-2.04211024045945
2
7
1.84726057648659
4.35004530251025
2.26198687553405
-3.48409173488617
-1.28098668456078
-0.199456176161766
-0.828742739558224
7
0.417986533045769
1.06112518906593
0.0682918667793282
1.47320540547372
0.116086918115609
-0.231206798553466
0.323323088884353
|2
6
5
-1.59721675515175
1.93742079138756
-0.144191873073577
-2.31098252236843
-0.584012758731841
5
-2.7178714543581
2.62003403604031
0.734680590033516
-1.79541719853879
-1.05305466949939
5
-1.44609179794788
1.23380263149738
1.31398876309394
-1.15212920010089
-2.64268430769444
5
0.242844241857525
-0.822430968284606
-1.59567572176456
2.66499374806881
0.321545645594602
5
-1.57795187532902
-1.10996769666671
-2.22084926962852
1.02089378535748
1.14882161617278
5
-1.30241505205631
-2.03409937620163
2.48858884572982
2.56512553989886
-1.92745438814164
2
7
1.78702914118767
5.09899425208567
2.35348496437072
-4.02481770515442
-0.785259544849399
0.0634611040353773
0.415047192573543
7
0.380836328864098
1.0056602537632
0.365197178721429
1.90169460773469
-0.703289204835898
0.41015103161335
0.158499065041542
|2
6
5
-1.59721675515175
1.93742079138756
-0.652162635326385
-2.31098252236843
-0.410739910602569
5
-2.7178714543581
1.60383344590665
0.853417834639534
-1.61195188462735
-1.13312890827655
5
-1.44609179794788
1.31857724487781
1.27573867440223
-1.54463093578815
-2.64268430769444
5
0.242844241857525
-0.480442523956298
-1.18143335878849
3.16449244916439
0.720598551630979
5
-1.29676727652549
-1.10996769666671
-2.07261059582233
1.02089378535748
1.30630934238433
5
-1.25075513422489
-2.92977772951126
2.70992972254752
1.83248808681964
-1.45379859209061
2
7
1.56441237330437
4.38267941772937
1.70352292060851
-4.06489882171154
-0.871208384633067
0.0634611040353773
-0.792419469356541
7
0.954414817690849
1.16032629609108
0.134789273142816
1.48775984942913
0.391449639201158
0.571861001849175
0.20932288467884
|2
6
5
-2.17896614670754
1.93742079138756
0.203008425235749
-1.61194265186787
-1.0100735783577
5
-2.7178714543581
2.6850783199072
0.880576524138435
-1.79541719853879
-1.57940736114978
5
-1.91824884712696
1.23380263149738
1.31398876309394
-1.54463093578815
-2.5638978868723
5
-0.0305491745471991
-0.440334200859069
-0.721864381432533
2.66499374806881
0.321545645594602
5
-1.81180810034275
-1.31755300760268
-2.22084926962852
0.584423205256467
0.677159738540644
5
-0.773558250069615
-2.03409937620163
2.34509416818618
2.1290675908327
-1.61301294565202
2
7
1.72938085198403
4.31923322975634
2.26198687553405
-3.48409173488617
-1.28098668456078
-0.199456176161766
-1.1132094591856
7
0.596396347880363
0.751973491907118
-0.156176903843879
1.91671663224697
-0.0143547087907857
0.290983346104622
0.437882623076438
|2
6
5
-1.59721675515175
1.93742079138756
-0.144191873073577
-2.31098252236843
-0.410739910602569
5
-2.7178714543581
2.55767668187619
1.26123684346674
-1.79541719853879
-1.05305466949939
5
-1.18800007998943
1.23380263149738
0.986443263292304
-1.68786408007144
-2.64268430769444
5
0.242844241857525
-0.434696841239928
-1.18143335878849
2.66499374806881
0.321545645594602
5
-1.85358625948429
-1.10996769666671
-2.22084926962852
1.00297566354275
0.97074316143989
5
-0.773558250069615
-2.03409937620163
2.48858884572982
1.83248808681964
-1.92745438814164
2
7
2.43213105797768
4.35004530251025
2.26198687553405
-3.48409173488617
-1.28098668456078
-0.199456176161766
-0.892643901705746
7
0.414831218123436
1.04728009104729
0.277488934993745
1.47320540547372
0.116086918115609
-0.231206798553466
0.323323088884353
|2
6
5
-1.59721675515175
1.75405904650688
-0.727024018764495
-2.0758934289217
-0.410739910602569
5
-2.7178714543581
2.14888249337674
0.734680590033516
-2.23255003392697
-0.788371583819382
5
-1.44609179794788
1.23380263149738
1.31398876309394
-1.90558399260043
-2.64268430769444
5
0.242844241857525
-0.789693212509154
-1.18143335878849
2.66499374806881
0.321545645594602
5
-1.85358625948429
-1.09972258806228
-2.58159250617027
1.00297566354275
0.715240311622614
5
-0.96294731199741
-1.78529124855995
2.48858884572982
1.83248808681964
-2.24481993913651
2
7
1.84726057648659
4.35004530251025
2.26198687553405
-4.0086758852005
-1.28098668456078
0.32792162001133
-0.828742739558224
7
0.380836328864098
0.589073568582535
0.325755187869073
2.17108001708985
-0.703289204835898
0.41015103161335
0.158499065041542
|2
6
5
-0.522867456078527
2.04474669396877
-0.277329620718956
-1.42383666932583
-0.466636681556701
5
-2.62831888794899
2.68331345319749
0.160824438929542
-1.85563550889493
-1.32974105179309
5
-0.804454928636542
1.70155402719974
1.46462265849114
-1.95779872536658
-2.18859808743001
5
0.144837111234661
-0.822430968284606
-0.913432756066318
2.69740223586559
0.368880018591886
5
-1.57795187532902
-1.01420764923095
-2.05445582270622
0.97063755691052
0.715240311622614
5
-0.741147080063817
-2.03409937620163
2.75306066274642
1.83248808681964
-1.87688269615174
2
7
2.0859606564045
4.19855602383612
2.38505627214908
-3.46543328762054
-0.668736284971242
0.0421275824308396
-1.12040842771531
7
0.417986533045769
0.685854536294934
0.0682918667793282
1.47320540547372
0.26256119012832
-0.811644840240478
0.323323088884353
|2
6
5
-1.75835607647896
1.93742079138756
-0.144191873073577
-2.31098252236843
-0.0285643219947809
5
-3.22466161549091
2.14888249337674
0.392338451743111
-1.79541719853879
-1.05305466949939
5
-1.4845471650362
0.657936361432072
1.31398876309394
-1.92133263647555
-2.5254781395197
5
0.242844241857525
-0.822430968284606
-1.46534818708897
2.66499374806881
0.321545645594602
5
-1.46600588560105
-1.60241097211837
-2.22084926962852
1.02089378535748
0.715240311622614
5
-0.772096195816991
-2.03409937620163
2.48858884572982
1.87978456914424
-1.92745438814164
2
7
1.84726057648659
4.35004530251025
2.26198687553405
-3.48409173488617
-1.28098668456078
-0.199456176161766
-1.31527843177319
7
0.758572718501091
1.15600185990333
-0.234451809525489
1.73754006326199
0.132151436805719
-0.287244269251823
0.237517273426055
|2
6
5
-1.07920480370522
1.93742079138756
-0.199786984920501
-1.89341865479946
-0.464610111713409
5
-2.54071852266788
1.63742142617703
0.734680590033516
-1.61533327400685
-1.05305466949939
5
-1.46370961964131
1.43961224853992
1.71009467244147
-2.25445562899112
-2.64268430769444
5
0.307197445631024
-0.822430968284606
-1.18143335878849
2.45867350995541
0.434805604815488
5
-1.06410748660565
-0.974690225720401
-2.31861385703087
0.574078068137178
0.152286186814302
5
-0.430953067541119
-2.36412953138352
2.13198677003382
1.8958511352539
-2.04211024045945
2
7
1.20055205225945
5.09899425208567
2.35348496437072
-3.94614236354828
-0.240718042850497
0.0938975960016249
0.415047192573543
7
0.380836328864098
1.0056602537632
0.365197178721429
1.90169460773469
-0.703289204835898
0.41015103161335
0.158499065041542
|2
6
5
-1.59721675515175
1.93742079138756
-0.652162635326385
-2.31098252236843
-0.410739910602569
5
-2.7178714543581
2.0053426116705
0.646314427256569
-1.29326604306699
-1.05305466949939
5
-1.44609179794788
1.61209016144275
1.31398876309394
-1.54463093578815
-2.85799409449101
5
0.242844241857525
-0.822430968284606
-1.74583193361759
2.76486440598965
0.321545645594602
5
-1.38803990781307
-0.872817665338509
-1.7435566842556
1.25491371452809
0.715240311622614
5
-0.773558250069615
-2.03409937620163
2.48858884572982
2.1290675908327
-1.92745438814164
2
7
1.84726057648659
4.35004530251025
2.55316489338874
-3.48409173488617
-1.28098668456078
-0.199456176161766
-0.828742739558224
7
0.417986533045769
1.02286623120308
0.0682918667793282
1.47320540547372
0.116086918115609
-0.231206798553466
0.323323088884353
|2
6
5
-0.581256178021428
2.1585263222456
-0.152420470118522
-0.670927259325978
-0.609397041797637
5
-2.71650827527046
2.89780456721784
0.530074676871284
-2.47964646518231
-1.40869906246661
5
-1.68763923943042
1.31643726229667
1.03995984196662
-1.72890702784061
-2.64268430769444
5
0.517262673377987
-0.822430968284606
-0.96572982370853
1.954366466403
0.177685722708708
5
-1.78821753561497
-0.868699312210081
-2.50047814249992
1.02089378535748
0.715240311622614
5
-1.39702500402927
-1.55403174161911
3.02315467596053
1.38911650478839
-2.5118642449379
2
7
1.84726057648659
4.35004530251025
2.26198687553405
-3.48409173488617
-1.28098668456078
-0.199456176161766
-1.31527843177319
7
0.417986533045769
1.06112518906593
0.0682918667793282
1.47320540547372
0.26256119012832
-0.811644840240478
0.323323088884353
|2
6
5
-1.59721675515175
1.80907351374626
-0.144191873073577
-2.31098252236843
-0.0285643219947809
5
-3.22466161549091
2.15197490155698
0.392338451743111
-1.79541719853879
-1.05305466949939
5
-1.44609179794788
1.23380263149738
1.31398876309394
-1.92133263647555
-2.5254781395197
5
0.1008051097393
-1.1598495721817
-1.22373780310154
2.66499374806881
0.321545645594602
5
-1.46600588560105
-1.60241097211837
-2.22084926962852
1.02089378535748
0.715240311622614
5
-0.773558250069615
-2.03409937620163
2.48858884572982
1.43853035867213
-1.92745438814164
2
7
2.23998123407364
4.05563810169696
2.32320409417152
-3.9128821849823
-1.32643482089043
-0.199456176161766
0.211844280362125
7
-0.072732725739479
1.04728009104729
0.277488934993745
1.47320540547372
0.0348187744617394
-0.145257306098937
0.323323088884353
|2
6
5
-1.59721675515175
1.93742079138756
-0.652162635326385
-2.19441193044186
-0.157905036211013
5
-2.85848851501942
2.49418714940549
0.391395923495277
-1.79541719853879
-1.05305466949939
5
-1.70159294903278
1.44229302704333
0.9907313466072
-1.6778414517641
-3.06044000685215
5
-0.205804497003559
-0.822430968284606
-1.25435511171818
2.76486440598965
0.275052431225782
5
-1.55728280842304
-0.959458085894579
-2.5587378680706
1.02607216536999
0.288695728778833
5
-0.832654216885563
-1.52781418561935
3.05961175262927
2.50121812820434
-1.67518019378186
2
7
1.84726057648659
4.35004530251025
2.26198687553405
-4.06976144313812
-1.35364372134209
-0.502273425459862
-0.270330855250363
7
0.414831218123436
1.04728009104729
0.277488934993745
1.28587298989297
0.435996204614632
-0.231206798553466
0.0644871294498438
|2
6
5
-0.897997167706487
1.89017088115215
-0.128551027178764
-1.49870609939098
0.0793904423713692
5
-3.15995581746101
2.1348544329405
0.88909400403498
-1.99931232631208
-1.18128422498702
5
-0.91730310618877
1.74136483073234
1.47416420578956
-1.0750193029642
-2.82253768742085
5
0.686109250783917
-0.6017925709486
-1.01272168755531
3.14827849566936
0.300115036964422
5
-1.57795187532902
-1.5781168103218
-2.51606156229972
1.02089378535748
0.679032778739924
5
-0.773558250069615
-2.03409937620163
2.70275155901908
1.6308712273836
-1.41727985143662
2
7
1.84726057648659
4.27074911892413
2.1792374908924
-3.48409173488617
-1.2067811191082
-0.399245914816856
-0.267644211649899
7
0.790623041987419
0.282710725069044
-0.0973923951387394
1.9171865195036
0.0582883089780742
0.258839932084084
0.28077189028263
|2
6
5
-1.59721675515175
1.93742079138756
-0.144191873073577
-2.31098252236843
-0.410739910602569
5
-2.7178714543581
2.14888249337674
0.734680590033516
-1.79541719853879
-1.42932982742786
5
-1.44609179794788
1.23380263149738
1.31398876309394
-1.69710808098316
-2.64268430769444
5
0.242844241857525
-0.822430968284606
-1.18143335878849
2.66499374806881
0.321545645594602
5
-1.85358625948429
-1.10996769666671
-2.22084926962852
0.709520825743682
0.715240311622614
5
-0.773558250069615
-2.03409937620163
2.7428133368492
1.83248808681964
-2.14035269021989
2
7
1.84726057648659
4.35004530251025
2.26198687553405
-3.48409173488617
-1.28098668456078
-0.199456176161766
-0.828742739558224
7
0.725102397799491
1.22232564687729
-0.156176903843879
1.46606760919094
-0.0143547087907857
-0.0662912040948866
-0.466028448939324
|2
6
5
-1.92877816557884
2.79522642493248
-0.696649253368377
-2.31098252236843
-0.410739910602569
5
-2.7178714543581
2.14888249337674
0.0633969873189775
-1.79541719853879
-0.657880881428711
5
-1.44609179794788
1.23380263149738
1.3850117266178
-1.15298883020877
-2.77800253927708
5
0.242844241857525
-0.206227296590804
-0.983170780539512
3.09129246175289
-0.0111680060625025
5
-1.85358625948429
-0.569829881191246
-2.03709293603897
0.597399052977565
1.28996632099151
5
-1.21036950647831
-2.38254350423813
2.48858884572982
2.0000380128622
-1.75699000954629
2
7
1.84726057648659
3.47649603188037
2.03434200286864
-3.48409173488617
-1.2006611943245
-0.228339597582817
-0.828742739558224
7
-0.138147628307343
2.18818888068199
0.235098195075989
1.24459740519524
-0.715150970220572
-0.605774676799774
0.374136832356452
|2
6
5
-1.61245102286339
1.93742079138756
-0.144191873073577
-2.31098252236843
-0.410739910602569
5
-2.7178714543581
1.18908425271512
0.734680590033516
-2.12571199834348
-0.671983006596558
5
-2.00197954475879
1.23380263149738
1.71588152050971
-1.36574207842349
-2.19697369635106
5
0.409022593498226
-0.74947588443756
-1.13228491842747
2.66499374806881
0.321545645594602
5
-1.85358625948429
-1.10996769666671
-2.22084926962852
1.00297566354275
0.715240311622614
5
-1.28494707643985
-2.03409937620163
2.48858884572982
1.83248808681964
-1.92745438814164
2
7
1.56776087880135
4.35004530251025
2.65247631072997
-3.48409173488617
-1.28098668456078
-0.199456176161766
-0.828742739558224
7
0.596396347880363
0.803330713510512
0.064642354846002
1.88906362950802
-0.0143547087907857
0.290983346104622
0.0221501141786569
|2
6
5
-1.61245102286339
2.01937000155449
-0.144191873073577
-2.31098252236843
-0.410739910602569
5
-2.7178714543581
2.14888249337674
0.572146520018562
-1.79541719853879
-1.05305466949939
5
-1.37028534710407
1.23380263149738
1.31398876309394
-1.68786408007144
-2.64268430769444
5
0.242844241857525
-0.822430968284606
-1.18143335878849
2.66499374806881
0.321545645594602
5
-1.99864357411861
-0.513094079494469
-2.22084926962852
1.00297566354275
0.80455965995788
5
-0.690621924400326
-1.55101186037064
2.50427595078944
2.06579917073249
-1.76017709970475
2
7
2.09749619364739
4.55072853863238
1.77634986639022
-3.36030056476593
-1.74815081954003
0.208057203888893
-0.476949068903927
7
0.413295277953147
2.71476437449455
0.235098195075989
1.18362253308297
0.275956767797463
-0.284046494960785
0.256257751584052
|2
6
5
-1.59721675515175
2.37235936522484
-0.136127364635467
-2.31098252236843
-0.157905036211013
5
-3.42201383411884
2.63287244737149
0.646314427256569
-1.79541719853879
-1.05305466949939
5
-1.44609179794788
1.44229302704333
1.48344885110854
-1.60684266388416
-2.85799409449101
5
0.242844241857525
-0.822430968284606
-1.74583193361759
2.76486440598965
0.754967984557157
5
-1.57795187532902
-1.10996769666671
-2.51606156229972
1.02089378535748
0.715240311622614
5
-0.773558250069615
-2.03409937620163
2.53323782682418
2.40466619431971
-1.65934485197068
2
7
1.84726057648659
4.35004530251025
2.26198687553405
-3.48409173488617
-1.28098668456078
-0.199456176161766
-0.828742739558224
7
0.417986533045769
1.06112518906593
0.0682918667793282
1.47320540547372
0.396707761287682
-0.231206798553466
0.434109550714492
|2
6
5
-1.59721675515175
1.93742079138756
-0.144191873073577
-2.31098252236843
-0.584012758731841
5
-2.7178714543581
2.14888249337674
0.734680590033516
-1.79541719853879
-1.4473140746355
5
-1.44609179794788
1.23380263149738
1.31398876309394
-1.54463093578815
-2.64268430769444
5
0.267584007978436
-0.822430968284606
-1.18143335878849
2.66499374806881
0.321545645594602
5
-1.57795187532902
-1.10996769666671
-2.70875796675682
1.02089378535748
0.715240311622614
5
-0.773558250069615
-2.03409937620163
2.48858884572982
2.1290675908327
-2.39883567094804
2
7
1.84726057648659
4.01739416420459
3.00963109135627
-3.48409173488617
-1.28098668456078
-0.199456176161766
-0.828742739558224
7
0.206626889109611
1.25738549828529
-0.156176903843879
1.91671663224697
-0.0143547087907857
0.290983346104622
-0.295606753230096
|2
6
5
-1.61245102286339
1.35145439505577
-0.144191873073577
-2.22774413526058
-0.410739910602569
5
-2.7178714543581
1.61185146272183
0.734680590033516
-1.79541719853879
-1.05305466949939
5
-1.44609179794788
0.791059473156926
1.37069459557532
-1.68786408007144
-2.64268430769444
5
0.242844241857525
-0.822430968284606
-1.18143335878849
2.66499374806881
0.915287014842038
5
-1.85358625948429
-1.10996769666671
-1.64656428694725
1.00297566354275
0.715240311622614
5
-0.773558250069615
-2.03409937620163
2.48858884572982
1.7152734786272
-1.92745438814164
2
7
1.84726057648659
3.85872927010058
2.26198687553405
-3.48409173488617
-1.02094875574112
-0.199456176161766
-0.40483011901379
7
0.417986533045769
0.512425619363782
0.0682918667793282
1.47320540547372
-0.350312179327018
-0.231206798553466
-0.220869582891465
|2
6
5
-0.522867456078527
2.8807100623846
-0.277329620718956
-1.42383666932583
-0.466636681556701
5
-2.62831888794899
2.68331345319749
0.926634094119056
-2.21728826463223
-1.71187644302844
5
-0.804454928636542
1.82729140818119
1.002477902174
-1.58659415841101
-1.93767829239369
5
-0.442850333452228
-0.822430968284606
-0.913432756066318
2.59488076865673
0.368880018591886
5
-1.57795187532902
-1.52896318435668
-2.05445582270622
1.07869996726513
0.715240311622614
5
-0.604071697592732
-2.03409937620163
2.75306066274642
1.83248808681964
-1.92358989715577
2
7
1.57644837498665
4.19855602383612
2.53788623511791
-3.54037885665893
-0.668736284971242
0.625663539767265
-0.973165810108189
7
0.414831218123436
1.04728009104729
-0.110356199741362
1.91295607686044
0.116086918115609
0.776793098449708
0.323323088884353
|2
6
5
-1.30918224155903
2.1585263222456
-0.140879675745964
-1.45837433040142
-0.367038142681121
5
-2.7333832770586
2.63287244737149
0.646314427256569
-2.0853976815939
-1.05305466949939
5
-1.44609179794788
1.44229302704333
1.48344885110854
-1.60684266388416
-2.85799409449101
5
0.242844241857525
-0.822430968284606
-1.74583193361759
2.87239759862423
0.590136745572095
5
-1.57795187532902
-0.862716484069822
-2.34459509253502
1.16293506324292
0.715240311622614
5
-0.428174504637715
-2.31091264486313
2.48858884572982
2.6647217541933
-1.45379859209061
2
7
1.84726057648659
4.35004530251025
2.31062601804733
-3.48409173488617
-0.928183788061146
-0.199456176161766
-0.828742739558224
7
-0.201774489879608
2.35246302485466
0.235098195075989
0.445483297109608
-0.715150970220572
-0.366098201274872
-0.231469985842706

