50
4207
|FiveLongFeelerGenome 30
3
6
7
1.03111322522163
-0.715478181838987
18.2747861683369
4.00400335788727
-21.4735620617867
0.585373902320866
-0.845801484584807
7
-10.8512604534626
15.3884526312351
10.1815884888172
-18.6244111418724
-2.34345487356186
-3.15528509616851
-2.83235611319542
7
-5.24513456225395
-11.6335901319981
-16.4104521036148
-0.312425374984743
5.10207313895226
4.38698436021805
-2.86710308790207
7
1.32653756141663
2.18910466432572
-3.49428765773773
3.86883810162545
-9.87589224576951
5.60339785814284
-12.1511695742607
7
7.2769180059433
-1.3033707022667
2.03809245228768
-15.3169423997402
4.09830636978148
6.63667137622833
1.33491117358207
7
8.73753518462182
-1.6849740087986
-1.07807043194771
0.0118142783641817
14.0329941928387
3.33806439042092
-8.54425760507584
6
7
-3.93157014250755
9.71352054476737
8.61728540062905
-1.98137878775596
-4.96497200131416
0.448635905981055
-1.2712966799736
7
15.1692629635334
3.50335129499435
3.54694665670395
-0.138693434000014
8.37500957846641
4.45293352007866
4.15699340701104
7
-11.7325968563557
-11.9130937576294
4.44976698160172
11.4295107781887
9.82501200437544
8.50532481670379
-5.76920318603514
7
-4.04399215579033
-8.87854718565941
11.4218464612961
2.88780857920647
1.26764824390412
3.40916545391083
-1.21994614601135
7
-17.6024599194527
0.610527461767194
2.11709562540055
-13.8277283847332
-1.2346729516983
5.27204781770706
8.55558782219887
7
-5.09183251857757
11.3411041259766
-6.68393451571464
14.4855336725712
2.26986536383629
-3.68031888604164
1.18235579133034
2
7
6.90892741680145
3.94101015925408
-22.7571827590466
-11.9340946555138
-4.07386785745622
2.58791655898093
-1.417099827528
7
8.25290780663491
-0.646267169713967
8.48309986591339
11.2156598329544
12.3614376962185
24.678537774086
17.7372529506683
|FiveLongFeelerGenome 30
3
6
7
1.01584537625313
-0.588837361335752
17.9425666153431
3.69836785793305
-21.590457880497
0.122915291786198
-0.258302599191664
7
-10.5104734241962
15.5123304188252
10.5948021709919
-18.8708127200604
-2.49198395013809
-3.12819328308105
-2.81815063357353
7
-5.24208714365959
-12.0606111109257
-16.4104521036148
0.703434896469115
4.51417683959007
4.59118822813034
-3.24454082250595
7
1.32653756141663
2.26291040182114
-3.5831193447113
4.08360949754715
-10.5956501066685
5.41902946233748
-12.5266448438168
7
7.34379947781563
-0.235199540853504
1.58395138978959
-16.3352218091488
3.80811880230902
6.27305243611335
0.989967918395994
7
8.73753518462182
-1.34719691872596
-0.596572285890577
0.0118142783641817
15.040318530798
3.33806439042092
-9.08280199170113
6
7
-5.76559163928032
11.3142482757568
5.63069074153901
-1.28442043662071
-5.24546420574188
1.49356352686881
0.241048347949981
7
14.9699623882771
3.62257755994796
3.61288393735885
-0.555625158548354
8.19036645293236
4.36706799864769
4.15699340701104
7
-11.7325968563557
-11.9130937576294
4.94382609128952
11.2413671731949
9.36918553113936
8.50532481670379
-5.75030806064604
7
-4.02930387854576
-9.54843975901604
11.3523081541061
3.31813418269158
1.56164808869362
3.40916545391083
-1.24157140254974
7
-17.06905823946
0.179398894309995
1.54616705179215
-13.8553459107876
-1.12989621162415
5.23903776407242
9.363886064291
7
-5.09183251857757
11.3411041259766
-6.17545534968376
14.2694809317589
2.58790683150291
-3.68031888604164
1.18235579133034
2
7
7.43243095874787
3.71593541502953
-22.0266736388207
-12.0699137806892
-4.07386785745622
2.58791655898093
-1.417099827528
7
8.31493417620659
0.677428370714195
9.54717016220093
12.2898242115974
12.4776714742184
27.0891003847122
17.0059271872044
|FiveLongFeelerGenome 30
3
6
7
0.532645207643507
-1.27142570614815
17.9469389021397
3.33538944721222
-21.040399324894
0.871835184097294
-0.387464249134062
7
-11.2902313530445
15.9458030760288
10.2840377867222
-18.7538953006268
-1.74719537496567
-4.27053515911102
-2.83235611319542
7
-4.75319563150406
-12.5810448288918
-21.4108405828476
-0.661024159193041
5.24288995265961
5.68700005412102
-2.35199791789055
7
1.32653756141663
2.28401373624802
-3.99065554141998
4.30673440098763
-9.77643800973893
5.28340617418288
-13.2083476483822
7
6.88191688060761
-1.3033707022667
1.78700142502785
-14.9826224267483
4.09830636978148
6.3347600698471
1.33491117358207
7
8.73753518462182
-1.6849740087986
-1.07807043194771
0.0118142783641817
14.6080006539822
3.33806439042092
-8.95684500932694
6
7
-2.68723539113998
10.0209605634212
8.61728540062905
-2.4871029317379
-5.26885827183724
0.22570134997367
-1.2994500041008
7
13.7554851293564
2.86921800374984
2.17332406640053
0.133412325382234
8.45572352409363
4.68860731720925
3.82558230757715
7
-12.2932704865932
-12.3028039038181
3.79795099496841
10.5034445881843
10.3239149689674
9.36672732830047
-4.37053804397581
7
-4.04399215579033
-9.05679978728295
11.9073570489883
3.013246768713
1.06904082298279
3.40916545391083
-1.29338331222534
7
-16.7248260736466
0.802232217788694
2.59030224084855
-16.3478302121162
-1.42928549051285
8.5685631275177
8.55679379701614
7
-5.09183251857757
11.8601916790009
-6.55462521910667
14.05433588624
2.22018341422081
-3.71819875836372
1.31896713376045
2
7
6.25079064369202
4.74365965127945
-22.3276962220669
-12.0279267132282
-4.39036946892739
2.80794395804405
-2.20468524694443
7
8.37601369023323
-0.63609558939933
8.67838955521584
10.6215616941452
12.758666986227
24.4553356587887
18.1526423692703
|FiveLongFeelerGenome 30
3
6
7
0.532645207643507
-1.27142570614815
17.9469389021397
3.33538944721222
-21.040399324894
0.871835184097294
-0.387464249134062
7
-11.2902313530445
15.9458030760288
10.2840377867222
-18.7538953006268
-1.74719537496567
-4.27053515911102
-2.83235611319542
7
-4.75319563150406
-12.5810448288918
-21.4108405828476
-0.661024159193041
5.24288995265961
5.68700005412102
-2.35199791789055
7
1.32653756141663
2.28401373624802
-3.99065554141998
4.30673440098763
-9.77643800973893
5.28340617418288
-13.2083476483822
7
6.88191688060761
-1.3033707022667
1.78700142502785
-14.9826224267483
4.09830636978148
6.3347600698471
1.33491117358207
7
8.73753518462182
-1.6849740087986
-1.07807043194771
0.0118142783641817
14.6080006539822
3.33806439042092
-8.95684500932694
6
7
-2.68723539113998
10.0209605634212
8.61728540062905
-2.4871029317379
-5.26885827183724
0.22570134997367
-1.2994500041008
7
13.7554851293564
2.86921800374984
2.17332406640053
0.133412325382234
8.45572352409363
4.68860731720925
3.82558230757715
7
-12.2932704865932
-12.3028039038181
3.79795099496841
10.5034445881843
10.3239149689674
9.36672732830047
-4.37053804397581
7
-4.04399215579033
-9.05679978728295
11.9073570489883
3.013246768713
1.06904082298279
3.40916545391083
-1.29338331222534
7
-16.7248260736466
0.802232217788694
2.59030224084855
-16.3478302121162
-1.42928549051285
8.5685631275177
8.55679379701614
7
-5.09183251857757
11.8601916790009
-6.55462521910667
14.05433588624
2.22018341422081
-3.71819875836372
1.31896713376045
2
7
6.25079064369202
4.74365965127945
-22.3276962220669
-12.0279267132282
-4.39036946892739
2.80794395804405
-2.20468524694443
7
8.37601369023323
-0.63609558939933
8.67838955521584
10.6215616941452
12.758666986227
24.4553356587887
18.1526423692703
|FiveLongFeelerGenome 30
3
6
7
0.532645207643507
-1.27142570614815
17.9469389021397
3.33538944721222
-21.040399324894
0.871835184097294
-0.387464249134062
7
-11.2902313530445
15.9458030760288
10.2840377867222
-18.7538953006268
-1.74719537496567
-4.27053515911102
-2.83235611319542
7
-4.75319563150406
-12.5810448288918
-21.4108405828476
-0.661024159193041
5.24288995265961
5.68700005412102
-2.35199791789055
7
1.32653756141663
2.28401373624802
-3.99065554141998
4.30673440098763
-9.77643800973893
5.28340617418288
-13.2083476483822
7
6.88191688060761
-1.3033707022667
1.78700142502785
-14.9826224267483
4.09830636978148
6.3347600698471
1.33491117358207
7
8.73753518462182
-1.6849740087986
-1.07807043194771
0.0118142783641817
14.6080006539822
3.33806439042092
-8.95684500932694
6
7
-2.68723539113998
10.0209605634212
8.61728540062905
-2.4871029317379
-5.26885827183724
0.22570134997367
-1.2994500041008
7
13.7554851293564
2.86921800374984
2.17332406640053
0.133412325382234
8.45572352409363
4.68860731720925
3.82558230757715
7
-12.2932704865932
-12.3028039038181
3.79795099496841
10.5034445881843
10.3239149689674
9.36672732830047
-4.37053804397581
7
-4.04399215579033
-9.05679978728295
11.9073570489883
3.013246768713
1.06904082298279
3.40916545391083
-1.29338331222534
7
-16.7248260736466
0.802232217788694
2.59030224084855
-16.3478302121162
-1.42928549051285
8.5685631275177
8.55679379701614
7
-5.09183251857757
11.8601916790009
-6.55462521910667
14.05433588624
2.22018341422081
-3.71819875836372
1.31896713376045
2
7
6.25079064369202
4.74365965127945
-22.3276962220669
-12.0279267132282
-4.39036946892739
2.80794395804405
-2.20468524694443
7
8.37601369023323
-0.63609558939933
8.67838955521584
10.6215616941452
12.758666986227
24.4553356587887
18.1526423692703
|FiveLongFeelerGenome 30
3
6
7
0.761078363656996
-1.19786272644996
17.9469389021397
3.33538944721222
-21.0462072730065
0.98903105258942
-0.334112322330474
7
-11.4819099485874
15.581628882885
10.1815884888172
-18.5716710448265
-1.80551575422287
-3.15528509616851
-2.96667649149895
7
-5.24513456225395
-11.7896735966206
-16.4104521036148
-0.312425374984743
5.2459816634655
4.38698436021805
-3.10771919488907
7
2.0580231487751
3.82942088842392
-2.16803377270698
3.06808974146843
-9.25444739460946
6.75917363166808
-11.7825518190861
7
6.58825876712799
-2.93558620810509
1.65560256242753
-16.0353944182396
3.30869227051733
6.98866907358169
3.08794780373573
7
9.10093595385552
-0.564356094598768
-0.751390480995176
-1.07655504345894
12.4802490353584
2.53525684475899
-8.18687208294869
6
7
-2.71271716356277
10.0209605634212
8.69804714322091
-3.02901358008384
-5.7137120783329
1.33703994750976
-1.37574697732926
7
15.7887065470219
4.25614270567894
1.99548951387405
-0.167797082662581
8.33595604300499
3.89577369093895
2.3608710050583
7
-12.5999897420406
-11.5880867004394
2.71118894219399
10.8918520569801
10.5267783761024
8.96425936222076
-4.31937680244444
7
-4.65089752078056
-9.43746518492699
12.7446612179279
2.56196102499962
1.22721059918404
3.40916545391083
-1.24157140254974
7
-15.316204982996
-0.275940597057345
1.38008965849877
-16.2459355056286
-1.969980686903
7.13073440790176
10.9321361422539
7
-4.9734423160553
11.3411041259766
-6.68393451571464
14.4855336725712
2.44968478679657
-3.70918925404549
0.547078949213028
2
7
7.96171391010285
4.48049457073212
-22.7571827590466
-11.8269387960434
-3.62645851373674
2.58791655898093
-0.913280838727953
7
9.95924637317657
-0.538816446065895
8.23942221403122
11.4228882133961
13.1438055038452
27.0435185670853
18.8775413811207
|FiveLongFeelerGenome 30
3
6
7
1.60481110811233
-1.58122608661651
18.248134881258
4.19902768731118
-21.1013180851937
0.107432007789616
-1.95499604940414
7
-11.3351744115352
14.8371610462666
9.78792131543159
-18.9073684930801
-2.37713360190392
-4.39169785380363
-2.95456506609917
7
-5.67201365232467
-11.006551104784
-16.540719127655
-0.688735651969911
5.26937703490257
4.38513785600662
-3.18223183751106
7
1.62655351161957
2.40403026938439
-3.43208603262901
3.93921175599099
-10.4027163803578
4.77086612582205
-12.5266448438168
7
6.87786674499512
-1.3033707022667
1.78351176381112
-14.9057892978191
3.8358575105667
6.3347600698471
1.81788718104362
7
9.88588404655457
-2.25978928208351
-1.53463161587715
-0.22801461815834
15.7340250432491
3.86985288262368
-7.60227354168892
6
7
-3.87844495177269
9.75561384558677
8.61728540062905
-1.98137878775596
-4.96497200131416
1.02864593863486
-1.27922600507736
7
14.8652897179127
3.54852577447891
3.54694665670395
-0.138693434000014
8.37500957846641
4.45293352007866
4.73891689181329
7
-11.2230114758015
-11.421826505661
5.33642781972885
10.7027720212936
8.49309474229811
8.27742753028869
-5.50397414565085
7
-3.33134311437607
-8.18045179247856
11.9073570489883
2.88780857920647
1.2298749268055
3.40916545391083
-1.97495293617248
7
-17.4323443889618
-0.000878095626833775
2.63291996717454
-16.3478302121162
-1.42928549051285
8.7405502140522
8.55679379701614
7
-6.18083897233009
11.7894081115723
-7.64064580202102
14.2746253907681
3.54551002383232
-2.56909199357033
1.85034528374672
2
7
5.8836651980877
3.95732773542404
-22.5879674851894
-12.3761819958687
-4.26569538712503
3.3663242816925
-1.610957467556
7
9.80336065888405
-0.860437268018715
7.49887803792954
11.2446323931217
12.2900247573852
26.8500111341477
17.6806533336639
|FiveLongFeelerGenome 30
3
6
7
1.01584537625313
-0.588837361335752
17.9425666153431
3.69836785793305
-21.9229884266854
0.122915291786198
-0.258302599191664
7
-11.5770201325416
14.0156786024571
9.83749892711639
-18.4441156625748
-2.25340709090233
-4.03655335307121
-1.5024661719799
7
-5.24208714365959
-12.0606111109257
-16.4104521036148
0.255020189285277
4.51417683959007
4.59118822813034
-3.24454082250595
7
2.8464537858963
4.15571503043175
-1.70212877392769
3.31963502764702
-8.0492005467415
5.22048662900924
-12.9032424390316
7
7.34379947781563
-0.235199540853504
1.58395138978959
-16.3352218091488
3.80811880230902
6.27305243611335
0.989967918395994
7
8.73753518462182
-1.34719691872596
-0.596572285890577
0.0118142783641817
15.040318530798
3.33806439042092
-9.08280199170113
6
7
-3.83345715403557
9.71352054476737
8.41766510605813
-1.56421063542366
-4.45003480911255
0.403568214178076
-1.32820857763291
7
14.657310372591
3.53242751359939
4.10743550062179
-0.323850828409194
8.4080750644207
4.13060323596001
4.15699340701104
7
-12.8279842317104
-12.1111529171467
3.55008521676064
10.5034445881843
10.3239149689674
9.36672732830047
-4.78593254089354
7
-4.04399215579033
-9.71256713271141
11.9073570489883
2.88780857920647
1.06904082298279
3.40916545391083
-1.28221573829651
7
-17.7603233337402
0.145396852493283
3.10016126036645
-18.0948660969734
-2.35462083220482
9.43073598742485
10.5720948576927
7
-5.43185050487518
11.3411041259766
-6.55462521910667
14.05433588624
2.58790683150291
-3.68031888604164
1.03535214066505
2
7
4.79563238620758
3.58428172469139
-23.9501419425011
-12.0714084684849
-4.35854795575143
1.31686841845512
-1.52799178957939
7
8.37601369023323
-0.63609558939933
8.48309986591339
10.6215616941452
12.758666986227
24.4553356587887
18.1526423692703
|FiveLongFeelerGenome 30
3
6
7
0.375830322504042
-1.27142570614815
17.9469389021397
3.33538944721222
-21.040399324894
0.272083663940434
0.0302144885063184
7
-10.5104734241962
15.5123304188252
10.5948021709919
-18.8708127200604
-2.49198395013809
-3.12819328308105
-2.81815063357353
7
-5.51326421499252
-12.8310887217522
-21.1862290382385
-0.205662602186205
5.24288995265961
5.68700005412102
-2.28051361441612
7
0.948649215698246
2.26291040182114
-3.5831193447113
4.08360949754715
-10.5956501066685
5.41902946233748
-12.5266448438168
7
6.88191688060761
-1.3033707022667
1.78700142502785
-14.9826224267483
4.48556828498839
6.71119544506073
1.33491117358207
7
8.68962971568108
-1.22228680253029
-1.07807043194771
-0.312120896577835
14.6803126513958
3.33806439042092
-9.38406168222428
6
7
-5.76559163928032
11.3142482757568
5.63069074153901
-1.28442043662071
-5.24546420574188
1.867645996809
0.0312265753746022
7
14.9699623882771
3.62257755994796
3.61288393735885
-0.555625158548354
8.19036645293236
4.36706799864769
4.15699340701104
7
-12.3194647610187
-11.9130937576294
4.94382609128952
11.2413671731949
8.99115241765974
8.50532481670379
-5.75030806064604
7
-4.6188589990139
-9.54843975901604
11.0244539499283
3.31813418269158
1.56164808869362
3.40916545391083
-1.24157140254974
7
-17.06905823946
-0.235813784599307
1.54616705179215
-13.8553459107876
-1.12989621162415
5.11733034849167
9.363886064291
7
-5.09183251857757
11.3411041259766
-6.17545534968376
14.2694809317589
2.58790683150291
-3.68031888604164
1.18235579133034
2
7
7.43243095874787
3.71593541502953
-22.0266736388207
-12.0699137806892
-4.07386785745622
2.58791655898093
-1.417099827528
7
8.31493417620659
0.677428370714195
9.87882652282715
12.2898242115974
12.4776714742184
27.0891003847122
17.0059271872044
|FiveLongFeelerGenome 30
3
6
7
-0.589408743381502
-1.90254498124122
17.7451803505421
4.02065107822419
-20.9772112905979
0.255462604761127
0.0663034141063703
7
-11.2902313530445
15.9458030760288
10.1331177532673
-18.6994787156582
-1.74719537496567
-3.6848468542099
-3.05434123873711
7
-5.29683276414871
-12.5810448288918
-21.1862290382385
0.324168521165846
4.90140740871429
5.68700005412102
-2.2633281826973
7
1.75444345474244
1.68251434564591
-3.14215220212936
3.86028321385384
-9.00517052412034
6.1934460222721
-12.3865753293037
7
6.88191688060761
-2.26322122812272
2.36013513207436
-14.8461260974407
3.69837026596068
6.47989053726196
1.81220089793205
7
9.39694323539734
-2.25978928208351
-1.07807043194771
0.0118142783641817
14.9545509278774
3.33806439042092
-8.31031926870346
6
7
-2.80979607105255
10.4960272550583
7.46613402366639
-2.49022065997124
-7.74927045106888
0.978090608119956
-0.446002924442293
7
13.7554851293564
3.32345399856567
2.10568941235542
0.489911520481111
7.90424475669861
4.73790939450264
3.82558230757715
7
-13.0287940144539
-11.5178707420826
3.58240783810616
10.8092251420021
11.6215382754803
8.91217608451843
-4.59518508315085
7
-3.78929303884506
-9.08910467028618
11.6851129293442
3.31813418269158
1.6988274872303
3.63002047538758
-0.687435817718504
7
-17.3963008999825
-0.301497578620913
1.54616705179215
-13.4651515901089
-1.12989621162415
5.67988384962082
9.13980824351311
7
-5.09183251857757
11.3411041259766
-6.55462521910667
14.2842438101769
2.58790683150291
-3.68031888604164
1.62009380459785
2
7
6.71252126693726
3.89143687486649
-22.5728069245815
-12.8236438393593
-4.82037721276284
3.13220807909965
-2.06242603063584
7
8.36194834709168
-1.99818419814109
7.99361065030098
12.0801187574863
10.4503829419613
25.4065727710724
16.8625181257725
|FiveLongFeelerGenome 30
3
6
7
0.87416494488716
-1.19786272644996
17.9469389021397
3.33538944721222
-21.040399324894
0.871835184097294
-0.949826133251189
7
-11.2902313530445
15.6224438250065
10.2840377867222
-18.7535125672817
-2.07328361272812
-3.6848468542099
-2.05994373559952
7
-5.29683276414871
-13.0259054303169
-21.1862290382385
-0.205662602186205
4.62393145561218
5.55733069777489
-1.77027055621147
7
1.62655351161957
2.40403026938439
-2.80603191256523
3.86883810162545
-9.76543961167337
5.26259528994559
-12.5266448438168
7
6.88191688060761
-1.12746515870095
1.78700142502785
-14.9826224267483
4.4352250099182
6.3347600698471
0.974642866849897
7
9.24693883657456
-1.55376599431038
-0.751390480995176
-1.42982893586159
12.9595293879509
2.87838740944863
-8.3422157406807
6
7
-2.80979607105255
10.4960272550583
7.46613402366639
-2.82579347491264
-7.69757899045944
0.572956597805014
-0.282934987545015
7
13.7554851293564
2.5509775519371
1.58000970482826
0.133412325382234
8.18917004466057
4.30431450009346
3.82558230757715
7
-13.3031497180462
-10.9853789567947
3.53453441262245
11.3187554478645
10.7811956822872
9.23998327851295
-4.87139601707457
7
-3.88866852521896
-8.90240203738213
11.9073570489883
2.54420587420464
1.06904082298279
3.50043044090271
-1.72000710964203
7
-17.247333407402
0.802232217788694
2.31918905973435
-16.5611025214195
-1.38041013479233
8.5685631275177
8.99259811639786
7
-6.03701556324959
12.1287963867188
-7.32605070471763
14.8475735604763
2.75524863600731
-2.56909199357033
1.35238416790962
2
7
7.58707103729248
3.71593541502953
-22.2222300648689
-12.0699137806892
-4.07386785745622
2.49411248564719
-1.62244753241539
7
8.36194834709168
-2.08373672366142
7.99361065030098
12.0801187574863
10.6941393077373
24.8549847841263
16.796085101366
|FiveLongFeelerGenome 30
3
6
7
0.937127530574797
-1.19786272644996
17.9469389021397
3.33538944721222
-20.8822027802468
0.883880019187931
-0.351669633388518
7
-11.3351744115352
14.8709060966969
9.44301813244819
-19.4936290025711
-2.3760004222393
-4.495393627882
-2.47529544234276
7
-5.76325260400772
-11.0065666973591
-16.0781485080719
-0.17767426967621
5.70208644270897
4.83650499582291
-3.639323168993
7
1.32653756141663
2.10258325338364
-3.80394584536552
4.34103246927262
-9.60007734894754
5.39364761114119
-13.2083476483822
7
6.26512687802315
-0.701074355840687
1.58395138978959
-16.6304085671902
2.80393643975256
5.42430709004402
2.13498599529266
7
9.30011186003686
-2.29925387501716
-1.63551192879677
-0.193502885103226
14.4846336305141
3.86539201140404
-8.41258817911148
6
7
-3.93157014250755
9.84058107733726
8.70703510046006
-2.1811136841774
-4.58951225280762
0.73935975432395
-1.55865632295609
7
15.3921897411346
3.16750067472457
3.18331602215767
0.421539044380189
8.4765213906765
3.80970939993859
3.01240312457086
7
-12.8279842317104
-12.3779408037662
3.58240783810616
10.5385989069939
10.3366760611534
9.5937709391117
-4.52527005076406
7
-4.02930387854576
-9.75299174189568
11.9312618970871
3.08941757082939
1.09572134613991
3.64133038520813
-1.19546508789062
7
-16.6536822319031
1.07790935635566
3.82818161249162
-14.8664086937904
-1.83233299255371
6.11404106020927
9.23557978868485
7
-6.43049619793892
11.3649744987488
-7.32605070471763
13.741723459959
3.25426959991455
-2.56909199357033
1.42424519658089
2
7
6.75911729931832
4.43042731285096
-23.4535324454308
-12.1812768816948
-3.60699325799943
2.34324800968169
-1.5119653403759
7
8.8086246073246
-0.667944139242165
8.48309986591339
10.7098841905594
13.0823721706867
24.4607461929321
18.2988986492157
|FiveLongFeelerGenome 30
3
6
7
0.543223983049391
-1.65651517510414
17.6420718729496
3.33538944721222
-21.040399324894
0.883880019187931
-0.351669633388518
7
-11.3351744115352
14.3737036526203
9.36143077015876
-19.8980371713638
-2.3760004222393
-4.30335869193077
-3.01263803839683
7
-5.76325260400772
-11.0065666973591
-16.0781485080719
-0.17767426967621
5.70208644270897
4.36579791307449
-3.57091653943062
7
1.35358746051789
1.82835205793381
-3.77303828597069
3.65931659340859
-9.87589224576951
4.79789472818373
-13.2083476483822
7
6.60230701565743
-0.701074355840687
1.44077428579331
-16.7668152034283
3.33347988724707
5.64979882836341
2.13498599529266
7
8.92928586006165
-3.16263821721077
-1.06920834183693
0.0118142783641817
14.2340320527554
3.37867782711983
-9.29471901655197
6
7
-5.84637989997864
11.3729307174683
5.9095787525177
-1.24249121546745
-5.14162420034409
2.58637909293174
-1.03235741853714
7
16.0046458125114
4.68069483637809
2.16845335364342
0.634654837846757
8.71937288641929
3.89577369093895
1.71669545173646
7
-12.8279842317104
-11.9200287342071
3.59026485085487
10.0635913491249
10.3239149689674
9.14402270913124
-4.52527005076406
7
-4.02930387854576
-9.75299174189568
12.8381362199783
2.95052656531334
1.09572134613991
3.96570887565613
-0.725225281715391
7
-16.6536822319031
1.07790935635566
3.82818161249162
-13.9389404416084
-1.76947824954987
5.44219769835472
9.23557978868485
7
-6.03701556324959
12.044341135025
-7.32605070471763
13.8329279363155
2.31517052054405
-2.56909199357033
1.53075757622719
2
7
6.75911729931832
4.24148451685906
-23.4535324454308
-12.0699137806892
-4.07386785745622
2.34324800968169
-1.5119653403759
7
8.37601369023323
-1.04208003878593
8.81919560432434
10.6215616941452
12.6985938727856
24.4553356587887
18.1526423692703
|FiveLongFeelerGenome 30
3
6
7
1.04058340787887
-1.83121088147163
17.9469389021397
3.33538944721222
-21.040399324894
0.871835184097294
-0.387464249134062
7
-10.6520906984806
15.9799935162068
11.1475791275501
-18.8460888326168
-2.49198395013809
-2.15192670822143
-3.12130619883537
7
-5.24513456225395
-11.2535032510758
-16.2602770268917
0.138965189456938
5.08444995284081
4.24213591814041
-2.90912257432938
7
1.16407179832459
2.98156753778458
-3.20847935080528
4.2841304242611
-9.19541462063791
5.71615805029868
-12.3180028855801
7
8.30620048046112
-1.92479647397995
3.03903535008431
-14.4500804841518
3.89793369770049
4.77105803489685
0.664354395866392
7
9.60145190954209
-1.77838921546936
-1.60555801987648
-0.158807009458542
13.6745165467262
4.19139454364777
-8.59588560461998
6
7
-4.05970098376274
9.89470281600951
8.4175962984562
-2.51142908334732
-4.72263987064362
0.403568214178076
-0.588884842395784
7
15.5190770924091
3.50265585184097
3.61288393735885
-0.1987387239933
8.19036645293236
4.36706799864769
4.83746194839479
7
-12.0151779294014
-11.6756595551968
3.34610493779183
10.9379301548004
9.94223970174788
9.50750837922095
-4.78895142078398
7
-6.49584767818451
-9.26090094447136
10.8379906415939
2.54284002184868
0.955635792016985
3.0669336616993
0.0541345894336721
7
-16.7980166018009
1.07790935635566
3.82818161249162
-14.1168056428432
-1.37996084690094
5.56726095080375
9.48511568903923
7
-5.33999443054199
11.9512659788132
-6.9901106774807
14.1679339468479
2.27772416472435
-3.47739899158478
1.18235579133034
2
7
7.21830749511719
3.9215309381485
-21.4440460562706
-12.0699137806892
-4.07386785745622
2.58791655898093
-2.23144852519036
7
9.00448351502419
-0.613696712255471
8.48842329978943
11.7934369802475
12.9290446221828
24.597014194727
18.2988986492157
|FiveLongFeelerGenome 30
3
6
7
0.83420008420944
-1.0161945104599
18.248134881258
3.37187154889107
-22.2385810911656
0.704878956079487
-1.3014697432518
7
-10.9522799551487
15.4032498955727
10.1815884888172
-19.0147676825523
-1.80551575422287
-2.58160851001739
-2.83235611319542
7
-6.02965609431266
-12.3048000991345
-19.2284917771816
0.664340305328367
5.63335476517677
4.93472012281418
-2.97375193834305
7
1.95577294230461
3.76015337705612
-3.09784895777702
3.76723799109459
-8.68075884580613
4.47517834901809
-13.7606636404991
7
8.45181331634522
-2.09642392992974
2.65026209950448
-14.372520583868
3.89793369770049
5.86234708428383
0.531251311302183
7
8.69712960124017
-2.77177112698555
-0.737931281328199
0.0739285886287691
14.2340320527554
3.14009562134743
-9.96188431978226
6
7
-4.39276110529899
9.71352054476737
8.47876217961312
-1.41174963712692
-4.79118649363518
0.445803850889197
-1.12838379144669
7
13.8697267591953
4.23302050828933
3.99594166874885
-0.165303593873976
9.77646879553795
4.00549418926239
3.26708094477655
7
-13.6719643294811
-12.1111529171467
3.15965393185616
10.8918520569801
11.1900734841823
8.64590504169464
-4.58549213409422
7
-3.6364362180233
-9.37874462008476
12.3107268095016
2.95052656531334
1.09572134613991
3.64133038520813
-0.892740035057066
7
-16.9665293693543
-0.157821798324588
2.48439967036248
-16.0510924220085
-2.44403337836266
11.2277473628521
10.3993173956871
7
-5.33999443054199
10.9877006292343
-7.57263876795769
14.4855336725712
2.08385052084923
-3.44212443828583
1.18235579133034
2
7
6.43812345266342
4.4562580049038
-23.4535324454308
-11.934741961956
-3.48755835294725
2.30568892955779
-1.79243492484093
7
8.31493417620659
0.629465824365623
9.54717016220093
12.8540577054024
12.4776714742184
27.6716415643692
17.0059271872044
|FiveLongFeelerGenome 30
3
6
7
0.933763396739958
-1.12891743779182
18.4705397188663
4.20744526386261
-20.8093804478646
0.375467157363896
-0.610534131526946
7
-12.127256500721
14.0156786024571
9.83749892711639
-18.592683506012
-2.38355180621147
-4.00234889388084
-2.06715871691704
7
-6.04422971606254
-12.2462477624416
-18.8985747754574
0.98580913543701
5.5174525976181
5.2353370308876
-2.57452694177628
7
2.63580505251885
4.6715035378933
-1.70212877392769
4.13504974246025
-8.40651413202287
5.18960353136061
-13.4601601541042
7
7.43957316875458
-0.915427005290989
1.16656705141068
-14.967461168766
3.62475684285162
6.22233746051788
1.58163227438926
7
7.66768857240678
-1.93730325102806
-1.24231877326965
-2.19222721457481
13.9337686955929
3.80569519400597
-7.61932182312012
6
7
-3.83345715403557
9.5010647714138
8.61728540062905
-1.56421063542366
-5.03047914505005
0.403568214178076
-1.12838379144669
7
14.7367343008518
3.52590996026992
4.10743550062179
-0.323850828409194
8.38294262290001
3.81283320784569
4.15699340701104
7
-11.7325968563557
-11.9130937576294
4.94382609128952
11.3490637302399
9.36918553113936
8.85233126282691
-5.88468301296232
7
-4.65425291061401
-9.18574008345604
11.5703233957291
2.73365857601166
1.35014031529427
2.77014589309693
-1.02035224437713
7
-18.234734582901
0.180361700057981
2.8666859805584
-17.3071837067604
-2.35462083220482
9.96535159945488
10.5720948576927
7
-4.73907884955406
12.7175365805626
-5.25278068780899
13.088207668066
4.14600090384483
-2.8311038672924
3.06586892604828
2
7
4.79563238620758
3.58428172469139
-23.4345484137535
-11.8208463013172
-4.35854795575143
1.23091604709625
-1.52799178957939
7
8.6831988632679
-0.63609558939933
8.08109138011933
11.2156598329544
13.2697193562984
24.4553356587887
18.9204420089722
|FiveLongFeelerGenome 30
3
6
7
0.933763396739958
-1.13560000061989
18.4705397188663
4.20744526386261
-21.1384305596352
0.45134212970734
-0.610534131526946
7
-11.7379356503486
14.0156786024571
9.83749892711639
-18.592683506012
-2.21990131139755
-4.00234889388084
-2.6609266936779
7
-5.25461220145225
-12.2462477624416
-18.8985747754574
0.98580913543701
5.5174525976181
5.15498555898666
-2.57452694177628
7
2.67331041693688
3.63530868887902
-2.24014599919319
4.13504974246025
-8.0492005467415
5.18960353136061
-13.4601601541042
7
7.43957316875458
-0.915427005290989
1.16656705141068
-14.967461168766
3.62475684285162
6.22233746051788
1.58163227438926
7
7.66768857240678
-1.93730325102806
-1.24231877326965
-2.19222721457481
13.9337686955929
3.80569519400597
-7.61932182312012
6
7
-3.83345715403557
9.71352054476737
8.61728540062905
-1.86328130364418
-4.87718970179558
0.403568214178076
-1.19679564237595
7
14.6547065556049
3.62816942930221
4.10743550062179
-0.323850828409194
8.4080750644207
3.81283320784569
3.85243908762933
7
-11.7325968563557
-11.9130937576294
4.91434503793717
11.870235824585
9.36918553113936
8.85233126282691
-5.44258773326872
7
-4.14995684623718
-9.18574008345604
11.5703233957291
2.73365857601166
1.1106219291687
2.77014589309693
-1.02035224437713
7
-17.7603233337402
0.180361700057981
2.8666859805584
-17.3071837067604
-2.35462083220482
9.96535159945488
10.5720948576927
7
-4.64311048388481
12.7175365805626
-5.27378381490707
12.6892165601254
4.14600090384483
-3.29174672961235
2.98180041313171
2
7
4.79563238620758
3.58428172469139
-23.4345484137535
-11.8208463013172
-4.35854795575143
1.97869367599487
-1.52799178957939
7
8.90256291627884
-0.63609558939933
8.46844184398651
11.2156598329544
13.2697193562984
24.4553356587887
18.9271473169327
|FiveLongFeelerGenome 30
3
6
7
1.01584537625313
-0.588837361335752
17.9425666153431
3.69836785793305
-21.590457880497
0.122915291786198
-0.795295721292494
7
-12.127256500721
14.0156786024571
10.1882712125778
-18.592683506012
-2.38355180621147
-4.00234889388084
-2.06715871691704
7
-5.24208714365959
-12.0606111109257
-16.4104521036148
0.703434896469115
4.51417683959007
4.59118822813034
-3.83434985876083
7
2.67331041693688
4.15571503043175
-1.19225757718086
4.13504974246025
-8.0492005467415
5.18960353136061
-13.4601601541042
7
6.9912892639637
-0.235199540853504
1.58395138978959
-16.3352218091488
3.80811880230902
6.27305243611335
0.989967918395994
7
8.73753518462182
-1.34719691872596
-0.596572285890577
0.0118142783641817
15.040318530798
3.33806439042092
-9.08280199170113
6
7
-3.83345715403557
9.71352054476737
9.20338211655617
-1.65348935723304
-5.03047914505005
0.403568214178076
-1.12838379144669
7
14.7367343008518
3.52590996026992
4.10743550062179
-0.323850828409194
8.4080750644207
3.81283320784569
4.15699340701104
7
-11.7325968563557
-11.7882662534714
4.94382609128952
11.3490637302399
9.36918553113936
8.85233126282691
-5.88468301296232
7
-4.42011238932609
-9.18574008345604
11.6101896762848
2.66940293312073
1.1106219291687
2.77014589309693
-1.02035224437713
7
-17.7603233337402
0.180361700057981
2.8666859805584
-17.3071837067604
-2.58431784510613
9.43881694674492
10.5720948576927
7
-5.43794047832489
11.7774464607239
-6.17545534968376
14.2694809317589
2.04310011267662
-3.68031888604164
1.18235579133034
2
7
4.79563238620758
3.58428172469139
-23.4345484137535
-11.8208463013172
-4.35854795575143
1.50735917091369
-1.52799178957939
7
8.6831988632679
-0.63609558939933
8.08109138011933
11.2156598329544
13.2697193562984
24.4553356587887
18.9204420089722
|FiveLongFeelerGenome 30
3
6
7
0.933763396739958
-1.13560000061989
18.4705397188663
4.20744526386261
-21.1384305596352
0.45134212970734
-0.610534131526946
7
-10.5104734241962
15.5123304188252
10.1691806614399
-18.8708127200604
-2.49198395013809
-3.12819328308105
-2.81815063357353
7
-5.77277922034263
-12.2462477624416
-18.8985747754574
0.98580913543701
5.5174525976181
5.2353370308876
-2.74328988790512
7
1.32653756141663
2.26291040182114
-3.5831193447113
4.20815047025681
-10.5956501066685
5.41902946233748
-12.4481815040112
7
7.43957316875458
-0.915427005290989
1.16656705141068
-14.967461168766
3.62475684285162
6.22233746051788
1.8743882894516
7
7.66768857240678
-1.93730325102806
-1.24231877326965
-2.19222721457481
13.9337686955929
3.72850715517998
-7.61932182312012
6
7
-5.76559163928032
11.3142482757568
5.63069074153901
-1.28442043662071
-5.4933584690094
1.49356352686881
0.241048347949981
7
14.9699623882771
3.62257755994796
3.94495543241501
-0.555625158548354
8.19036645293236
4.36706799864769
4.15699340701104
7
-11.293451577425
-11.9130937576294
4.98832279443741
11.5924124002457
9.36918553113936
8.50532481670379
-5.75030806064604
7
-4.02930387854576
-9.62749103903771
11.3523081541061
2.97914101481438
1.56164808869362
3.40916545391083
-1.76936719417572
7
-17.06905823946
0.179398894309995
1.54616705179215
-13.8553459107876
-1.12989621162415
5.23903776407242
9.50911566615105
7
-4.73907884955406
12.7175365805626
-5.25278068780899
13.088207668066
4.14600090384483
-3.29174672961235
3.19396858215332
2
7
7.43243095874787
3.71593541502953
-22.0266736388207
-12.0699137806892
-4.07386785745622
2.58791655898093
-1.417099827528
7
8.31493417620659
0.677428370714195
9.54717016220093
12.2898242115974
12.4776714742184
26.6199303865433
17.0059271872044
|FiveLongFeelerGenome 30
3
6
7
1.41410368680954
-1.0161945104599
18.248134881258
3.37187154889107
-21.9216286718846
0.546973037719731
-1.3014697432518
7
-10.6520906984806
15.5123304188252
10.5948021709919
-18.4432645261288
-2.17517100572586
-2.53944840431213
-3.12130619883537
7
-5.24513456225395
-10.9327588319779
-16.1197125911713
0.0856465578079207
5.75269291400909
4.3341229557991
-4.3381170630455
7
1.51670396327973
2.52227092981339
-3.33307232260704
3.99436517953873
-9.19541462063791
5.81010181307791
-12.0843309998512
7
8.45181331634522
-2.09642392992974
2.65026209950448
-14.372520583868
3.89793369770049
5.86234708428383
0.531251311302183
7
8.36282050013543
-1.93361592888832
0.139131736755374
0.0118142783641817
13.7044094264507
3.37867782711983
-8.98429509401322
6
7
-4.4452528655529
9.89470281600951
7.82648635506631
-2.1811136841774
-4.72380845546723
0.403568214178076
-0.588884842395784
7
13.8697267591953
4.23302050828933
3.99594166874885
-0.165303593873976
9.77646879553795
4.00549418926239
3.26708094477655
7
-13.9339771687984
-12.1111529171467
3.15965393185616
10.6455430865288
11.1900734841823
8.64590504169464
-4.58549213409422
7
-3.6364362180233
-9.75299174189568
12.3107268095016
2.95052656531334
1.09572134613991
3.64133038520813
-1.24157140254974
7
-17.1348978161812
0.214375472068784
1.06457096934319
-13.8553459107876
-0.736850810050965
5.30229247808456
9.16303640604019
7
-5.09183251857757
11.3411041259766
-5.81822595000267
14.7626368880272
2.7075587451458
-3.76027534008026
1.18235579133034
2
7
6.52041823863983
3.47227932810784
-22.2395151674748
-12.0699137806892
-3.75900822281839
3.11361228823661
-0.538515532016757
7
8.0886029779911
-0.171461170911782
8.47001633644104
12.7343736410141
12.6465985536575
24.0989913702011
18.2988986492157
|FiveLongFeelerGenome 30
3
6
7
0.906799918413161
-0.808161592483518
17.939097481966
3.75865876674652
-20.0199797272683
0.334990370273594
-0.89271911382675
7
-11.2902313530445
14.8628991663456
10.4480353236198
-18.3824627816677
-1.74719537496567
-3.93618013858795
-3.10878965258598
7
-6.02965609431266
-12.3048000991345
-18.8678013265133
0.98580913543701
5.78920813202858
4.93472012281418
-2.57452694177628
7
1.16407179832459
2.82269872426987
-3.20847935080528
4.2841304242611
-9.19541462063791
5.71615805029868
-12.3180028855801
7
6.51278251409531
1.04542945027351
3.04127300977708
-17.0038798511028
4.88762603402136
5.72390860319137
0.980777490139005
7
8.69712960124017
-2.96713572144508
-1.04765933156013
0.0118142783641817
14.2340320527554
3.14009562134743
-9.81956638097763
6
7
-5.7896377325058
11.3729307174683
6.8050437450409
-2.12238165736198
-5.39908415079117
2.88530361652373
-1.31203319430351
7
15.5943818807602
3.68824354410171
3.18331602215767
-0.406127715110777
7.90963572859764
4.12461640238762
3.63820146918298
7
-13.3271492660046
-12.1111529171467
3.15965393185616
11.1207792401314
11.4662539124489
8.96425936222076
-4.58549213409422
7
-3.72095970511436
-9.26963938474655
11.2846968889236
2.76021553874016
2.00922873616219
3.31217620372773
-1.24157140254974
7
-16.7980166018009
0.996931034326551
3.40861731767655
-14.1168056428432
-1.76947824954987
5.0501516520977
9.43141006827354
7
-5.33999443054199
10.9877006292343
-7.57263876795769
14.4855336725712
2.08385052084923
-3.68031888604164
1.18235579133034
2
7
7.43243095874787
3.9215309381485
-21.1699556410313
-12.0699137806892
-4.07386785745622
2.58791655898093
-2.23144852519036
7
8.31493417620659
0.677428370714195
9.54717016220093
12.2898242115974
12.4776714742184
27.2083425998688
17.0520440876484
|FiveLongFeelerGenome 30
3
6
7
0.761078363656996
-1.06007321476936
18.3926410734653
3.33538944721222
-20.6104516625405
0.516430044174198
-0.561110746860503
7
-11.3351744115352
15.4045654118061
9.54958701729774
-19.0099943876267
-2.37713360190392
-4.32295312285423
-3.42678562998772
7
-5.14453434348106
-12.0606111109257
-16.4104521036148
0.274559688568114
4.51417683959007
4.59118822813034
-3.55879815816879
7
2.93501970171929
4.8338885486126
-2.61652384996414
3.99305586814881
-5.93899141550065
5.28461921215056
-12.337801450491
7
6.26592184901238
1.59117213487625
2.92995539903641
-17.3472322881222
4.2244990646839
6.19028023481369
-0.0591931939125087
7
8.73753518462182
-1.34719691872596
-0.596572285890577
0.0118142783641817
15.2669903516769
3.56329082250595
-9.06960244774819
6
7
-3.93157014250755
9.73633434176444
8.61728540062905
-1.62747296690941
-4.36601577401161
0.185767048597327
-1.82734593153
7
15.1723962843418
3.91461917757988
4.10743550062179
-0.456046253442763
8.4080750644207
3.33130874037743
4.15699340701104
7
-11.7325968563557
-11.9434020757675
5.09543727636337
11.6840043306351
8.88073295354842
8.50532481670379
-6.34706830978392
7
-4.46877803206444
-9.42351869940758
11.2373626947403
3.64521183371544
0.604082661867144
3.32882127761841
-1.24157140254974
7
-17.06905823946
0.827766346931455
1.37104090452195
-13.8553459107876
-0.187165904045106
5.30229247808456
8.70778356790543
7
-5.23232907652855
11.667505466938
-6.06288641691208
14.1601227998734
3.91650781035423
-3.83485435843468
2.65501787662506
2
7
7.13603076934815
3.71593541502953
-22.106588447094
-11.9261798501015
-4.07386785745622
2.41489898562431
-1.417099827528
7
8.26166940331459
-0.441205155849449
8.11224112510681
11.2156598329544
12.758666986227
24.4553356587887
18.3240032672882
|FiveLongFeelerGenome 30
3
6
7
-0.153153097629549
-3.11950505375862
17.4858427107334
3.41741066575051
-20.5370761692524
1.40153158903122
-0.763572824001311
7
-11.7390355885029
14.7982803881169
9.93933973908424
-19.0236482083798
-1.73194962739945
-3.15528509616851
-2.38933257460594
7
-5.44382380843162
-10.734860676527
-16.7608394384384
0.199987697601317
5.57205380797386
4.6942071557045
-4.46957856416702
7
1.32653756141663
2.79453173875809
-3.99065554141998
3.86883810162545
-9.69953981041909
5.39364761114119
-12.7260043561459
7
8.52220993041993
-2.42674297690392
2.58546672463418
-15.4025523602962
3.89793369770049
6.07262127399444
0.994739532470701
7
9.2069961488247
-2.12119088768959
-0.965432745218274
0.131742280721665
15.2271714925766
4.08217869400978
-8.95684500932694
6
7
-5.7896377325058
11.3729307174683
6.83147852420807
-1.94495796561241
-5.14162420034409
2.35576521158217
-1.58570548892021
7
13.7151701688766
4.14752348661422
3.82122745513916
0.175372642278673
8.71135236620903
3.77415416240692
3.26708094477655
7
-13.1281926572323
-11.8850023031235
3.15965393185616
10.8918520569801
10.9058896660805
9.67304888367652
-5.40977251529692
7
-4.11125893592834
-9.72113417983055
11.5703233957291
3.43274896144867
0.734970188140871
2.87956171035767
-0.385320520400999
7
-17.6137098908424
0.841020894050595
1.99145866632462
-13.8155860602856
-1.01826031208038
5.59803797602653
8.29885598421097
7
-5.81411657333374
10.9877006292343
-7.77251405119896
14.0298469603062
1.68298143744469
-3.41768171787262
1.18235579133034
2
7
7.63339920639992
3.71593541502953
-21.9631321072579
-11.9275773882866
-3.99097622632981
3.16503808498382
-1.417099827528
7
8.4523773252964
-0.613696712255471
8.48309986591339
11.7934369802475
12.3426317632198
24.3344797372818
18.2988986492157
|FiveLongFeelerGenome 30
3
6
7
-1.3559881567955
-1.61539984345436
18.0819419920444
4.02065107822419
-21.0394828140736
1.04963687062264
-0.434733229875563
7
-11.0624709129333
15.6816685020924
10.6762800276279
-18.7535125672817
-2.14232853651047
-3.6848468542099
-2.83235611319542
7
-4.8624058663845
-10.7783857405186
-16.4924104690552
0.176522392034529
6.21480053067207
4.89092308282852
-3.45965577363968
7
1.7278048992157
2.05457233786583
-3.5368752002716
3.76460166573525
-9.60032282471658
5.59770390391348
-12.0370976388454
7
8.057494866848
0.71728038191795
3.49001744985581
-17.1943134725094
3.83951938748358
5.9626873075962
1.14609985947609
7
8.73753518462182
-1.6849740087986
-1.07807043194771
0.0118142783641817
14.6080006539822
3.33806439042092
-9.05349431633949
6
7
-3.53409686088562
10.4960272550583
7.46613402366639
-2.49022065997124
-8.02362145185471
-0.361216604709634
-0.57539617419243
7
13.5569184780121
2.86921800374984
2.17332406640053
-0.150568735599516
8.33711132407188
4.88393350243569
3.65312370657922
7
-13.0287940144539
-11.5178707420826
4.08031151890755
11.0158577859402
11.652996724844
8.75638165473937
-4.59518508315085
7
-4.07777697443962
-8.11820503473282
11.9680065512657
2.80566202998161
0.293205356597902
4.78268347382546
0.000285649299623408
7
-17.06905823946
0.179398894309995
0.97932459115983
-13.0962275445461
-1.12989621162415
5.59002290964126
9.13980824351311
7
-5.09183251857757
12.1468050956726
-6.66422521471977
14.05433588624
2.58790683150291
-3.68031888604164
1.81462298035622
2
7
6.06975471377373
4.21786586046219
-24.0380955636501
-11.3468390822411
-6.09388102293016
3.28483033180236
-2.51752015352249
7
8.36194834709168
-1.59799217581748
7.68685134053231
12.5797443449497
10.854884147644
25.4065727710724
16.8625181257725
|FiveLongFeelerGenome 30
3
6
7
0.869020754098891
-0.588837361335752
18.280107241869
3.21290819644928
-21.590457880497
-0.766918921470638
-0.333839541673659
7
-11.1329510509968
14.6757467091084
10.0179632246494
-19.0578004717827
-2.75190461277962
-2.76659109592437
-3.48513054251671
7
-4.96547852754593
-12.5810448288918
-21.414692234993
-0.205662602186205
5.19719748497009
5.19115144610405
-1.47801191210747
7
2.28765902519226
1.68251434564591
-2.86964048147201
3.86028321385384
-9.00517052412034
6.1934460222721
-12.2095407366753
7
6.51950564980507
-0.701074355840687
1.7532445371151
-16.4934230923653
2.83224440217017
5.95601733326912
2.56981706619262
7
8.77695643305779
-1.72408562302589
-1.63693435788154
-0.514536553621292
14.2021531045437
3.70172887444497
-9.37590261697769
6
7
-3.03730406165123
9.82371677756309
8.98563659787179
-0.960563439130781
-6.00443964600563
0.501085448265067
-2.18153327703476
7
13.7554851293564
3.15040747523307
2.0050465464592
-0.0147612690925584
8.18917004466057
4.19455063939095
3.82558230757715
7
-12.8279842317104
-12.3717957019806
3.09128649830818
10.6195281624794
10.4449081301689
9.36672732830047
-4.78593254089354
7
-4.30486781001091
-9.54843975901604
11.5848765432835
3.10568527579308
1.21674218773842
3.31783051490784
-1.05706033110618
7
-17.2720120191574
0.45122438073158
2.52776650190354
-16.3478302121162
-1.50773867368698
8.47601611614227
9.00930083990097
7
-5.09183251857757
11.3411041259766
-6.98481349349022
14.5542142987251
2.65503436923027
-3.43963146805763
1.31896713376045
2
7
5.95023855566979
3.89143687486649
-21.9820334374905
-12.3761819958687
-5.03073256611825
3.0957602918148
-2.06242603063584
7
8.44561815857887
-0.63609558939933
8.48309986591339
10.6215616941452
12.3819288432598
24.7597296178341
18.0279403209686
|FiveLongFeelerGenome 30
3
6
7
1.48232415318489
-0.404032319784162
18.2747861683369
3.69836785793305
-22.5789726376534
0.166755819320683
-0.534358608722685
7
-11.6182399451732
15.4805611371994
9.96687095165252
-18.5663345575333
-3.15620917677879
-3.62997692227363
-3.13805586099625
7
-5.69867522120475
-11.5193530797958
-16.3190642356873
0.777722555398939
5.26997711658478
3.87084394693375
-4.36717861890793
7
2.41447894573212
2.18786097764969
-3.20847935080528
3.95661998987198
-9.19541462063791
5.77531177401541
-12.3180028855801
7
7.43733795881272
0.155452507734295
2.85450831055642
-17.0372352302074
3.76120648384093
5.88960698246956
1.72244213223457
7
9.30011186003686
-2.55051084160804
-1.07807043194771
-0.242153364419937
14.8941296994686
3.32113434076309
-9.65325161218643
6
7
-5.7896377325058
11.722164773941
6.49660358428955
-2.06962038874626
-4.61221021413803
2.35576521158217
-0.890422481298448
7
15.5943818807602
3.68824354410171
3.72754781842232
0.601928687095643
8.4765213906765
4.13600706458092
3.81109879016877
7
-13.1197408378124
-12.4386977016926
2.71967064142227
10.8918520569801
10.5053703427315
8.51209642887115
-3.74940960407255
7
-3.47890836596489
-9.53110274672508
10.0685064315796
2.89111000299454
0.34547874927521
3.75550776720047
-0.433253884315489
7
-17.5314338088036
-0.325629949569705
2.0640967488289
-13.8446066319942
-0.865988731384278
6.26673165559768
8.56870210766792
7
-3.74080199599266
11.4119380831719
-6.19380589723587
14.2678385078907
4.15146129131317
-3.83485435843468
3.0744030714035
2
7
6.36726991534233
3.95691680312157
-23.6820109307766
-12.6819698452949
-4.91392019987107
3.2422743320465
-2.88604952096939
7
8.4255736887455
-0.694550937414162
8.15684282779694
11.6963557481766
12.8061006724834
24.4553356587887
18.8363383769989
|FiveLongFeelerGenome 30
3
6
7
0.933763396739958
-1.13560000061989
18.1833249866962
4.20744526386261
-21.1384305596352
0.45134212970734
-0.94862566590309
7
-11.2902313530445
16.3474174559117
10.2840377867222
-18.7538953006268
-1.74719537496567
-3.6848468542099
-2.83235611319542
7
-4.7626769721508
-10.9327588319779
-16.0404558897019
0.199987697601317
5.75269291400909
4.70363544225693
-4.36143018007278
7
1.32653756141663
2.28401373624802
-3.99065554141998
3.86883810162545
-10.4613586783409
4.99766672849654
-13.2083476483822
7
7.15385761260987
-1.12862821817398
2.20081297159196
-14.967461168766
3.5973556101322
6.36221163868904
1.58163227438926
7
8.36282050013543
-1.93361592888832
-0.144783431291578
0.0118142783641817
13.9966701984406
3.37867782711983
-9.01837667226792
6
7
-2.88800181150436
10.217342877388
9.02423229813576
-2.4871029317379
-5.26885827183724
0.697199934720984
-1.2994500041008
7
13.7554851293564
2.86921800374984
2.17332406640053
0.133412325382234
8.18917004466057
4.73790939450264
3.82558230757715
7
-11.4602659702301
-12.2792361736298
4.94382609128952
11.043054151535
9.36918553113936
8.85233126282691
-5.76920318603514
7
-3.82914449572563
-9.26963938474655
11.6111522674561
3.31813418269158
1.8669183075428
3.31217620372773
-0.774725985527037
7
-16.7248260736466
1.16352562904358
2.59030224084855
-16.7387204766273
-1.05974246263504
9.01210236549377
8.81343097090721
7
-5.49205815792084
11.3911040067673
-5.65680233240127
14.7626368880272
2.7075587451458
-3.75572078824043
1.18235579133034
2
7
6.25079064369202
4.39128905534745
-22.7165494382382
-12.0279267132282
-4.39036946892739
2.80794395804405
-2.35056274533272
7
8.74121182560921
-0.63609558939933
8.48309986591339
12.7101929187775
12.3614376962185
23.511340546608
18.2988986492157
|FiveLongFeelerGenome 30
3
6
7
0.532645207643507
-1.27142570614815
17.9469389021397
3.33538944721222
-21.040399324894
0.871835184097294
-0.387464249134062
7
-11.2902313530445
14.8628991663456
10.7986729979515
-18.3824627816677
-1.74719537496567
-3.93618013858795
-3.10878965258598
7
-5.24513456225395
-10.9327588319779
-16.1197125911713
0.199987697601317
5.75269291400909
4.3341229557991
-4.3381170630455
7
1.51670396327973
2.52227092981339
-3.49428765773773
3.99436517953873
-9.19541462063791
5.81010181307791
-12.0843309998512
7
6.51278251409531
1.04542945027351
3.04127300977708
-17.0038798511028
4.88762603402136
5.72390860319137
1.15392057299614
7
8.07656964659692
-1.93361592888832
0.139131736755374
0.0118142783641817
13.7044094264507
3.37867782711983
-8.98429509401322
6
7
-5.7896377325058
11.3729307174683
6.8050437450409
-2.12238165736198
-5.14162420034409
2.88530361652373
-1.31203319430351
7
15.5943818807602
3.68824354410171
3.18331602215767
-0.406127715110777
7.90963572859764
4.12461640238762
3.6980013549328
7
-13.3271492660046
-12.1111529171467
3.15965393185616
11.4236887574196
11.4662539124489
8.96425936222076
-4.58549213409422
7
-3.72095970511436
-9.61087130308151
11.2846968889236
3.31813418269158
1.86727944016457
3.31217620372773
-1.24157140254974
7
-16.7248260736466
0.802232217788694
2.59030224084855
-16.3478302121162
-1.42928549051285
8.5685631275177
8.43481487035751
7
-5.09183251857757
11.8601916790009
-6.55462521910667
14.05433588624
2.22018341422081
-3.71819875836372
1.31896713376045
2
7
6.52041823863983
3.47227932810784
-22.2395151674748
-12.0699137806892
-3.75900822281839
3.11361228823661
-0.953253906965258
7
8.0886029779911
-0.171461170911782
8.47001633644104
12.7343736410141
12.6465985536575
24.0989913702011
18.2988986492157
|FiveLongFeelerGenome 30
3
6
7
0.949346548318861
-0.808161592483518
17.939097481966
3.75865876674652
-19.5991698861122
0.132027560472493
-0.89271911382675
7
-11.2902313530445
15.9458030760288
10.2840377867222
-18.7538953006268
-1.74719537496567
-4.27053515911102
-2.42930993437767
7
-4.41744157075882
-12.5810448288918
-21.4108405828476
-0.661024159193041
5.24288995265961
5.68700005412102
-2.35199791789055
7
1.32653756141663
1.81516188383103
-3.99065554141998
4.29097724556923
-10.0318085551262
5.28340617418288
-13.2083476483822
7
6.88191688060761
-1.35059868097306
1.78700142502785
-14.9826224267483
4.09830636978148
6.3347600698471
1.33491117358207
7
8.73753518462182
-2.21232061982155
-0.512281256914136
0.0118142783641817
14.6080006539822
3.33806439042092
-8.95684500932694
6
7
-2.68723539113998
9.42335523962974
8.61728540062905
-2.4871029317379
-5.26885827183724
0.61348153948783
-1.2994500041008
7
13.7554851293564
2.86921800374984
2.17332406640053
0.133412325382234
8.45572352409363
4.68860731720925
3.82558230757715
7
-12.1662518680096
-12.3028039038181
3.79795099496841
10.5034445881843
10.3239149689674
9.36672732830047
-4.37053804397581
7
-4.04399215579033
-9.05679978728295
11.9073570489883
3.013246768713
1.06904082298279
3.28717422485352
-1.29338331222534
7
-17.2244557738304
0.214375472068784
1.46216260790826
-13.8553459107876
-0.736850810050965
5.30229247808456
9.25388239622116
7
-5.09183251857757
11.6065584003925
-5.73053924441338
14.7626368880272
2.7075587451458
-3.99703069329262
1.18235579133034
2
7
6.25079064369202
4.74365965127945
-22.3276962220669
-12.3794759094715
-4.39036946892739
2.80794395804405
-2.20468524694443
7
8.37601369023323
-0.63609558939933
8.67838955521584
10.6215616941452
13.0105545759201
24.6923270463944
17.7407574892044
|FiveLongFeelerGenome 30
3
6
7
0.761078363656996
-1.19786272644996
17.9469389021397
3.33538944721222
-21.040399324894
0.98903105258942
-0.789774644374846
7
-11.3351744115352
14.8371610462666
9.42822363972664
-18.9073684930801
-2.37713360190392
-4.45965408682823
-2.43632838129997
7
-5.24513456225395
-12.1437831223011
-15.9010453939438
0.199987697601317
5.57205380797386
3.82035168409348
-3.76804364919662
7
1.62655351161957
2.68583528995514
-3.86818925738335
3.85323651432991
-9.84959919452668
5.26259528994559
-12.5266448438168
7
7.15753365159035
-1.3033707022667
1.78351176381112
-14.9826224267483
4.09830636978148
6.3347600698471
1.33491117358207
7
8.73753518462182
-2.15636988282203
-1.17050929665565
-0.39511416554451
13.6686374843121
3.10724170804024
-8.7826506972313
6
7
-3.55720528960228
9.71352054476737
8.52714787125588
-0.893302881717679
-4.71645634174347
0.867673110961905
-1.2385013461113
7
13.6610660076141
3.70966974496841
1.95886114239693
0.451021707057954
6.97372588515282
4.39376161098481
4.00435475707055
7
-12.5999897420406
-11.0169293880463
3.14959807991982
10.8918520569801
10.5204727530479
8.77620997428894
-4.29374625682829
7
-4.03645886778831
-8.72576584219933
11.4218464612961
3.82664950489998
1.68149313926697
2.99381215572358
-1.21994614601135
7
-15.7123988687992
0.242726099491117
1.38008965849877
-16.0341613173485
-1.54188482165337
7.59609495401382
10.9321361422539
7
-5.09183251857757
11.3411041259766
-6.87661818861961
13.4873843491078
2.52500559687614
-3.68031888604164
1.62538662552834
2
7
7.20393949151039
3.94101015925408
-22.7571827590466
-11.9340946555138
-4.49318724870683
2.91498083472251
-1.42663039565087
7
9.342927724123
-0.956579512357704
7.84775375127793
10.6600038826466
13.55163154006
27.9899088919163
17.6627961874008
|FiveLongFeelerGenome 30
3
6
7
0.359834700822829
-1.32473258972168
17.743651330471
3.33538944721222
-21.1282159924507
1.14507281780243
-0.857115417718886
7
-10.7391600131988
14.9071890175343
9.05509798526764
-18.5788600444794
-2.0957632958889
-4.46537691950798
-2.02672790288925
7
-5.79742752313614
-11.2316860020161
-16.540719127655
-1.03909966945648
5.26937703490257
4.38513785600662
-3.18223183751106
7
2.20735433101654
2.3043843626976
-3.03099269866943
4.02730656862259
-9.07781037688257
5.81010181307791
-12.6315948188305
7
7.23422617912293
-1.3033707022667
1.68121731877328
-15.1799669921398
4.47151808738707
6.63667137622833
1.33491117358207
7
9.39694323539734
-2.25978928208351
-1.86741264462471
0.0118142783641817
15.7340250432491
3.72861326336861
-7.60227354168892
6
7
-2.73647617101669
10.0209605634212
8.69804714322091
-3.02901358008384
-5.72189596295357
1.33703994750976
-1.37574697732926
7
15.7887065470219
4.30607792735099
1.80166887044906
0.0696517825126662
8.33595604300499
3.89577369093895
2.93960130214692
7
-11.6414264261723
-11.9130937576294
4.71636022925377
11.4295107781887
9.26832681894301
8.50532481670379
-5.61885158419607
7
-3.33134311437607
-9.04753200411797
11.9073570489883
2.57167841792107
1.43292471170426
2.89862663745881
-1.85982873439789
7
-17.4736428618431
1.14030393958091
2.42444645166398
-13.8886195361614
-1.2346729516983
5.00003885030746
8.24756909012794
7
-6.03701556324959
12.1287963867188
-7.1033115029335
14.3139034450054
2.97945520281792
-2.56909199357033
1.85034528374672
2
7
5.95519456267357
3.95732773542404
-23.292828553915
-12.3761819958687
-4.26569538712503
3.13220807909965
-1.98605531454087
7
10.1151942253113
-0.538816446065895
8.20584961175919
11.4228882133961
13.1438055038452
27.0435185670853
18.7083859920502
|FiveLongFeelerGenome 30
3
6
7
0.761078363656996
-1.06007321476936
17.9469389021397
3.33538944721222
-21.040399324894
0.516430044174198
-0.351669633388518
7
-11.9340251386165
15.4045654118061
9.54958701729774
-19.0099943876267
-2.37713360190392
-4.32295312285423
-2.95456506609917
7
-4.75319563150406
-12.5810448288918
-21.4108405828476
-0.661024159193041
5.24288995265961
5.68700005412102
-1.9556222140789
7
1.05520708560944
2.79453173875809
-3.99065554141998
3.86883810162545
-9.69953981041909
5.39364761114119
-12.9129842936993
7
6.88191688060761
-1.3033707022667
1.78700142502785
-14.9826224267483
4.09830636978148
6.3347600698471
1.33491117358207
7
8.73753518462182
-2.12119088768959
-1.42818861603737
0.131742280721665
14.8396868467331
3.70172887444497
-9.48630305528641
6
7
-5.65705900192261
11.3729307174683
6.83147852420807
-1.94495796561241
-5.14162420034409
2.35576521158217
-1.58570548892021
7
13.7554851293564
2.86921800374984
2.45120719671249
0.133412325382234
7.99121899604797
4.65850227475167
3.82558230757715
7
-12.2932704865932
-12.3028039038181
3.79795099496841
10.5034445881843
10.3239149689674
9.18738460540771
-4.37053804397581
7
-4.04399215579033
-9.05679978728295
11.9073570489883
3.013246768713
0.664348268508913
3.40916545391083
-1.29338331222534
7
-16.7248260736466
0.802232217788694
2.59030224084855
-16.3478302121162
-1.77048307657242
8.80754263997078
8.55679379701614
7
-5.00696043372154
11.5403572440147
-6.00732599496841
14.1201818466187
3.91650781035423
-3.83485435843468
2.65501787662506
2
7
6.25079064369202
4.74365965127945
-22.105842936039
-12.0279267132282
-4.39036946892739
2.80794395804405
-2.20468524694443
7
8.37601369023323
-0.63609558939933
8.7646496117115
10.9113266527653
12.758666986227
24.8415338456631
18.1526423692703
|FiveLongFeelerGenome 30
3
6
7
0.532645207643507
-1.27142570614815
17.6740061104298
3.33538944721222
-21.040399324894
0.871835184097294
-0.387464249134062
7
-11.2902313530445
16.0328604996205
10.2840377867222
-18.7538953006268
-1.74719537496567
-4.27053515911102
-2.83235611319542
7
-5.24513456225395
-11.0291978359222
-16.4821711540222
0.199987697601317
5.57205380797386
4.6942071557045
-4.46957856416702
7
1.32653756141663
2.28401373624802
-3.99065554141998
4.30673440098763
-9.77643800973893
4.87976218461989
-13.2083476483822
7
6.42153244018555
1.59117213487625
3.04127300977708
-17.3472322881222
4.2244990646839
6.19028023481369
0.448470151424405
7
8.73753518462182
-2.26305027604103
-1.07807043194771
0.0118142783641817
14.6080006539822
3.33806439042092
-8.95684500932694
6
7
-2.68723539113998
10.0209605634212
8.61728540062905
-2.75212499499321
-5.27519636750221
0.22570134997367
-0.916767156124116
7
15.1723962843418
3.91461917757988
4.10743550062179
-0.274614411592482
8.4080750644207
2.80661501288414
4.28859309554101
7
-13.1281926572323
-11.9037353515625
3.15965393185616
10.9621021151543
10.9058896660805
9.85672342777251
-5.03363997936247
7
-4.11125893592834
-9.72113417983055
11.5703233957291
3.43274896144867
0.90872867703438
3.34350061416626
-0.385320520400999
7
-17.2892456412315
1.28006718158722
1.282419359684
-14.234105437994
-0.187165904045106
5.30229247808456
8.70778356790543
7
-5.09183251857757
11.8601916790009
-6.55462521910667
14.05433588624
2.22018341422081
-3.71819875836372
1.31896713376045
2
7
8.18047342896462
3.71593541502953
-22.0101583838463
-12.0699137806892
-3.99097622632981
2.66184952259063
-1.417099827528
7
8.88716576695442
-0.441205155849449
8.36688016057015
11.2156598329544
12.758666986227
24.4553356587887
18.6093040287495
|FiveLongFeelerGenome 30
3
6
7
1.13204832673073
1.13705863952637
18.3106888592243
4.51419289708138
-21.9951192855835
-0.11655148863792
-0.380971461534499
7
-11.6517233192921
16.8230814039707
10.8488133013248
-19.2643280446529
-2.3144797205925
-3.2755607843399
-2.43222603201866
7
-5.29683276414871
-13.4442831158638
-21.1862290382385
-0.18559760451317
5.24288995265961
5.60952677130699
-2.35199791789055
7
1.32653756141663
2.43488661646843
-3.79610084891319
3.46482432484627
-9.87589224576951
4.73741413354872
-13.2083476483822
7
6.51278251409531
1.04542945027351
3.04127300977708
-17.0038798511028
4.88762603402136
5.72390860319137
0.413071143627164
7
8.36282050013543
-1.93361592888832
0.139131736755374
0.489921969175339
14.2639484107494
3.37867782711983
-8.98429509401322
6
7
-5.7896377325058
11.3729307174683
6.8050437450409
-2.12238165736198
-5.14162420034409
2.88530361652373
-1.31203319430351
7
13.7554851293564
3.16118194460868
2.17332406640053
0.550333321094514
8.18917004466057
4.73790939450264
3.82558230757715
7
-13.3271492660046
-12.7023007690906
3.15965393185616
11.2497264742851
11.4662539124489
8.96425936222076
-4.58549213409422
7
-4.04399215579033
-8.90635475516319
11.9073570489883
2.72091245055199
1.06904082298279
3.40916545391083
-0.753925204277036
7
-16.7248260736466
0.802232217788694
2.59030224084855
-16.5237566590309
-1.12725516557694
8.5685631275177
8.28026283979416
7
-4.89048590064049
11.3411041259766
-5.38565945029259
14.7626368880272
2.7075587451458
-3.99646027684212
1.18235579133034
2
7
6.10367664694786
4.09618748426438
-24.0380955636501
-11.3468390822411
-5.03515175580979
2.94603378772735
-3.01356602907181
7
8.0886029779911
-0.103995746374123
8.47001633644104
12.7343736410141
12.6465985536575
24.0989913702011
18.2988986492157
|FiveLongFeelerGenome 30
3
6
7
0.873219805955885
-0.858874440193174
17.939097481966
3.75865876674652
-20.0199797272683
0.132027560472493
-0.89271911382675
7
-11.3413953840732
14.8628991663456
10.4480353236198
-18.3824627816677
-1.74719537496567
-3.93618013858795
-3.10878965258598
7
-5.24513456225395
-10.9327588319779
-16.1197125911713
0.199987697601317
5.75269291400909
4.3341229557991
-4.3381170630455
7
1.51670396327973
2.52227092981339
-3.49428765773773
3.99436517953873
-9.19541462063791
5.81010181307791
-12.0843309998512
7
6.99137082099915
-0.715786397457127
1.78700142502785
-14.9826224267483
4.47525072097777
6.3347600698471
1.33491117358207
7
8.84872692823411
-1.2413923561573
-0.751390480995176
-1.26353684067726
12.9171707987785
3.65290351510048
-8.20423868894577
6
7
-2.77628136873245
10.0209605634212
9.21463401913643
-2.4871029317379
-5.48963175415993
0.697199934720984
-1.2994500041008
7
15.5943818807602
3.68824354410171
3.18331602215767
-0.406127715110777
7.90963572859764
4.57144338488579
3.63820146918298
7
-14.0179049909115
-10.9853789567947
3.53453441262245
11.3187554478645
11.2137960851192
9.24485352635383
-4.68536052107809
7
-3.72095970511436
-9.26963938474655
11.2846968889236
3.31813418269158
1.72123315930367
3.66444923877716
-1.24157140254974
7
-17.1348978161812
0.214375472068784
1.46216260790826
-13.8553459107876
-0.736850810050965
5.30229247808456
9.16303640604019
7
-5.30781772136688
11.0765014886856
-6.55462521910667
13.6483801901341
2.24245747923851
-3.68031888604164
1.31896713376045
2
7
6.35186786651612
3.47227932810784
-22.2395151674748
-12.0699137806892
-3.75900822281839
3.11361228823661
-0.519649660587313
7
8.76499347090721
-0.459155929088585
8.57992124557495
10.3082177400589
12.758666986227
24.4553356587887
18.1526423692703
|FiveLongFeelerGenome 30
3
6
7
0.761078363656996
-1.06007321476936
17.9469389021397
3.33538944721222
-21.040399324894
0.147762632369999
-0.351669633388518
7
-11.3351744115352
15.4045654118061
9.98985896706581
-19.0099943876267
-2.13331652879715
-4.32295312285423
-2.95456506609917
7
-5.24513456225395
-10.6678377628326
-16.4821711540222
0.199987697601317
5.57205380797386
4.6942071557045
-4.76552599668503
7
1.83669178485871
2.52227092981339
-3.03099269866943
3.89689220190049
-8.83467442393304
5.81010181307791
-12.6918624818325
7
6.26592184901238
1.59117213487625
3.04127300977708
-17.3472322881222
4.2244990646839
6.19028023481369
0.448470151424405
7
9.38216279745103
-1.12449288964271
-0.751390480995176
-0.912056827545166
12.4802490353584
2.85411999821663
-7.88350494503975
6
7
-3.55720528960228
9.71352054476737
8.12178297638894
-0.893302881717679
-5.08735070228577
0.596702927350989
-1.20115920305252
7
15.1723962843418
3.91461917757988
4.40506498217583
-0.274614411592482
8.14649052023888
3.33130874037743
4.15699340701104
7
-13.1281926572323
-11.9037353515625
3.15965393185616
10.8918520569801
11.2013932645321
9.37458341121673
-5.40977251529692
7
-4.11125893592834
-9.72113417983055
11.5703233957291
3.43274896144867
0.734970188140871
3.34350061416626
-0.385320520400999
7
-15.3771945714951
1.09232742786407
2.57168676257134
-16.365291249752
-1.218521296978
8.5685631275177
8.28943735361099
7
-5.09183251857757
11.3411041259766
-6.87661818861961
14.0643017590046
2.52500559687614
-3.97969267964363
1.061136251688
2
7
6.90892741680145
4.44799372553826
-22.7571827590466
-12.3709556937218
-3.7200049519539
2.58791655898093
-1.417099827528
7
9.22523148059845
-0.956579512357704
7.84775375127793
11.5298523485661
12.5308293163776
27.6342555582523
17.4772072792053
|FiveLongFeelerGenome 30
3
6
7
0.211710888147353
-1.32473258972168
17.9246858477592
3.33538944721222
-21.040399324894
0.810684323310856
-0.957583957910536
7
-11.2501289665699
15.581628882885
9.98672958016395
-18.5716710448265
-1.80551575422287
-3.15528509616851
-2.96667649149895
7
-5.52675084471702
-11.6059178173542
-15.9010453939438
0.151878452301024
5.57205380797386
4.51206234693527
-4.27586177587509
7
0.808297443389896
2.79453173875809
-3.99065554141998
3.86883810162545
-9.69953981041909
5.39364761114119
-12.7260043561459
7
6.57012728452683
1.06332218050956
3.2368121445179
-16.2639730393886
3.40757260322569
5.78517964482307
1.03074298501014
7
8.73753518462182
-1.81464744210243
-0.965432745218274
0.131742280721665
14.8396868467331
3.70172887444497
-8.95684500932694
6
7
-5.81138758659363
11.3729307174683
6.83147852420807
-1.94495796561241
-4.56360200643539
1.90228277444839
-1.58570548892021
7
14.0122612953186
3.31767476797103
2.94992970228195
0.167780667543413
8.50840162634849
3.68958981633187
3.09445869326593
7
-12.3703287780285
-12.0776149332523
2.81756463646889
12.3134533762932
10.5254882514477
9.45083675384521
-6.31905891299246
7
-3.63554894328117
-10.1137455642223
11.9073570489883
2.87964400649071
0.516903144121172
2.93044600486756
-1.24157140254974
7
-17.06905823946
1.28006718158722
1.282419359684
-13.8553459107876
-0.187165904045106
5.30229247808456
8.70778356790543
7
-4.68091496825218
11.667505466938
-5.75298999547958
14.1601227998734
3.91650781035423
-3.83485435843468
2.65501787662506
2
7
7.63339920639992
3.71593541502953
-21.9631321072579
-12.0699137806892
-3.99097622632981
2.91962361335754
-1.417099827528
7
8.37601369023323
-0.441205155849449
7.91496250629425
11.8139017343521
12.758666986227
24.4553356587887
18.3240032672882
|FiveLongFeelerGenome 30
3
6
7
0.949346548318861
-0.808161592483518
17.939097481966
3.75865876674652
-20.0199797272683
0.132027560472493
-0.593333965539931
7
-11.6800507366657
14.8628991663456
10.4480353236198
-18.3824627816677
-1.74719537496567
-3.93618013858795
-3.10878965258598
7
-4.8624058663845
-10.7783857405186
-16.4924104690552
0.176522392034529
5.6804379761219
4.8819818854332
-3.45965577363968
7
1.51670396327973
2.52227092981339
-3.49428765773773
4.43007823228836
-9.49176116585733
5.81010181307791
-12.0843309998512
7
6.51278251409531
0.852066284418102
3.04127300977708
-17.0038798511028
4.88762603402136
5.74510613679885
0.980777490139005
7
8.73753518462182
-1.6849740087986
-1.07807043194771
0.0118142783641817
14.6080006539822
3.24694617390633
-9.02924707531929
6
7
-3.2545519053936
9.82371677756309
8.98563659787179
-1.03064398169517
-5.74927246570587
0.385413074493399
-2.18153327703476
7
13.7554851293564
3.27743147611618
2.17332406640053
-0.150568735599516
8.33711132407188
4.73790939450264
4.12867307066919
7
-12.8279842317104
-12.881775957346
3.09128649830818
10.1263806462288
10.4449081301689
9.36672732830047
-4.78593254089354
7
-3.72095970511436
-9.26963938474655
11.2846968889236
3.31813418269158
2.32855916619301
3.31217620372773
-1.08059639334678
7
-17.1348978161812
0.214375472068784
1.46216260790826
-13.8553459107876
-0.736850810050965
5.30229247808456
9.14556220769882
7
-5.09183251857757
11.3411041259766
-6.98481349349022
14.5542142987251
2.6169818341732
-3.43963146805763
1.31896713376045
2
7
6.06975471377373
4.21786586046219
-24.0380955636501
-11.3468390822411
-5.48149586915971
2.94438505172729
-2.51752015352249
7
8.0886029779911
0.059114229679115
8.47001633644104
12.7343736410141
12.6465985536575
24.219785118103
18.2988986492157
|FiveLongFeelerGenome 30
3
6
7
1.01584537625313
-0.0829358339309669
18.280107241869
3.21290819644928
-21.590457880497
-0.335256791114803
-0.258302599191664
7
-11.0656889021396
14.6757467091084
10.0179632246494
-19.0578004717827
-2.75190461277962
-2.48338317275047
-3.18718397021294
7
-5.24513456225395
-10.9327588319779
-16.1197125911713
0.199987697601317
6.24871418476105
4.3341229557991
-4.3381170630455
7
1.75444345474244
1.68251434564591
-2.96437960863113
3.86028321385384
-8.68572772741319
6.1934460222721
-12.2095407366753
7
8.30020543932915
0.71728038191795
3.49954293966294
-16.8898868978023
3.81963070034979
6.41422825455665
1.14609985947609
7
8.36282050013543
-1.93361592888832
0.139131736755374
0.0118142783641817
13.7044094264507
3.37867782711983
-9.29701133966446
6
7
-5.7896377325058
11.3729307174683
6.8050437450409
-2.12238165736198
-5.14162420034409
2.39924743175506
-1.31203319430351
7
15.5943818807602
3.68824354410171
3.18331602215767
-0.406127715110777
7.90963572859764
4.12461640238762
3.63820146918298
7
-13.2359652459621
-12.1111529171467
3.15965393185616
11.4236887574196
11.4662539124489
8.91277046203613
-4.58549213409422
7
-4.30486781001091
-9.54843975901604
11.5848765432835
3.10568527579308
1.21674218773842
3.31783051490784
-1.13101870417595
7
-16.4817198395729
0.179398894309995
0.97932459115983
-13.0962275445461
-1.12989621162415
5.59002290964126
9.13980824351311
7
-5.50716478824615
11.3411041259766
-5.39411920905113
14.7626368880272
2.7075587451458
-3.99703069329262
1.18235579133034
2
7
6.52041823863983
3.92981426119805
-22.2395151674748
-12.0699137806892
-3.75900822281839
2.88382629752158
-0.561810266971591
7
8.44561815857887
-0.482989394664757
8.48309986591339
10.6215616941452
12.7455632865429
24.7597296178341
18.1526423692703
|FiveLongFeelerGenome 30
3
6
7
1.03111322522163
-0.503474539518354
18.2747861683369
4.1094801902771
-21.4735620617867
0.585373902320866
-0.845801484584807
7
-10.8512604534626
15.3884526312351
10.1815884888172
-18.6244111418724
-2.34345487356186
-3.15528509616851
-2.83235611319542
7
-4.75319563150406
-12.5810448288918
-21.4108405828476
-0.661024159193041
5.24288995265961
5.68700005412102
-2.35199791789055
7
1.32653756141663
2.28401373624802
-3.99065554141998
4.30673440098763
-9.77643800973893
5.28340617418288
-12.8391247689724
7
7.2769180059433
-1.3033707022667
2.03809245228768
-15.3169423997402
4.09830636978148
6.63667137622833
1.33491117358207
7
8.73753518462182
-1.6849740087986
-1.07807043194771
0.520744055509567
14.0329941928387
3.33806439042092
-8.54425760507584
6
7
-3.93157014250755
9.71352054476737
8.12318316102028
-2.31833361983299
-4.96497200131416
0.448635905981055
-1.2712966799736
7
14.2326795816422
2.86921800374984
2.17332406640053
0.133412325382234
8.45572352409363
4.68860731720925
3.82558230757715
7
-12.2932704865932
-12.3028039038181
3.79795099496841
10.5034445881843
10.3239149689674
9.36672732830047
-4.37053804397581
7
-4.04399215579033
-9.05679978728295
11.9073570489883
2.44311012625694
1.06904082298279
3.40916545391083
-1.29338331222534
7
-16.7248260736466
0.802232217788694
2.59030224084855
-15.817230618
-1.42928549051285
8.5685631275177
8.42029303312302
7
-5.52689826488495
11.8601916790009
-6.55462521910667
14.05433588624
2.18949586749077
-3.90223169922829
1.31896713376045
2
7
5.82734866142273
4.74365965127945
-22.3276962220669
-12.4723583042622
-4.85184403061868
2.80794395804405
-2.20468524694443
7
8.76850677132607
-0.646267169713967
8.4182053565979
11.2156598329544
12.3614376962185
24.678537774086
17.7372529506683
|FiveLongFeelerGenome 30
3
6
7
0.532645207643507
-1.27142570614815
17.7381479561329
2.8374341249466
-20.5406358361245
0.871835184097294
-0.387464249134062
7
-11.2902313530445
15.9458030760288
10.2840377867222
-18.7538953006268
-1.74719537496567
-4.27053515911102
-2.83235611319542
7
-4.66696302294731
-11.6335901319981
-16.4104521036148
-0.312425374984743
5.10207313895226
4.36479090452194
-2.86710308790207
7
1.251895403862
2.18910466432572
-3.49428765773773
4.00971751809121
-9.87589224576951
5.60339785814284
-12.1511695742607
7
6.99992713928223
-1.3033707022667
1.84555962681771
-14.9826224267483
4.09830636978148
6.3347600698471
1.33491117358207
7
8.73753518462182
-1.6849740087986
-1.07807043194771
0.0118142783641817
14.6080006539822
3.33806439042092
-8.95684500932694
6
7
-2.84418073892593
10.0209605634212
8.61728540062905
-2.90779961943626
-5.26885827183724
0.22570134997367
-1.2994500041008
7
14.7277514755726
3.40069814920425
3.54694665670395
-0.138693434000014
8.72955369353294
4.45293352007866
4.15699340701104
7
-12.1435795128345
-11.9130937576294
4.44976698160172
11.4295107781887
9.82501200437544
8.50532481670379
-5.76920318603514
7
-4.04399215579033
-8.56211933493614
11.4218464612961
2.88780857920647
0.806103301048281
3.40916545391083
-1.21994614601135
7
-17.6024599194527
0.610527461767194
2.11709562540055
-14.2746058642864
-1.2346729516983
5.27204781770706
8.03770833611488
7
-5.09183251857757
11.3411041259766
-6.68393451571464
14.4855336725712
2.26986536383629
-3.68031888604164
1.18235579133034
2
7
6.90892741680145
3.94101015925408
-22.7571827590466
-11.9340946555138
-4.07386785745622
2.58791655898093
-1.417099827528
7
8.37601369023323
-0.63609558939933
8.67838955521584
10.4393682479858
12.758666986227
24.4553356587887
17.8180588960648
|FiveLongFeelerGenome 30
3
6
7
0.709459555149077
-0.517922902107236
17.5026843369007
2.56882719993592
-20.5215769171715
0.691994357109074
-0.89271911382675
7
-11.4940029740333
13.8148375809193
9.89348134994506
-18.5733044028282
-2.53063821196556
-4.05264431834221
-2.57391218543053
7
-5.29683276414871
-12.5810448288918
-21.1862290382385
-0.205662602186205
4.74874408245087
5.68700005412102
-2.35199791789055
7
2.22644760012627
3.0292416036129
-1.64786375164986
3.64673220515252
-8.26743329763413
6.37743216753005
-12.9469607293606
7
8.74199786186219
-1.881269800663
2.01095922589303
-14.908485597372
3.89793369770049
5.45708883404731
1.20421783924103
7
7.271459710598
-2.3266948223114
-0.130284070968625
-0.690359663963318
14.037078088522
4.52496827244759
-8.02000204324722
6
7
-3.03730406165123
9.71352054476737
9.54033265709878
-2.27393099069595
-5.03991050720215
0.891805177927008
-1.8593187212944
7
14.6003155052662
3.55544036626815
4.42997912764549
-0.156179434061049
8.1342100083828
4.49352726936341
4.15699340701104
7
-12.5167912840843
-12.5745543956757
4.29168800711632
10.2619072139263
11.1553795933723
9.45037205219268
-3.64958495497702
7
-4.04399215579033
-9.39232668280602
12.405314874649
2.80620605349541
1.06904082298279
3.72844474315644
-0.868302035331724
7
-14.9520261049271
0.118064856529233
2.73617183566094
-17.2409819960594
-1.25078305006027
8.5685631275177
8.698843729496
7
-5.21412052512169
11.667505466938
-5.75298999547958
14.0518437385559
3.91650781035423
-3.83485435843468
2.51057469844818
2
7
6.25079064369202
4.82137891054154
-22.792553371191
-11.5026848137379
-3.86730795502664
2.48635982871055
-2.71120697259903
7
7.97903810143471
-1.06347004771232
9.15684366226197
12.4341597080231
12.9290446221828
23.4505664110184
18.2886382341385
|FiveLongFeelerGenome 30
3
6
7
0.627580296993254
0.401780462265017
17.5390728294849
4.01694832444191
-22.2778927087784
-0.11655148863792
0.0356290996074689
7
-10.9982572555542
16.3107246220112
10.2840377867222
-18.7538953006268
-2.22223461866379
-3.6848468542099
-2.83235611319542
7
-5.69912134408951
-12.1077355027199
-21.1862290382385
-0.205662602186205
5.24288995265961
5.68700005412102
-2.35199791789055
7
1.32653756141663
2.31625725030899
-3.99065554141998
3.86883810162545
-9.87589224576951
5.28340617418288
-13.2083476483822
7
7.54079769849778
0.71728038191795
3.2368121445179
-16.2639730393886
3.40757260322569
5.78517964482307
1.14609985947609
7
9.33772453069688
-1.02448833584785
-0.371630311012266
-1.5492732822895
13.3712928175926
2.51910143494606
-8.91980849504471
6
7
-4.05190821886063
11.7477728426456
6.60816971063614
-0.627225512266158
-6.12532192468643
1.1920821070671
0.85528186559677
7
14.4105126857758
2.44055265188217
2.92751988172531
0.133412325382234
7.92441284060478
4.20439084172249
4.26772279143335
7
-12.7982752263546
-11.4123475790024
3.37583776116371
10.6173838973045
10.8613079190254
9.66662388443946
-4.4963248491287
7
-4.04399215579033
-9.26084300875664
11.8466516494751
2.88780857920647
1.06904082298279
3.02717654705048
-0.868302035331724
7
-16.7248260736466
0.665378832817075
2.59030224084855
-16.3478302121162
-0.597393858432771
8.5685631275177
8.55679379701614
7
-5.09183251857757
11.5629649937153
-6.98509230017662
14.05433588624
2.68390080332756
-4.62398224473
1.31896713376045
2
7
7.63339920639992
3.24292406439782
-21.9631321072579
-12.0699137806892
-3.99097622632981
2.58791655898093
-1.99464337229729
7
7.60594218373299
-0.63609558939933
8.79903104305268
10.2614850759506
13.8286462247372
24.2111783921719
18.0406747341156
|FiveLongFeelerGenome 30
3
6
7
1.60481110811233
-1.69671893119812
18.248134881258
4.19902768731118
-20.9382492184639
0.107432007789616
-1.63035720586777
7
-11.9026332437992
15.581628882885
10.1815884888172
-18.5716710448265
-1.80551575422287
-3.15528509616851
-2.96667649149895
7
-5.24513456225395
-10.9327588319779
-15.5713094234467
0.199987697601317
5.75269291400909
4.3341229557991
-4.3381170630455
7
2.0580231487751
3.82942088842392
-2.16803377270698
3.06808974146843
-9.25444739460946
6.75917363166808
-11.7825518190861
7
6.51278251409531
1.04542945027351
3.04127300977708
-17.0038798511028
4.88762603402136
5.72390860319137
0.451617419719693
7
8.55322100520135
-1.12449288964271
-0.27658083438873
-1.07655504345894
12.4802490353584
2.53525684475899
-8.18687208294869
6
7
-5.7896377325058
11.3729307174683
6.8050437450409
-2.12238165736198
-5.14162420034409
2.88530361652373
-1.31203319430351
7
15.1692629635334
3.54852577447891
3.54694665670395
-0.138693434000014
8.37500957846641
4.45293352007866
4.73891689181329
7
-13.3271492660046
-12.1111529171467
3.18984509110451
11.4236887574196
11.4662539124489
8.96425936222076
-4.58549213409422
7
-4.65089752078056
-9.54815294146538
12.673091083765
2.8910589158535
1.22721059918404
3.40916545391083
-1.7210369348526
7
-17.2877619504929
0.370402288436887
2.63291996717454
-16.2594012141228
-0.986852753162385
8.7405502140522
8.55679379701614
7
-5.09183251857757
11.3411041259766
-6.34044060111046
14.7626368880272
2.7075587451458
-3.99703069329262
1.18235579133034
2
7
6.52041823863983
3.47227932810784
-22.2395151674748
-12.0699137806892
-3.75900822281839
3.50377528071403
-0.998764485120776
7
9.59495232105255
-0.41451994776725
7.49887803792954
11.0797378361225
12.2900247573852
26.8500111341477
17.6806533336639
|FiveLongFeelerGenome 30
3
6
7
0.949346548318861
-0.808161592483518
17.939097481966
3.75865876674652
-20.0199797272683
0.132027560472493
-0.89271911382675
7
-11.2902313530445
14.8628991663456
10.4480353236198
-18.3824627816677
-1.74719537496567
-3.93618013858795
-3.10878965258598
7
-5.24513456225395
-11.7896735966206
-16.7104277133942
-0.312425374984743
5.2459816634655
4.38698436021805
-2.86710308790207
7
1.51670396327973
2.52227092981339
-3.49428765773773
3.99436517953873
-9.19541462063791
5.81010181307791
-12.0843309998512
7
7.53943088054657
-2.93558620810509
1.65560256242753
-16.0353944182396
2.72892671227454
6.98866907358169
3.08794780373573
7
8.41873769164086
-1.93361592888832
0.139131736755374
0.0118142783641817
13.7044094264507
3.37867782711983
-8.98429509401322
6
7
-4.00291997790336
9.98353521823882
8.9096038222313
-1.98137878775596
-4.96497200131416
0.448635905981055
-1.27922600507736
7
15.5943818807602
3.68824354410171
3.18331602215767
-0.406127715110777
7.90963572859764
3.53469864726067
3.63820146918298
7
-10.8796786367893
-11.9001244544983
5.33642781972885
10.7027720212936
8.75072706937788
8.50532481670379
-5.20985742807386
7
-3.72095970511436
-9.26963938474655
11.2846968889236
3.57579560279846
1.86727944016457
3.31217620372773
-1.24157140254974
7
-16.9166697323322
0.210991954803464
1.46216260790826
-13.8553459107876
-0.736850810050965
5.30229247808456
9.40078238844871
7
-4.9734423160553
11.3411041259766
-6.68393451571464
14.4855336725712
2.05073115825653
-3.70918925404549
0.875040298700332
2
7
7.42655141353607
4.08940846920014
-22.7571827590466
-12.1128409445286
-4.07386785745622
2.7937405347824
-0.913280838727953
7
8.0886029779911
-0.171461170911782
8.14879841804505
12.7343736410141
12.6465985536575
24.0989913702011
18.6087252616882
|FiveLongFeelerGenome 30
3
6
7
1.48232415318489
-0.404032319784162
18.2747861683369
3.69836785793305
-22.5789726376534
0.741370964050297
-0.534358608722685
7
-11.2902313530445
15.9458030760288
10.2840377867222
-18.7538953006268
-1.74719537496567
-4.27053515911102
-2.83235611319542
7
-5.69867522120475
-11.5159551143646
-16.3190642356873
0.777722555398939
5.26997711658478
3.35136500597
-4.36717861890793
7
1.02740881443024
2.28401373624802
-3.99065554141998
4.30673440098763
-9.77643800973893
5.28340617418288
-13.2083476483822
7
7.43733795881272
-0.0295065462589303
2.85450831055642
-17.0372352302074
3.76120648384093
6.39702427983284
1.72244213223457
7
8.73753518462182
-1.6849740087986
-1.07807043194771
0.0118142783641817
14.6080006539822
3.33806439042092
-8.95684500932694
6
7
-2.68723539113998
10.0209605634212
8.61728540062905
-2.4871029317379
-5.65491297841072
0.22570134997367
-1.2994500041008
7
13.7554851293564
2.86921800374984
2.17332406640053
0.133412325382234
8.45152246952057
4.68860731720925
3.82558230757715
7
-13.1197408378124
-12.4386977016926
2.71967064142227
10.8918520569801
10.5053703427315
8.06884214878082
-3.74940960407255
7
-4.04399215579033
-9.05679978728295
11.9073570489883
3.013246768713
0.715165758132936
3.40916545391083
-1.29338331222534
7
-16.9008751869202
0.802232217788694
2.59030224084855
-16.3478302121162
-1.14805625081062
8.5685631275177
8.55679379701614
7
-5.09183251857757
11.8601916790009
-6.63782941699028
14.05433588624
2.22018341422081
-3.71819875836372
1.31896713376045
2
7
6.36726991534233
3.95691680312157
-23.6820109307766
-12.5039728939533
-4.91392019987107
3.2422743320465
-2.88604952096939
7
8.37601369023323
-0.63609558939933
8.67838955521584
10.6215616941452
12.3700811326504
24.4553356587887
17.7811607122421
|FiveLongFeelerGenome 30
3
6
7
0.876239901781081
-1.27142570614815
17.9469389021397
3.33538944721222
-21.040399324894
0.871835184097294
-0.387464249134062
7
-11.6182399451732
15.4805611371994
9.7407919883728
-18.5663345575333
-3.15620917677879
-3.62997692227363
-3.01903094053268
7
-4.75319563150406
-12.5810448288918
-21.603188085556
-0.661024159193041
5.24288995265961
5.68700005412102
-2.35199791789055
7
2.41447894573212
2.18786097764969
-3.20847935080528
3.95661998987198
-9.19541462063791
5.77531177401541
-12.3180028855801
7
6.88191688060761
-1.3033707022667
1.78700142502785
-14.9826224267483
4.09830636978148
6.45329747200012
1.33491117358207
7
9.30011186003686
-2.55051084160804
-1.07807043194771
-0.242153364419937
14.8941296994686
2.85652281045914
-9.65325161218643
6
7
-5.52322530150413
11.722164773941
6.89322562217713
-2.06962038874626
-4.61221021413803
2.35576521158217
-0.890422481298448
7
15.5943818807602
3.68824354410171
3.72754781842232
0.0337381124496473
8.4765213906765
4.13600706458092
3.7198024749756
7
-12.446279925108
-12.3028039038181
3.79795099496841
10.1945273518562
10.3239149689674
9.36672732830047
-4.37053804397581
7
-3.69772719740867
-9.53110274672508
10.0685064315796
2.89111000299454
0.34547874927521
3.75550776720047
-0.433253884315489
7
-17.4970127701759
-0.325629949569705
2.0640967488289
-13.8446066319942
-0.865988731384278
6.26673165559768
8.56870210766792
7
-3.74080199599266
11.4119380831719
-6.19380589723587
13.9001371204853
4.15146129131317
-3.83485435843468
3.48025577068329
2
7
6.25079064369202
4.74365965127945
-22.3276962220669
-12.0279267132282
-4.39036946892739
2.80794395804405
-2.20468524694443
7
8.4255736887455
-0.694550937414162
8.15684282779694
11.6963557481766
13.2746823012829
24.4553356587887
18.7321388483047
|FiveLongFeelerGenome 30
3
6
7
0.924051958322523
1.03437564969063
17.8801132023334
4.41817703843117
-21.9951192855835
-0.11655148863792
-0.380971461534499
7
-11.3351744115352
15.4045654118061
9.9137606203556
-19.2456871032715
-2.37713360190392
-4.32295312285423
-2.95456506609917
7
-5.29683276414871
-12.4733040690422
-21.1862290382385
-0.570312136411669
5.65828716754913
5.68700005412102
-2.35199791789055
7
1.95577294230461
4.28953531980515
-2.39441818594932
3.64991602301598
-8.33522866964341
4.47517834901809
-13.2289456725121
7
6.88191688060761
-1.12746515870095
1.78700142502785
-14.9826224267483
4.43604540824889
5.99465138912201
1.33491117358207
7
8.84872692823411
-1.2413923561573
-0.751390480995176
-0.958715587854385
12.9595293879509
3.21047850251198
-8.3422157406807
6
7
-2.25375343561172
9.86077644824981
8.61728540062905
-2.4871029317379
-5.84437792897224
0.697199934720984
-1.2994500041008
7
15.2854928076267
4.30607792735099
2.37713896036148
0.235746270418169
8.71937288641929
3.89577369093895
2.27692737579347
7
-12.3963982760906
-12.1111529171467
3.11425357460976
10.9747913956642
10.3239149689674
9.5937709391117
-4.52527005076406
7
-4.04399215579033
-9.54433676600456
12.3377602934837
2.88780857920647
1.06904082298279
3.04606330394745
-1.63091084957123
7
-16.7248260736466
0.802232217788694
2.0970105290413
-16.6583769440651
-1.38041013479233
8.5685631275177
8.73965100049973
7
-6.03701556324959
11.9815823793411
-7.32605070471763
14.2746253907681
2.38049203753471
-2.56909199357033
0.986752301454543
2
7
6.051788687706
4.01565619707108
-22.7165494382382
-12.0279267132282
-4.38893659710885
2.80794395804405
-3.020430123806
7
8.47179707288742
-0.63609558939933
8.26533904075623
10.1010001420975
12.8783127486706
24.8750138223171
17.2698801755905
|FiveLongFeelerGenome 30
3
6
7
0.761078363656996
-1.19786272644996
17.9469389021397
3.33538944721222
-21.040399324894
0.5450140953064
-0.351669633388518
7
-11.1844945251942
16.1882930636406
9.72103016972542
-18.7538953006268
-1.74719537496567
-3.6848468542099
-2.83235611319542
7
-5.76325260400772
-11.0065666973591
-16.0781485080719
-0.633862233161928
5.42326337695122
4.93915477991104
-3.18223183751106
7
1.32653756141663
2.30143958330155
-3.99065554141998
3.86883810162545
-9.62510815262796
5.39364761114119
-13.2083476483822
7
7.25260245800019
-1.65920442342759
1.20916362404824
-14.9826224267483
4.09830636978148
6.47989053726196
1.81220089793205
7
8.73753518462182
-2.12119088768959
-0.965432745218274
-0.00464618802070599
14.8396868467331
3.70172887444497
-8.95684500932694
6
7
-2.77628136873245
10.0209605634212
8.29412427544594
-2.38694903254509
-5.26885827183724
1.09326292872428
-1.69752794504166
7
13.6081040382385
2.8715262055397
2.17332406640053
0.502689135074617
8.18917004466057
4.30431450009346
3.82558230757715
7
-13.3031497180462
-10.8344375550747
3.53453441262245
11.0578909337521
10.7811956822872
9.23694401383399
-4.51236724853514
7
-4.30850887298584
-8.04199846982956
12.419565808773
3.30051829218865
0.43421598672867
4.93743670582772
0.172104954719545
7
-16.7248260736466
0.802232217788694
3.11615511178971
-16.3478302121162
-1.45757077932358
8.65892245769501
8.55679379701614
7
-5.09183251857757
11.3411041259766
-6.55462521910667
14.4174185812473
3.2092075586319
-3.55797689557076
1.31896713376045
2
7
6.10367664694786
3.95816644430161
-24.0380955636501
-11.1870188355446
-5.17204219102861
2.94438505172729
-3.01356602907181
7
8.56889597177506
-0.364864480495446
8.48309986591339
10.6215616941452
12.2909008920193
24.4553356587887
18.1526423692703
|FiveLongFeelerGenome 30
3
6
7
-1.3559881567955
-1.2141417324543
18.2865443110466
4.02065107822419
-20.8481619358063
1.04963687062264
-0.434733229875563
7
-11.5364330351353
15.6816685020924
10.2840377867222
-18.3749384343624
-2.14232853651047
-3.6848468542099
-2.83235611319542
7
-5.29683276414871
-12.5810448288918
-21.8296806097031
-0.205662602186205
5.19719748497009
5.68700005412102
-1.47801191210747
7
1.7278048992157
2.05457233786583
-3.5368752002716
3.86883810162545
-9.60032282471658
5.67349969744681
-12.0370976388454
7
6.51950564980507
-0.701074355840687
1.7532445371151
-16.2904434740543
2.83224440217017
5.95601733326912
2.01911449432373
7
8.73753518462182
-1.70153554081917
-1.63693435788154
0.0118142783641817
14.2021531045437
3.56953309178353
-8.95684500932694
6
7
-3.09580388069153
10.4960272550583
7.46613402366639
-2.15083882212639
-8.02362145185471
-0.361216604709634
-0.025577944517137
7
13.3933454275131
3.15040747523307
2.44511708021164
-0.0147612690925584
7.68853709101677
4.73790939450264
3.82558230757715
7
-13.0287940144539
-11.1568248093128
3.58240783810616
11.0158577859402
11.652996724844
8.83236949443817
-4.59518508315085
7
-4.30850887298584
-8.11820503473282
12.419565808773
2.42092368006706
0.46318030357361
4.78268347382546
-0.0074437618255597
7
-16.7248260736466
1.04718833565712
2.62883414030076
-16.3478302121162
-1.42928549051285
8.47601611614227
8.5883199095726
7
-5.09183251857757
11.7963582515717
-6.66422521471977
14.05433588624
2.58790683150291
-3.68031888604164
1.81462298035622
2
7
6.31947187781334
3.89143687486649
-22.3367094635964
-12.3761819958687
-5.35792780518533
3.53737820982932
-2.06242603063584
7
8.36194834709168
-1.59799217581748
7.68685134053231
12.5797443449497
10.854884147644
25.4065727710724
17.4594698488712
