40
962
|2
6
5
-4.08619703650475
3.05980558395386
-0.746221017837521
-1.21750427186489
-1.21981833577156
5
-4.79974410235881
3.17107068598271
-0.525513795018211
-1.22769150435925
-1.60214755833148
5
-3.63144685924052
3.06767796576023
2.95900795459746
-2.48528635799884
-3.83300185501576
5
4.29207864999771
-0.442733401060104
-0.140422496199608
3.04171477854252
-1.73985502421855
5
-0.99925710856914
-1.52823580503464
-3.88739953637123
1.01139826476574
1.03823850154876
5
-0.822898790240284
-0.276207965612412
2.33121750950813
1.88058320581912
-3.07143078446389
2
7
4.44463920593262
6.97786507308482
2.48137011528014
-6.57788565158844
0.690396028757091
0.574898424744606
-3.36708122789861
7
-1.79789145886898
0.688667887449268
-2.50797501504421
4.1627898335457
-0.0984383940696785
1.50705733299255
3.12675611376763
|2
6
5
-4.08619703650475
2.20859296321869
-0.746221017837521
-1.19129794538021
-1.21981833577156
5
-6.39208277761936
2.87483750879766
-0.75911183059217
-1.54328472316266
-0.644349762797346
5
-4.32309778034687
3.93994639217853
1.7787935912609
-2.09219655692576
-3.63981027901173
5
2.84190552830696
-2.37289016842842
-0.100592389702797
3.52118102610111
-1.09104520380496
5
-0.99925710856914
-1.09954899549484
-4.00745077729225
1.0924881130457
0.841445398330682
5
-0.0358359724283182
-0.276207965612412
2.84568172097206
1.88058320581912
-2.65425072312356
2
7
4.11795330047608
6.73712930381297
3.4594638288021
-7.4394553899765
0.690396028757091
0.530914130806923
-3.51567110121251
7
-1.62122234404087
0.269825929403308
-2.50797501504421
4.2976648926735
-0.0984383940696785
1.79109675884247
3.19908849596978
|2
6
5
-4.08619703650475
2.783726811409
-0.365169811248776
-1.44867886006832
-1.4952839910984
5
-5.37963525950908
3.35486879050733
-1.54960143864156
-0.979049798846254
-1.04627792537212
5
-2.79056632220744
3.1694664388895
2.23596050739287
-3.19448209106921
-3.44345727264882
5
4.33897430300712
-0.525289219617843
-0.581131824851036
3.31612385809421
-1.75756690204143
5
-0.714017501473422
-0.597244310379026
-5.36018148064613
1.375633969903
1.20245939493179
5
-0.941650912165638
0.872334462404251
2.16241656541824
2.01441506445407
-3.38339007496835
2
7
4.01488866806031
8.15684984028338
2.39093976020812
-6.57788565158844
0.624942189455028
1.0150074750185
-3.53286592066289
7
-1.62122234404087
0.269825929403308
-2.50797501504421
4.16192930936815
0.360743916034692
2.64110560417175
2.90168228149414
|2
6
5
-4.08619703650475
2.783726811409
-0.365169811248776
-1.44867886006832
-1.21981833577156
5
-5.37963525950908
3.35486879050733
-1.27671642601491
-0.979049798846254
-1.3482056826353
5
-2.79056632220744
3.1694664388895
2.15099606513976
-3.1085006982088
-3.83300185501576
5
4.18000487089157
-0.0533353030681606
-0.581131824851036
2.81165598928928
-1.75756690204143
5
-1.15970327556133
-1.08358355760574
-4.35900555253029
1.13921927511692
1.03823850154876
5
-0.270764920115467
0.416868764162063
1.9819302201271
1.2065334945917
-2.65425072312356
2
7
4.98340587615967
6.79846983253954
2.70468327403068
-6.66571984291077
0.166387730836864
0.71615991294384
-3.10688807070256
7
-2.01746937334537
0.521799010038379
-3.36181755959987
4.78726137876512
-0.410783654451377
1.27073197364807
2.55307022929192
|2
6
5
-4.08619703650475
2.20859296321869
-0.375823974609371
-1.19129794538021
-1.76312201619148
5
-6.97693552076816
2.96533044874669
-0.75911183059217
-1.54328472316266
-0.670674034953108
5
-4.32309778034687
3.93994639217853
1.38396477103233
-2.12328049838542
-3.91668813526631
5
3.16776273846626
-2.20471911430359
0.191021504998207
3.52118102610111
-1.09104520380496
5
-0.571688529849047
-1.76146913170814
-4.06003818511963
1.74065756499768
0.497312903404229
5
-0.500868716835972
0.608003675937652
1.98228750824928
2.19349171221255
-2.72669384479524
2
7
5.01393849849702
6.88330390155314
3.03648046851157
-6.20417497158051
0.283382254838939
0.530914130806923
-3.07717144787312
7
-1.75939367711544
0.424327749013904
-3.36181755959987
4.8030139565468
0.103786200284951
1.39561626911163
2.93038222193718
|2
6
5
-3.95533906817437
3.30689023137093
-0.752983617782589
-1.21750427186489
-1.21981833577156
5
-4.79974410235881
3.32074159681798
-0.670394924283042
-1.22769150435925
-1.60214755833148
5
-3.67342829406261
3.06767796576023
2.95900795459746
-2.48528635799884
-3.83300185501576
5
4.11662491559982
-0.442733401060104
-0.542782315611839
2.71843964159489
-1.46053237020968
5
-0.99925710856914
-1.36714649796486
-4.47439504265785
1.58377515971661
0.882757139205926
5
-0.822898790240284
0.107895952463149
2.47100701928138
1.97279862463473
-3.07759042382241
2
7
4.11795330047608
6.73712930381297
3.4594638288021
-7.00185928344727
1.24341145157814
0.264622488617897
-3.51567110121251
7
-1.45761633813381
-0.118989378213879
-2.27102082073688
4.68404475450517
-0.0853303313255379
2.14484701156616
3.85638523697853
|2
6
5
-4.15757748484612
2.78548655509949
0.210854887962345
-0.826726588606834
-1.23205242753029
5
-7.4100172907114
2.3432014912367
-1.11291823089124
-1.54328472316266
-0.997041150927534
5
-4.32309778034687
3.76125932633876
2.19273826479911
-2.25437979400157
-3.63981027901173
5
2.848538595438
-2.01779187321663
-0.100592389702797
3.52118102610111
-1.47164780199527
5
-0.270397922396655
-1.70366801023483
-4.67360878586769
1.08683687746525
1.03823850154876
5
-0.413388273119923
0.932753401994705
1.9819302201271
1.07012864649295
-2.9302435219288
2
7
4.14393281936646
7.38081905543803
2.6953253686428
-6.20417497158051
0.766396796703334
0.194776102900505
-2.82314576208592
7
-1.71783486902714
0.269825929403308
-2.50797501504421
4.2976648926735
-0.0984383940696785
2.37139790058136
3.19908849596978
|2
6
5
-3.95218321681023
2.33027577400208
-0.703718161582943
-1.19129794538021
-1.2200654566288
5
-7.64115926325321
3.21699051558972
-1.11291823089124
-1.54328472316266
-0.00421998202799834
5
-4.32309778034687
3.59113691151142
2.19273826479911
-2.22004630267619
-3.40138356983662
5
3.63814180493354
-2.37289016842842
-0.100592389702797
4.27114025652408
-1.09104520380496
5
-1.26562785804271
-1.63890053033828
-4.35900555253029
0.863247004151347
1.0422999382019
5
-0.270764920115467
0.416868764162063
1.9819302201271
1.01229914724826
-2.40579856038095
2
7
4.88124032020569
6.72812165915965
2.02918456196784
-6.4597011744976
0.511640226840969
0.405353203415871
-2.89209276735783
7
-1.62122234404087
0.559433531761173
-2.50797501504421
4.2976648926735
-0.0984383940696785
1.79109675884247
3.19908849596978
|2
6
5
-4.08619703650475
2.20859296321869
-0.746221017837521
-1.19129794538021
-1.21981833577156
5
-6.48027974665165
3.17030806243421
-0.75911183059217
-1.54328472316266
-0.644349762797346
5
-4.32309778034687
3.93994639217853
1.7787935912609
-2.09219655692576
-3.63981027901173
5
2.84190552830696
-2.37289016842842
-0.100592389702797
3.52118102610111
-1.09104520380496
5
-0.99925710856914
-1.09954899549484
-4.00745077729225
0.634938302636149
0.841445398330682
5
-0.0358359724283182
-0.0572114109992986
2.84568172097206
1.51946102678775
-2.65425072312356
2
7
4.68709673881531
6.73712930381297
3.4594638288021
-7.4394553899765
0.690396028757091
0.496519127488136
-3.51567110121251
7
-1.75939367711544
0.187775439023975
-2.99919219911098
4.49309235811235
0.664323681592934
1.86172640323639
2.93038222193718
|2
6
5
-4.0021391093731
2.20859296321869
-0.455047434568401
-1.19129794538021
-1.76312201619148
5
-7.56054901182651
2.96533044874669
-0.75911183059217
-1.54328472316266
-0.346997353434554
5
-4.32309778034687
3.88670697510242
1.4244704902172
-2.12328049838542
-4.30320074856282
5
3.16776273846626
-2.2856947004795
0.100980105996132
3.52118102610111
-1.09104520380496
5
-0.99925710856914
-1.76146913170814
-3.68838257789612
1.66793350875378
0.775786495208733
5
-0.287548896670338
0.109405070543289
2.47583156228065
1.71269657313823
-2.23818245530129
2
7
4.5016034603119
7.10948920547961
2.4519331395626
-6.57788565158844
1.65646963715553
0.942936733365059
-3.51567110121251
7
-2.55425637662411
0.291493886709216
-4.34824663102626
4.61694561243058
0.488967508077615
1.64281086921692
3.29156813025475
|2
6
5
-4.0021391093731
1.73169491291047
-0.746221017837521
-0.652651008963584
-1.76312201619148
5
-7.56054901182651
2.96533044874669
-0.75911183059217
-1.54328472316266
-0.346997353434554
5
-4.32309778034687
4.40632453262805
1.4244704902172
-2.12328049838542
-3.40824287235737
5
2.78414676785469
-2.2856947004795
-0.100592389702797
3.52118102610111
-1.09104520380496
5
-0.99925710856914
-1.76146913170814
-3.44975482821464
1.48513533174992
0.775786495208733
5
-0.287548896670338
0.109405070543289
2.47583156228065
1.71269657313823
-2.23818245530129
2
7
4.5016034603119
7.60341563522814
2.4519331395626
-6.57788565158844
1.65646963715553
0.654508927464485
-3.71552549898625
7
-2.55425637662411
0.291493886709216
-4.34824663102626
4.61694561243058
0.488967508077615
1.64281086921692
3.36303812861443
|2
6
5
-4.15757748484612
2.783726811409
-0.0699117600917779
-0.646204927563666
-1.23205242753029
5
-7.5120507389307
2.88218531310559
-1.11291823089124
-1.82211594283582
-0.530723735690108
5
-4.32309778034687
4.18670876324176
1.14763719439506
-2.22004630267619
-3.63981027901173
5
2.84190552830696
-2.75999501347541
0.106618610024452
3.81331891715526
-0.273793444037432
5
-0.604683133959765
-1.0030224442482
-4.35900555253029
0.879492393136027
1.19484558701514
5
-0.270764920115467
0.738688498735427
1.9819302201271
1.29228407442569
-2.16704755425454
2
7
5.38094937801362
6.72812165915965
2.02918456196784
-5.79285567998886
0.404562509059902
0.242235842347145
-2.89209276735783
7
-1.43648453652859
0.305469340085987
-2.68805888593196
4.35009220838548
-0.0984383940696785
1.5514988899231
3.19908849596978
|2
6
5
-3.53240513205529
2.783726811409
0.539657592773441
-1.13097763955593
-0.94780836701393
5
-5.37963525950908
3.35486879050733
-1.9241572648287
-0.73577403128148
-1.04627792537212
5
-4.32309778034687
3.5786953240633
1.66685606837272
-2.34385621249675
-3.63123200237752
5
3.06648951768875
-2.73979499340057
-0.181274309754372
4.24414142668247
-1.5089827209711
5
-1.56661612689495
-0.678028655052183
-4.00745077729225
0.696768584847453
1.20572156906127
5
-0.0681535154581033
-0.857066148519516
2.24818046689033
1.96588303148745
-2.87828963398934
2
7
5.08050541877747
6.88330390155314
3.31146838665008
-6.60413625240326
-0.053035491704945
0.530914130806923
-3.51567110121251
7
-2.1234134465456
0.845378559827808
-1.46016500294208
3.82989937067033
0.10908354520797
1.00060867071152
3.01059398651123
|2
6
5
-3.95218321681023
2.53514660000801
-0.746221017837521
-1.19129794538021
-1.21981833577156
5
-7.64115926325321
2.90864147841931
-1.20880291163923
-1.54328472316266
-0.00421998202799834
5
-4.32309778034687
3.59113691151142
2.19273826479911
-2.22004630267619
-3.8234511166811
5
3.15298441052436
-2.37289016842842
-0.304797688126564
4.27114025652408
-1.09104520380496
5
-1.26562785804271
-1.08358355760574
-4.35900555253029
0.711364594101909
1.03823850154876
5
-0.270764920115467
0.416868764162063
1.9819302201271
1.01229914724826
-2.40579856038095
2
7
4.84755799770356
6.72812165915965
2.02918456196784
-6.57421583533287
0.511640226840969
0.405353203415871
-2.89209276735783
7
-1.75939367711544
-0.331804782152173
-2.99919219911098
4.30052398443223
0.664323681592934
1.86172640323639
2.93038222193718
|2
6
5
-4.78342375159264
3.07700119018555
-0.0998216807842218
-1.69319053590298
-0.734685403108596
5
-6.0805762976408
3.27395484149457
-1.00693004429342
-0.898507496714601
-1.0367728203535
5
-3.9611592978239
2.87951556742191
0.996907329559316
-2.35263111293315
-3.94685969650746
5
3.40569125413894
0.157161438465119
-0.463505730032921
4.13466286361217
-2.11099400222301
5
-0.820891872048373
-0.272101390361784
-3.73864629864693
1.49752225577832
-0.597141385078437
5
0.605588474869732
-0.0313693642616277
2.54424706101417
2.44210831224917
-2.65425072312356
2
7
5.2376760005951
6.8763427466154
2.02676081061362
-6.42125623226166
-0.167917221784596
1.01058351099491
-3.21658507287503
7
-2.24816298782825
0.845378559827808
-2.22952280938625
3.82989937067033
0.0784391999244622
1.00060867071152
3.01059398651123
|2
6
5
-3.4800543487072
2.56959533691407
-1.29319381713867
-0.883153614401816
-0.786638432741164
5
-5.80239969789982
3.01050600111486
-0.28235082328321
-1.76036963164807
-0.759647002816191
5
-4.90603807270526
4.16310882866382
2.31838967204093
-2.43258890807628
-3.59090888798237
5
2.52973802685737
-1.35391967892646
-0.0332577139139178
3.42429513037204
-1.67457874715328
5
-0.902393099665637
-1.08194626569748
-4.22707434296608
1.1329077154398
-0.359164285659797
5
0.400427952408794
-0.905427879095078
1.90612342953682
1.23673810064792
-2.1939577639103
2
7
4.5016034603119
6.88330390155314
3.23044607639312
-5.63128747344017
0.675035196542736
0.619907733798027
-2.88957571089268
7
-1.75939367711544
0.521799010038379
-3.36181755959987
4.63319715261461
0.103786200284951
1.19241862297058
3.35365154147148
|2
6
5
-4.08619703650475
2.20859296321869
-1.28333873748779
-1.19129794538021
-2.08712156414986
5
-6.97693552076816
3.50667861998082
-0.576088920235649
-1.54328472316266
-0.670674034953108
5
-4.32309778034687
3.92321548759937
1.4244704902172
-2.12328049838542
-4.27400844395161
5
3.16776273846626
-2.37289016842842
-0.589276567101479
3.52118102610111
-1.09104520380496
5
-0.99925710856914
-1.76146913170814
-3.68838257789612
1.48513533174992
0.775786495208733
5
-0.500868716835972
0.608003675937652
2.15922652482986
1.8044631153345
-2.72669384479524
2
7
5.01393849849702
6.88330390155314
3.40500139594077
-6.20417497158051
0.283382254838939
0.262531223893166
-3.29897180497647
7
-1.06635385453701
1.38397283554077
-0.933946689963338
3.58827498555184
0.138228285312646
-0.67208034992218
0.481690490245815
|2
6
5
-4.0021391093731
2.20859296321869
-0.710357737541195
-1.19129794538021
-1.59628791809082
5
-7.56054901182651
2.96533044874669
-0.75911183059217
-1.72317104041577
-0.346997353434554
5
-4.32309778034687
3.88670697510242
1.4244704902172
-2.12328049838542
-3.91668813526631
5
3.40569125413894
0.157161438465119
-0.463505730032921
4.13466286361217
-2.11099400222301
5
-1.3031082779169
-0.706032025814054
-3.73864629864693
1.49752225577832
-0.597141385078437
5
0.310673531889919
-0.276207965612412
2.54424706101417
2.44210831224917
-2.31422858834268
2
7
4.73141570091248
6.52212836444377
2.02676081061362
-6.25037707686424
-0.167917221784596
0.964232149720192
-3.21658507287503
7
-2.1234134465456
0.845378559827808
-1.71048246324062
3.82989937067033
0.0784391999244622
1.239627379179
3.01059398651123
|2
6
5
-4.56873017549515
3.07700119018555
-0.0998216807842218
-1.65615337789059
-0.734685403108596
5
-6.0805762976408
3.27395484149457
-0.738450577855125
-1.40127463042737
-0.524157330393786
5
-3.73578207194804
2.87951556742191
0.620020198822012
-1.82696492373942
-3.94685969650746
5
3.16776273846626
-2.2856947004795
-0.100592389702797
3.52118102610111
-1.09104520380496
5
-0.99925710856914
-1.76146913170814
-3.68838257789612
2.06666242182255
0.775786495208733
5
-0.287548896670338
0.328670990467071
2.47583156228065
2.01691085994243
-2.76604247689248
2
7
4.5016034603119
7.53612509071826
2.4519331395626
-6.57788565158844
1.65646963715553
0.942936733365059
-3.51567110121251
7
-2.55425637662411
-0.0934146940708129
-4.34824663102626
4.61694561243058
0.488967508077615
1.64281086921692
3.36303812861443
|2
6
5
-3.53240513205529
3.29371688365937
0.539657592773441
-0.970611938834189
-0.94780836701393
5
-5.37963525950908
3.35486879050733
-1.9241572648287
-0.73577403128148
-1.04627792537212
5
-4.32309778034687
3.5786953240633
2.22100602984428
-2.09219655692576
-3.3451878041029
5
3.06648951768875
-2.73979499340057
-0.667711439728737
4.24414142668247
-1.26068457067012
5
-1.56661612689495
-0.678028655052183
-4.00745077729225
0.696768584847453
1.20572156906127
5
-0.0681535154581033
-0.857066148519516
2.24818046689033
2.46865188181399
-2.99821963906289
2
7
5.08050541877747
7.12964153587817
3.31146838665008
-6.60413625240326
0.376346975564952
0.530914130806923
-3.51567110121251
7
-2.01746937334537
0.521799010038379
-3.36181755959987
4.78726137876512
-0.410783654451377
1.27073197364807
2.55307022929192
|2
6
5
-3.53240513205529
2.783726811409
-0.552993106842037
-1.31526456773281
-1.35481019616127
5
-5.70737588107585
3.35486879050733
-1.10446746647359
-0.32156414091588
-1.04627792537212
5
-4.13299317657947
3.92394683659076
1.03790895342826
-2.09219655692576
-3.63123200237752
5
2.9725152850151
-2.99960446953773
-0.181274309754372
3.64651221334934
-1.23299671709537
5
-0.660067960619921
-0.967859256267545
-4.35900555253029
1.13921927511692
0.629101920127862
5
-0.270764920115467
0.215164572000503
1.9819302201271
1.2065334945917
-2.58205060958863
2
7
4.98340587615967
6.79846983253954
2.70468327403068
-6.66571984291077
0.761552172899242
0.71615991294384
-3.10688807070256
7
-1.43648453652859
0.151625484228137
-2.68805888593196
4.2976648926735
-0.0984383940696785
1.5514988899231
3.19908849596978
|2
6
5
-3.95250665545464
2.783726811409
-0.0080027818679773
-1.70828972756863
-0.94780836701393
5
-5.75686442553997
3.35486879050733
-1.71947912871839
-0.73577403128148
-0.978240224719042
5
-4.67685811817646
3.5786953240633
1.7787935912609
-2.09219655692576
-3.63123200237752
5
3.59572755098342
-2.99960446953773
-0.181274309754372
3.64651221334934
-1.22961677610874
5
-1.56661612689495
-0.739708948135374
-3.43370338082313
0.999448218941691
0.841445398330682
5
0.310673531889919
-0.276207965612412
2.54424706101417
2.44210831224917
-2.65425072312356
2
7
4.64812602996827
6.12513746917246
2.02676081061362
-6.52061848640442
-0.167917221784596
1.01058351099491
-3.51567110121251
7
-2.55425637662411
0.291493886709216
-4.34824663102626
4.61694561243058
0.488967508077615
1.64281086921692
3.36303812861443
|2
6
5
-4.0021391093731
2.20859296321869
-0.753222870826717
-1.19129794538021
-1.36777999997139
5
-7.56054901182651
3.41639288961888
-0.955027744174018
-1.54328472316266
-0.346997353434554
5
-4.27104940712452
3.88670697510242
1.4244704902172
-2.12328049838542
-3.91668813526631
5
3.13494845032691
-2.2856947004795
-0.388218107819557
3.50196804106235
-1.09104520380496
5
-0.99925710856914
-1.84775450825691
-3.68838257789612
1.48513533174992
0.766395545005791
5
-0.287548896670338
0.109405070543289
2.47583156228065
1.71269657313823
-2.23818245530129
2
7
4.5016034603119
6.85460732281207
2.92354688048362
-6.57788565158844
1.65646963715553
0.942936733365059
-3.51567110121251
7
-2.65543439686298
0.47592965960503
-1.71048246324062
4.32633291482927
-0.120134675502784
0.673505342006684
3.01059398651123
|2
6
5
-4.15757748484612
2.783726811409
-0.290156292915341
-0.177157434821128
-1.23205242753029
5
-6.90218314230442
2.90560643374921
-0.614950749278083
-1.54328472316266
-1.01166948974132
5
-4.32309778034687
4.25034721195697
1.54112619757652
-2.09219655692576
-3.11287980377675
5
3.21850083470344
-3.38845217823982
0.586157670617103
3.52118102610111
-1.38474510610103
5
-0.852719590067858
-1.09954899549484
-4.00745077729225
0.678576198220256
0.841445398330682
5
-0.270764920115467
0.776465445756912
1.94143079519272
0.66151262819766
-2.16704755425454
2
7
4.7825079202652
6.58817207515238
2.02918456196784
-5.96582252383232
0.511640226840969
0.410371938347816
-2.42107168734074
7
-2.1234134465456
0.935264533758167
-1.71048246324062
3.82989937067033
0.10908354520797
0.682303559780122
3.01059398651123
|2
6
5
-4.08619703650475
2.783726811409
-0.109679907560345
-1.89390052258968
-1.21981833577156
5
-5.37963525950908
3.35486879050733
-0.802513316273704
-0.979049798846254
-0.799932691454882
5
-2.79056632220744
3.1694664388895
1.81082258224486
-3.1085006982088
-3.54210564792157
5
4.18000487089157
-0.0533353030681606
-0.581131824851036
2.81165598928928
-1.75756690204143
5
-0.604683133959765
-0.829186135530469
-3.90847211480141
0.927297136187556
1.03823850154876
5
-0.00201567709445588
-0.471720403432847
2.54424706101417
2.41229087412356
-2.59409907460214
2
7
4.26316158771516
6.68549470603465
1.78657943606376
-6.52061848640442
0.141913467645641
0.528166118264198
-3.51567110121251
7
-2.01746937334537
0.244707864522937
-3.36181755959987
4.27680252790452
-0.410783654451377
1.27073197364807
2.55307022929192
|2
6
5
-3.53240513205529
2.24449608325959
0.539657592773441
-0.970611938834189
-0.94780836701393
5
-5.01443626582622
3.91032924354077
-1.9241572648287
-0.59542089998723
-1.04627792537212
5
-4.32309778034687
3.5786953240633
2.22100602984428
-2.09219655692576
-3.63123200237752
5
3.06648951768875
-2.73979499340057
-0.181274309754372
4.24414142668247
-1.5089827209711
5
-1.56661612689495
-0.678028655052183
-4.00745077729225
0.696768584847453
1.35838716626167
5
0.310673531889919
-0.276207965612412
2.02735605835914
2.44210831224917
-2.32494726777078
2
7
4.34158172607422
6.80985142886637
2.12159878611564
-6.42125623226166
-0.646935719251637
0.678668799996376
-2.62912722527982
7
-2.1234134465456
0.845378559827808
-1.66162198483943
3.82989937067033
0.0199652552604607
1.00060867071152
3.01059398651123
|2
6
5
-3.44861056208611
2.783726811409
0.00435118675232299
-1.44867886006832
-0.94780836701393
5
-5.37963525950908
3.35486879050733
-1.84545417129995
-0.73577403128148
-1.04627792537212
5
-4.32309778034687
3.06451142132282
1.7787935912609
-2.44271635711192
-3.63123200237752
5
2.76747549772262
-2.50602869391441
-0.181274309754372
4.10827151834964
-1.5089827209711
5
-1.72914018332958
-0.678028655052183
-4.00745077729225
0.722830572724345
0.841445398330682
5
-0.0681535154581033
-0.857066148519516
2.50813728570938
2.92239996492862
-2.52946763634683
2
7
5.08050541877747
6.88330390155314
3.31146838665008
-6.150319647789
-0.053035491704945
0.530914130806923
-3.51567110121251
7
-1.43648453652859
0.305469340085987
-2.68805888593196
4.2976648926735
-0.159478962421424
1.5514988899231
3.19908849596978
|2
6
5
-3.55926935076714
2.783726811409
-0.540062427520748
-1.44867886006832
-0.94780836701393
5
-5.37963525950908
2.79098348319531
-1.38191618621351
-0.73577403128148
-0.662699291110033
5
-4.32309778034687
3.5786953240633
1.69959439635276
-1.65295471847056
-3.63123200237752
5
2.6751422047615
-2.99960446953773
-0.181274309754372
3.64651221334934
-1.47494298517703
5
-1.01851465404033
-0.959393292665479
-4.00745077729225
1.14585706293583
0.841445398330682
5
0.310673531889919
-0.276207965612412
2.54424706101417
1.90065628588199
-3.08357325196267
2
7
4.05433058738709
7.90375995934008
1.77916309237479
-6.57788565158844
1.65687754750251
1.0150074750185
-3.53162273466588
7
-1.94747559130192
-0.098690992593762
-3.42978647053241
4.38709480166436
-0.625299221277244
1.84516401290894
2.55307022929192
|2
6
5
-3.88734422922135
2.23807158470154
-1.29319381713867
-0.883153614401816
-0.786638432741164
5
-5.80239969789982
3.11259266436101
-0.75911183059217
-2.5580711811781
-0.374435296654692
5
-5.30752356350421
4.55505953133106
1.7787935912609
-2.41943020522593
-3.09923572838307
5
2.89401476979255
-2.20772102475166
0.101773485541343
3.75069715082645
-1.52606352865695
5
-0.957183834910388
-0.913230901956556
-3.68838257789612
1.4561970859766
0.374176406860345
5
-0.500868716835972
0.295365625619888
2.0230400621891
2.19349171221255
-2.72669384479524
2
7
4.34158172607422
6.68549470603465
2.02676081061362
-6.14322094917297
-0.182501858472828
0.805994263291359
-3.30687566697598
7
-2.1234134465456
0.812361568212512
-1.71048246324062
3.82989937067033
0.10908354520797
0.673505342006684
3.01059398651123
|2
6
5
-4.0021391093731
2.20859296321869
-0.746221017837521
-1.19129794538021
-1.76312201619148
5
-7.56054901182651
2.96533044874669
-0.374283501505867
-1.54328472316266
0.0883197337389084
5
-4.32309778034687
3.88670697510242
1.39101218581199
-2.12328049838542
-3.91668813526631
5
2.9459193766117
-2.2856947004795
-0.100592389702797
3.52118102610111
-1.09104520380496
5
-0.99925710856914
-1.76146913170814
-3.79369132518768
1.48513533174992
0.775786495208733
5
-0.287548896670338
0.109405070543289
2.47583156228065
1.71269657313823
-2.23818245530129
2
7
4.5016034603119
7.27503255307673
2.4519331395626
-6.57788565158844
1.65646963715553
0.942936733365059
-3.51567110121251
7
-2.55425637662411
0.291493886709216
-4.34824663102626
5.06322199106218
0.488967508077615
1.64281086921692
3.87953988909722
|2
6
5
-4.15757748484612
3.25610501766205
0.474102741479877
-0.627887710928916
-1.56890712380409
5
-7.4100172907114
3.04743211567403
-1.11291823089124
-1.5145164936781
-1.0470536917448
5
-4.32309778034687
4.11805780231952
1.69647695422172
-2.22004630267619
-3.63981027901173
5
2.84190552830696
-2.75999501347541
-0.100592389702797
3.81331891715526
-0.845469817519182
5
-1.15970327556133
-1.08358355760574
-4.88941603302956
1.6411494165659
1.47490270137786
5
-0.270764920115467
-0.0665250957012182
1.9819302201271
1.2065334945917
-2.35079560875894
2
7
5.40866518020631
6.79846983253954
2.70468327403068
-6.91038115024567
0.166387730836864
0.71615991294384
-3.28970507681371
7
-2.23990346491337
-0.585646325349805
-3.43364790380001
4.31994432210923
-0.28135977387429
0.684803342819214
2.35466966032982
|2
6
5
-4.08619703650475
3.33679502010346
-0.365169811248776
-1.03867109715938
-1.88050900101662
5
-5.91841882765293
3.29247865974904
-1.35782678425313
-1.27966649234296
-1.51123778522014
5
-2.79536618888377
3.37005831897259
2.35228460431098
-2.53629110157489
-3.79591005146504
5
4.18000487089157
0.311287051439286
-0.662933334708214
2.67286740839481
-1.41637961566447
5
-0.924050542712206
-0.886370760202405
-4.57322672009468
0.871826210618022
1.03823850154876
5
-0.500868716835972
0.608003675937652
1.98228750824928
2.57936560213565
-2.72669384479524
2
7
5.01393849849702
6.88330390155314
3.48251323103904
-6.20417497158051
-0.0238429725170178
0.530914130806923
-3.29897180497647
7
-1.35612669885159
0.269825929403308
-2.50797501504421
4.23635460138322
0.0785398364067009
1.98352036476135
3.93607382774353
|2
6
5
-4.15757748484612
2.783726811409
0.725698077678684
-0.83040300309658
-1.10479233860969
5
-6.39208277761936
2.99970864355565
-1.26981179416181
-1.54328472316266
-1.17657241523265
5
-2.79056632220744
2.85450371801853
2.6541267633438
-3.19448209106921
-3.67026136219502
5
4.33897430300712
-0.63897675871849
-0.451497086882591
3.31612385809421
-1.20058005750178
5
-0.714017501473422
-0.597244310379026
-5.0424458026886
1.78533116877079
1.00777402520179
5
-0.941650912165638
0.96145446896553
1.85736778974533
1.52817391455173
-3.38339007496835
2
7
4.93258423805237
7.7026452988386
2.60014412403106
-7.19859974384308
0.099302804470058
0.137779894471169
-3.24320351183415
7
-2.4370381385088
0.243173927068714
-3.17974922955036
4.45315934419633
0.0445400297641686
1.74341684579849
2.14385890364647
|2
6
5
-4.78342375159264
3.07700119018555
-0.531899231672283
-1.67351013123989
-0.734685403108596
5
-6.0805762976408
2.99134277999402
-0.738450577855125
-0.898507496714601
-0.424594089388842
5
-3.38877260386943
2.87951556742191
0.996907329559316
-1.82696492373942
-3.94685969650746
5
3.40569125413894
0.157161438465119
-0.463505730032921
4.13466286361217
-2.11099400222301
5
-0.0608943849801965
-1.21395143270492
-4.35900555253029
1.49517265856266
1.03823850154876
5
-0.141910973191258
0.932753401994705
1.9819302201271
1.01229914724826
-2.50805245041848
2
7
3.69608545303345
6.88330390155314
2.6953253686428
-6.20417497158051
0.730037987232204
-0.288601019978523
-3.39159840643407
7
-1.47329023778439
-0.118989378213879
-1.87452681362628
4.68404475450517
0.360743916034692
2.14484701156616
3.73066166043282
|2
6
5
-4.28873800635338
2.78548655509949
0.210854887962345
-0.826726588606834
-1.23205242753029
5
-7.4100172907114
2.3432014912367
-1.11291823089124
-1.53942169845105
-1.53825628459453
5
-4.80530402958393
3.76125932633876
2.19273826479911
-2.22004630267619
-3.63981027901173
5
2.84190552830696
-2.01779187321663
-0.270869675278664
3.52118102610111
-1.09104520380496
5
-0.820891872048373
-0.565546286106107
-3.73864629864693
2.08470959365368
-0.597141385078437
5
0.310673531889919
-0.276207965612412
2.54424706101417
2.20749405920505
-2.31804247498513
2
7
4.50125491619111
6.52212836444377
2.02676081061362
-6.42125623226166
-0.167917221784596
1.01058351099491
-3.21658507287503
7
-2.1234134465456
0.845378559827808
-1.71048246324062
3.82989937067033
-0.103805601596839
1.00060867071152
3.01059398651123
|2
6
5
-4.08619703650475
3.30689023137093
-1.2147409915924
-1.21750427186489
-1.0981142103672
5
-4.79974410235881
3.32074159681798
-0.391664931178107
-1.22769150435925
-1.60214755833148
5
-4.28483159840107
3.5786953240633
1.7787935912609
-2.09219655692576
-3.90595207512379
5
3.06648951768875
-2.99960446953773
0.300609216094017
3.07811636030674
-0.690285769104952
5
-1.56661612689495
-0.875093752145765
-4.00745077729225
-0.0550671190023395
0.587351584434502
5
0.310673531889919
-0.276207965612412
2.9542129099369
2.44210831224917
-2.65425072312356
2
7
4.34158172607422
6.91042359173297
1.72221965193747
-6.05773243904114
-0.178458303213124
0.558840289711952
-3.51567110121251
7
-2.1234134465456
0.845378559827808
-1.81873370110988
3.82989937067033
-0.0438042283058234
0.935348808765412
2.85177667140961
|2
6
5
-3.53240513205529
2.783726811409
0.00435118675232299
-1.44867886006832
-0.94780836701393
5
-5.33977656066417
3.19229309260846
-1.54960143864156
-1.26368955671788
-1.62153894603252
5
-3.27997348010539
3.65553678572178
2.95900795459746
-2.48528635799884
-4.13799848854542
5
4.11662491559982
-0.442733401060104
-0.542782315611839
2.71843964159489
-1.46053237020968
5
-0.99925710856914
-1.52823580503464
-3.88739953637123
2.06267378032208
0.882757139205926
5
-0.822898790240284
0.107895952463149
2.33121750950813
1.84076255857943
-2.63601227402688
2
7
4.11795330047608
6.73712930381297
3.06808361411094
-7.50919332504273
1.24341145157814
0.530914130806923
-3.51567110121251
7
-1.62122234404087
0.269825929403308
-2.50797501504421
4.2976648926735
-0.0984383940696785
2.37139790058136
3.19908849596978
|2
6
5
-3.53240513205529
2.783726811409
0.539657592773441
-0.970611938834189
-0.94780836701393
5
-5.37963525950908
3.49220840632916
-1.9241572648287
-0.73577403128148
-1.04627792537212
5
-4.85808975994587
3.5786953240633
2.22100602984428
-2.09219655692576
-4.13164737522603
5
3.06648951768875
-2.32916095256805
-0.181274309754372
4.43210847079754
-1.5089827209711
5
-1.56661612689495
-0.678028655052183
-4.00745077729225
0.696768584847453
1.20572156906127
5
-0.0681535154581033
-0.857066148519516
2.23748660683632
2.46865188181399
-2.99821963906289
2
7
4.14393281936646
6.88330390155314
2.6953253686428
-5.65687930583954
0.766396796703334
0.194776102900505
-3.39159840643407
7
-1.7113365739584
0.367643302679065
-2.50852999985218
4.68404475450517
-0.196783483028419
2.14484701156616
3.73066166043282
|2
6
5
-4.15757748484612
2.78548655509949
-0.350407433509823
-0.826726588606834
-1.64785032868385
5
-7.4100172907114
2.3432014912367
-1.50939793288709
-1.54328472316266
-0.997041150927534
5
-4.32309778034687
3.76125932633876
2.16934546828269
-2.22004630267619
-3.63981027901173
5
2.84190552830696
-2.01779187321663
-0.100592389702797
3.52118102610111
-0.96025375425815
5
-0.270397922396655
-1.21395143270492
-4.87815347313881
1.08683687746525
1.03823850154876
5
-0.413388273119923
0.932753401994705
1.9819302201271
1.01229914724826
-1.90167158246041
2
7
4.7109043121338
6.88330390155314
3.31146838665008
-6.60413625240326
-0.053035491704945
0.530914130806923
-3.51567110121251
7
-1.43648453652859
0.305469340085987
-3.18602107465267
4.2976648926735
-0.53309744596482
1.5514988899231
3.19908849596978
|2
6
5
-4.08619703650475
2.37739158272744
-0.746221017837521
-1.19129794538021
-1.76312201619148
5
-6.97693552076816
2.96533044874669
-0.75911183059217
-1.54328472316266
-0.670674034953108
5
-4.32309778034687
3.93994639217853
1.4244704902172
-2.12328049838542
-4.27400844395161
5
3.16776273846626
-2.37289016842842
-0.540801611542702
3.52118102610111
-1.09104520380496
5
-0.99925710856914
-1.76146913170814
-3.68838257789612
1.48513533174992
0.775786495208733
5
-0.500868716835972
0.608003675937652
2.27572230100631
2.19349171221255
-2.72669384479524
2
7
5.07457809448243
6.09734928309916
2.02676081061362
-6.42125623226166
-0.167917221784596
1.01058351099491
-3.21658507287503
7
-2.1234134465456
0.495448845624927
-1.71048246324062
3.82989937067033
0.593052256107323
1.00060867071152
3.01059398651123

