50
334
|FiveLongFeelerGenome 30
3
6
7
-3.41303930282593
-0.385305440425873
3.56773433685303
0.142837774753571
-6.15384964942932
0.434426724910737
0.157797122001648
7
-2.06078344583511
1.10329048037529
3.40884605646133
-0.432557809352875
-3.37460595369339
-2.20325548052788
1.00959423184395
7
-1.49697430729866
-3.61579928398132
-0.479270422458649
0.494163566827774
-1.01561174988746
-2.00565803050995
2.27301542758942
7
3.22975803017616
6.8574669778347
0.528863573074341
0.875793015956879
0.292732220888137
1.93182307481766
-2.66465508937836
7
-1.2711733520031
-1.25199152231216
-1.06910517811775
-0.745096683502197
0.671092110872269
0.126110064983368
2.98284011483192
7
3.59185841679573
-3.64390910863876
-2.26083351969719
0.0663962483406067
4.96940214633941
1.16484677195549
-0.93022037744522
6
7
2.42730082273483
3.49540856480598
3.05799474716186
0.94626697897911
1.11353673934937
-2.15920881032944
1.67197003960609
7
2.1795328438282
-1.67626108527183
-3.40743488073349
-1.83977136611938
0.928216755390167
-6.994524538517
3.10946016311645
7
-1.9052538394928
-4.97943384051323
-0.948287343978882
1.59794358611107
3.43077223300934
7.45429661870003
-1.71065080165863
7
-4.12630355358124
-0.108119493722916
3.1884609401226
-0.0974606215953823
1.67473036050796
-0.342824459075929
1.12184342741966
7
-3.01011808514595
-2.86669479608536
-3.14873024821281
-0.0560430705547334
2.02132612466812
3.41597459316254
3.1652309179306
7
-3.95853201150894
3.76829663515091
-1.63698796629906
6.41439307928085
-1.77789540290833
-1.82396109700203
1.32925165295601
2
7
2.18238967061043
3.41565866470337
-5.70159624218941
-4.36570006012916
-4.85455549359322
2.35912684798241
3.01695357561111
7
-1.70191032290459
1.65342640280724
-1.21350337862968
-0.717851960659027
3.13111624717712
4.23703466653824
3.23614965677261
|FiveLongFeelerGenome 30
3
6
7
-3.38098726272583
-0.0491319715976715
5.58769176602364
0.337898671627045
-7.27421863675118
-0.445289677381515
0.440942889451981
7
-3.60289761424065
1.55639667510986
1.74663701653481
-1.61396534442902
-3.1652283012867
-1.57066680192947
0.459306812286377
7
-1.69615584611893
-3.08568391799927
-0.881196367740631
0.494163566827774
-1.26543191075325
-1.680513215065
2.12486166357994
7
3.54044652581215
6.8574669778347
0.135134387016297
0.213767683506013
0.8200499355793
2.29611512422562
-2.66465508937836
7
-1.25261332392693
-1.63671748042107
-1.03829768300056
-1.47965488433838
0.599677777290344
0.0958818554878234
2.81976287961006
7
3.59185841679573
-3.64390910863876
-2.26083351969719
0.0663962483406067
4.96940214633941
1.16484677195549
-0.93022037744522
6
7
2.42730082273483
3.49540856480598
3.05799474716186
0.94626697897911
1.11353673934937
-2.15920881032944
1.67197003960609
7
2.38547542691231
0.662932360172272
1.29736640453339
-2.9381865978241
-0.178424954414368
-3.94029942750931
0.668108636140823
7
-1.9052538394928
-5.11091622710228
-0.948287343978882
1.59794358611107
3.56683311462402
7.45429661870003
-1.71065080165863
7
-4.62141287326813
-0.108119493722916
3.1884609401226
-0.0974606215953823
1.67473036050796
-0.342824459075929
1.12184342741966
7
-3.01011808514595
-2.86669479608536
-3.14873024821281
-0.342279815673828
2.02132612466812
3.41597459316254
2.62859084606171
7
-3.95853201150894
3.76829663515091
-1.63698796629906
6.41439307928085
-1.77789540290833
-1.82396109700203
1.32925165295601
2
7
2.18238967061043
3.41565866470337
-5.70159624218941
-4.36570006012916
-4.85455549359322
1.91275190711021
3.01695357561111
7
-1.28434438109398
1.63191270828247
-0.802435839176178
-1.4815061211586
3.05296597480774
3.5879671216011
3.28832112550735
|FiveLongFeelerGenome 30
3
6
7
-3.38098726272583
-0.0491319715976715
5.58769176602364
0.337898671627045
-7.27421863675118
-0.445289677381515
0.440942889451981
7
-3.60289761424065
1.55639667510986
1.73906853795052
-1.61396534442902
-3.1652283012867
-1.57066680192947
0.459306812286377
7
-1.69615584611893
-3.08568391799927
-0.881196367740631
0.494163566827774
-1.26543191075325
-1.69700365066528
2.12486166357994
7
3.54044652581215
6.8574669778347
0.135134387016297
0.213767683506013
0.8200499355793
2.29611512422562
-2.66465508937836
7
-1.25261332392693
-1.63671748042107
-1.03829768300056
-1.47965488433838
0.599677777290344
0.0958818554878234
3.21751831173897
7
3.58039422631264
-3.8972248673439
-2.26083351969719
0.0663962483406067
4.96940214633941
1.16484677195549
-0.93022037744522
6
7
2.42730082273483
3.49540856480598
3.05799474716186
0.94626697897911
1.11353673934937
-2.15920881032944
1.67197003960609
7
2.41820946335793
0.662932360172272
1.29736640453339
-2.9381865978241
-0.178424954414368
-3.94029942750931
0.716417509317398
7
-1.9052538394928
-5.11091622710228
-0.948287343978882
1.59794358611107
3.56683311462402
7.45429661870003
-1.71065080165863
7
-4.62141287326813
-0.108119493722916
3.1884609401226
-0.0974606215953823
1.67473036050796
0.0915244579315177
1.12184342741966
7
-3.01011808514595
-2.86669479608536
-3.14873024821281
-0.342279815673828
2.02132612466812
3.41597459316254
2.62859084606171
7
-3.95853201150894
3.45204988718033
-1.63698796629906
6.86258004903793
-1.77789540290833
-1.82396109700203
0.794544202089309
2
7
2.18238967061043
3.64775956273079
-5.70159624218941
-4.36570006012916
-4.99185019135475
1.91275190711021
3.01695357561111
7
-1.28434438109398
1.63191270828247
-0.802435839176178
-1.4815061211586
3.05296597480774
3.53238896131516
3.32659782171249
|FiveLongFeelerGenome 30
3
6
7
-3.36123980283737
-0.583527553081513
3.53206589221954
-0.307011717557906
-5.81710342168808
0.623794937133789
0.16736450791359
7
-3.73905314207077
2.01710405349732
2.66017637848854
-1.57955905795097
-3.09051502943039
-1.08179565668106
0.744093465805054
7
-0.225611507892609
-2.55106751918793
0.97278214097023
-0.632199728488923
-2.68655434846878
1.74351660013199
2.17200071811676
7
2.93424082398415
6.65270658731461
0.820764142274857
0.655366718769074
0.84698702096939
3.0512290596962
-2.07970623373985
7
-1.50294222831726
-1.24178659319878
-2.00336970090866
-1.67437274456024
1.36225490570068
-0.0797414660453797
3.39095223546028
7
4.09309758543968
-5.62083196043968
-1.58368017077446
-0.0734570264816284
3.6438648045063
1.82797710299492
-0.386943340301513
6
7
2.22340229749679
3.18268709778786
3.53445291519165
0.820403033494949
0.175079870223999
-1.11731880903244
0.771055370569229
7
1.77900654673576
0.27475808262825
-0.343479108810425
-4.13241550326347
1.15446224808693
-6.93131669163704
2.7524343252182
7
-1.78642897605896
-5.09869865775108
-0.880892497301102
1.16245355010033
4.05932474136353
8.84737296700477
-1.98898119926453
7
-4.85313963890076
-1.45765511393547
3.34759632945061
0.703531157970429
1.98866792321205
1.61140846014023
0.264071911573411
7
-2.91200996041298
-2.33265796899795
-3.47432453036308
-0.143787676095963
1.0293296456337
2.42868093848229
2.91174349784851
7
-4.48522237539291
3.44763675928116
-2.44787194728851
6.65235372781753
-1.76067855358124
-2.7477719604969
0.932653218507766
2
7
3.29671737551689
2.70240769982338
-5.61719533205032
-4.15862705111504
-8.2945333480835
-0.0670647799968719
3.23806135058403
7
-0.0484303891658781
2.85174086689949
-3.16640640497208
-1.2387926697731
2.00653132796288
3.93078109622002
3.99024057984352
|FiveLongFeelerGenome 30
3
6
7
-3.36123980283737
-0.583527553081513
3.53206589221954
-0.307011717557906
-5.81710342168808
0.623794937133789
0.16736450791359
7
-3.73905314207077
2.01710405349732
2.66017637848854
-1.57955905795097
-3.09051502943039
-1.08179565668106
0.744093465805054
7
-0.225611507892609
-2.55106751918793
0.97278214097023
-0.632199728488923
-2.68655434846878
1.74351660013199
2.17200071811676
7
2.93424082398415
6.65270658731461
0.820764142274857
0.655366718769074
0.84698702096939
3.0512290596962
-2.07970623373985
7
-1.50294222831726
-1.24178659319878
-2.00336970090866
-1.67437274456024
1.36225490570068
-0.0797414660453797
3.39095223546028
7
4.09309758543968
-5.62083196043968
-1.58368017077446
-0.0734570264816284
3.6438648045063
1.82797710299492
-0.386943340301513
6
7
2.22340229749679
3.18268709778786
3.53445291519165
0.820403033494949
0.175079870223999
-1.11731880903244
0.771055370569229
7
1.77900654673576
0.27475808262825
-0.343479108810425
-4.13241550326347
1.15446224808693
-6.93131669163704
2.7524343252182
7
-1.78642897605896
-5.09869865775108
-0.880892497301102
1.16245355010033
4.05932474136353
8.84737296700477
-1.98898119926453
7
-4.85313963890076
-1.45765511393547
3.34759632945061
0.703531157970429
1.98866792321205
1.61140846014023
0.264071911573411
7
-2.91200996041298
-2.33265796899795
-3.47432453036308
-0.143787676095963
1.0293296456337
2.42868093848229
2.91174349784851
7
-4.48522237539291
3.44763675928116
-2.44787194728851
6.65235372781753
-1.76067855358124
-2.7477719604969
0.932653218507766
2
7
3.29671737551689
2.70240769982338
-5.61719533205032
-4.15862705111504
-8.2945333480835
-0.0670647799968719
3.23806135058403
7
-0.0484303891658781
2.85174086689949
-3.16640640497208
-1.2387926697731
2.00653132796288
3.93078109622002
3.99024057984352
|FiveLongFeelerGenome 30
3
6
7
-3.41303930282593
-0.385305440425873
3.43462173938751
-0.367435681819915
-6.18396822810173
0.507268297672272
-0.0195417404174802
7
-4.2727182328701
2.61810240745544
1.74663701653481
-1.77037954330444
-2.72773998379707
-2.38121994137764
0.88238594532013
7
-0.820761340856552
-3.32576651573181
0.556845551729202
-0.247695124149323
-2.48071590662002
1.3989706158638
1.77291968464851
7
2.67243328094482
6.19240247011185
2.55681089162827
2.03124987483025
0.0219849646091457
1.49257435202599
-2.21456768512726
7
-0.893594568967819
-1.52335647344589
-1.69957873821259
-0.869752830266952
1.42009706497192
-2.08786779642105
2.8913985311985
7
2.47093594670296
-4.33148273229599
-2.46264480352402
-0.336395245790482
4.47553565502167
1.33221554160118
-0.0405881702899926
6
7
2.81294509768486
2.92619588971138
3.02689415812492
1.3248123049736
0.344932508468628
-2.15920881032944
1.67197003960609
7
1.26723291277885
0.0868114054203035
-0.747857218980789
-5.91991478204727
1.69508257508278
-6.1832425892353
2.61811664700508
7
-2.38321740627289
-5.22109845876694
-1.37596140503883
2.56643622517586
4.62892215251923
7.96428275704384
-1.54421781897545
7
-4.1437058866024
-1.11550255417824
2.57219386100769
-0.224975574016571
1.51919651627541
-0.715248894691468
1.05687317252159
7
-1.18716940879822
-1.58393850922584
-4.15099974870682
0.155511909723282
1.34380667209625
4.77787482142448
2.29947643280029
7
-5.31626821756363
4.96422683000565
-1.65895974636078
7.52616236805916
-2.74371244907379
-1.79569828510284
1.53947404026985
2
7
5.09508966803551
3.17594603300095
-6.29502490162849
-5.3767599105835
-5.71840317845345
1.6088635802269
3.34656480550766
7
1.66254237294197
1.00918890833855
-3.69811537861824
-0.833256328105926
1.5834843814373
4.47989542484283
4.27571924328804
|FiveLongFeelerGenome 30
3
6
7
-3.03493908047676
0.937471675872803
4.40410776138306
-0.563226944208144
-6.86594896316528
-0.0341466605663295
-0.71146855354309
7
-3.43132357001305
1.85427535176277
2.08179863095283
-1.263725066185
-3.92649756669998
-1.08179565668106
1.32265346050262
7
-0.782439082860947
-2.04077124595642
1.64032488465309
-0.299952852725983
-1.36804412603378
0.474241507053376
2.5197830915451
7
2.00451756715775
6.5399678170681
2.12637159824371
3.54802997112274
0.625845807790756
0.664111816883087
-0.346702933311463
7
-2.35965532660484
0.19324397444725
-1.86882718205452
-2.01406275033951
2.55587124824524
-1.09088067412376
3.00452745556831
7
2.99186075925827
-4.36668039560318
-1.59914888143539
0.250248068571091
4.71662333011627
0.771397536993026
0.320067375898362
6
7
2.70711750388145
3.4758509516716
3.26143223643303
0.156311327219009
-0.237563824653626
-0.630551874637603
1.4280893445015
7
3.93248627185821
-1.50642977952957
0.646029210090637
-2.05663009285927
-0.564801901578903
-6.01455091834068
0.286048293113708
7
-1.28554936647415
-5.44801770448685
-0.89868106842041
1.98535257577896
3.67824891209602
8.57097781896591
-1.45086026191711
7
-4.99399631023407
-0.687549954652786
4.39571413397789
0.576088052988053
0.305273777246475
-1.14130029082298
0.891971319913865
7
-1.29492438435554
-1.60595953464508
-4.27833350896835
-0.728034722805023
1.31642162203789
2.95810858607292
2.71845191121101
7
-3.21655195951462
2.26965878605843
1.04556739330292
3.21146365404129
1.05217415690422
-3.36286092400551
-0.373128545284271
2
7
2.75064740777016
3.11517449021339
-5.28864284157753
-4.75598387718201
-5.72032135128975
1.22981187105179
3.81353258490562
7
0.733592182397843
1.96540178656578
-3.11730468869209
-0.599465119838714
1.81607873439789
4.79758341312408
4.87680550217628
|FiveLongFeelerGenome 30
3
6
7
-2.8529740691185
-0.583527553081513
3.43972172737122
-0.653480738401412
-6.20065287351609
0.275539350509644
0.16736450791359
7
-3.73905314207077
2.01710405349732
2.66017637848854
-1.57955905795097
-3.09051502943039
-1.08179565668106
0.194985914230347
7
-0.225611507892609
-2.73968877196312
1.21149938702583
-0.90582059621811
-2.68655434846878
2.1935045838356
2.17200071811676
7
3.35718227028847
6.65270658731461
0.122955924272538
0.643945872783661
0.84698702096939
2.49226056337357
-1.39359301924706
7
-0.893594568967819
-1.52335647344589
-1.83105452656746
-1.38127698302269
1.37967739105225
-2.3520552277565
2.31911798119545
7
4.09309758543968
-5.62083196043968
-1.58368017077446
-0.0734570264816284
3.6438648045063
1.82797710299492
-0.386943340301513
6
7
2.22340229749679
3.18268709778786
3.53445291519165
0.820403033494949
0.175079870223999
-1.68372446298599
0.775300914049149
7
2.02159109115601
-1.46120347976685
-2.50996874570847
-1.83977136611938
0.0403771042823791
-6.34951928853988
3.30267174839973
7
-0.734163653850555
-5.90483809709549
-0.89868106842041
2.20482634902
3.67824891209602
8.37681837677956
-1.79500684738159
7
-4.85313963890076
-1.11493646502495
3.34759632945061
0.703531157970429
2.28863714933395
1.61140846014023
0.0267773091793066
7
-0.967090851068496
-2.74386069178581
-2.96397348642349
-1.67976015806198
1.05897810459137
1.74929284453392
2.00743331313133
7
-4.48522237539291
3.44763675928116
-2.44787194728851
5.75616604089737
-1.3851931810379
-2.7477719604969
0.932653218507766
2
7
4.11954144239426
2.46281694769859
-6.44945625066757
-5.21674439907074
-6.36093235611916
2.44785648584366
2.74018685221672
7
0.731213027238846
0.716566842794419
-3.8467222571373
-1.57931542992592
1.59190456867218
3.96721286177635
3.50636535286903
|FiveLongFeelerGenome 30
3
6
7
-3.36123980283737
-0.583527553081513
2.98037712574005
-0.307011717557906
-6.20065287351609
0.623794937133789
0.16736450791359
7
-3.18127290010452
2.27821829915047
2.31152673959732
-1.263725066185
-3.85930036306381
-1.14923606514931
1.01561005115509
7
-0.801603376865387
-3.04805109500885
1.3442279458046
-0.632199728488923
-2.68655434846878
1.9437239587307
1.92603464126587
7
3.22522466778755
6.65270658731461
0.820764142274857
0.274107229709626
0.303715527057647
3.0512290596962
-2.07970623373985
7
-1.50294222831726
-1.02726782560349
-2.00336970090866
-1.67437274456024
1.36225490570068
-0.0797414660453797
3.39095223546028
7
4.08046037554741
-6.11305050253868
-1.29215224981308
-0.0734570264816284
3.6438648045063
1.36919276118278
-0.439439034461974
6
7
2.7380383849144
3.18268709778786
3.67992278933525
0.263739734888076
0.175079870223999
-1.17061530351639
0.752257162332535
7
1.77900654673576
0.58419616818428
-0.343479108810425
-4.13241550326347
1.73683891892433
-6.93131669163704
2.7524343252182
7
-1.78642897605896
-4.54235872626305
-0.880892497301102
1.16245355010033
4.05932474136353
8.46974654793739
-1.98898119926453
7
-4.14276911616325
-1.05591366887093
3.06648292541504
0.711221104860306
1.944752150774
-1.14727094173432
1.11144332289696
7
-2.92899921536446
-2.34099305868149
-3.47432453036308
-0.143787676095963
1.0293296456337
2.42868093848229
3.32511081695557
7
-4.08164955377579
3.15242198109627
-3.46350106596947
5.85592635273933
-2.36746332645416
-2.91841275691986
1.7050380051136
2
7
3.29671737551689
2.70240769982338
-5.61719533205032
-3.46458587050438
-8.05755503177643
0.0186915934085847
3.23806135058403
7
-0.0484303891658781
2.85174086689949
-3.07232874631882
-1.2387926697731
2.00653132796288
3.55030781626701
3.99024057984352
|FiveLongFeelerGenome 30
3
6
7
-3.41303930282593
-0.385305440425873
3.56773433685303
0.142837774753571
-6.15384964942932
0.434426724910737
0.572658753395081
7
-2.13471764326096
1.4778499007225
3.40884605646133
-0.432557809352875
-3.91940437555313
-2.20325548052788
1.00959423184395
7
-1.49697430729866
-3.61579928398132
0.0443694472312926
0.494163566827774
-0.792488598823546
-2.00565803050995
2.27301542758942
7
3.22975803017616
6.8574669778347
0.528863573074341
0.875793015956879
0.292732220888137
1.93182307481766
-2.66465508937836
7
-1.2711733520031
-1.25199152231216
-1.39294651150703
-0.31723141670227
0.671092110872269
0.126110064983368
2.98284011483192
7
3.59185841679573
-4.76016503572464
-2.26083351969719
0.0480311274528504
4.6029541015625
-0.264673215150833
-1.74915887117386
6
7
2.82528241872787
3.49540856480598
3.05799474716186
1.48492407202721
1.11353673934937
-2.51740788221359
1.67197003960609
7
2.1795328438282
-1.67626108527183
-3.81719244718552
-1.83977136611938
0.928216755390167
-6.994524538517
3.10946016311645
7
-1.96365947723389
-5.78835254907608
-1.6388053715229
1.71557597517967
5.12561826705933
9.05513299703598
-2.70700789093971
7
-4.12630355358124
-0.108119493722916
3.1884609401226
-0.0974606215953823
1.67473036050796
-0.342824459075929
1.64787210822105
7
-1.35080860257149
-1.9172861635685
-4.45982829332352
0.155511909723282
1.34380667209625
5.19840041995049
2.52599499225616
7
-3.21655195951462
2.4967167198658
1.11784191131592
2.81619673967361
0.479874724149704
-3.28577409386635
0.187241351604461
2
7
2.18238967061043
3.41565866470337
-5.49121537208557
-4.36570006012916
-4.84956865906715
2.35912684798241
3.01695357561111
7
-1.74878274798393
1.43465735316277
-1.21350337862968
-1.36928879022598
3.15658242702484
3.72603651285172
3.23614965677261
|FiveLongFeelerGenome 30
3
6
7
-3.97033288478851
0.367116057872772
2.85960712432861
-0.15269050002098
-5.00441465377808
0.464400088787079
0.567316365242005
7
-2.30933803319931
1.10329048037529
3.40884605646133
-0.432557809352875
-3.37460595369339
-2.20325548052788
1.00959423184395
7
-2.18822261095047
-2.88505017757416
-0.479270422458649
-0.0413159310817722
-1.41904788613319
-1.08048088550568
2.27301542758942
7
3.8401237308979
6.7252523124218
-0.460024189949035
-0.0127423822879786
0.8200499355793
3.20499888658524
-2.66465508937836
7
-1.2711733520031
-1.25199152231216
-1.06910517811775
-0.745096683502197
0.46163654923439
0.0958818554878234
2.47650170922279
7
3.59185841679573
-3.64390910863876
-2.26083351969719
-0.474527204036713
4.66453597545624
1.16484677195549
-0.93022037744522
6
7
1.47321735024452
1.79310765266418
2.20220218300819
-1.46580063700676
-0.458852005004883
-1.62127548456192
-0.853306698799133
7
0.898635667562484
-0.257137912511825
-1.89900090694427
-5.17926346063614
1.33673993349075
-7.89426026940346
3.13769316673279
7
-1.9052538394928
-4.64313918948173
-0.948287343978882
1.59794358611107
3.43077223300934
7.45429661870003
-1.71065080165863
7
-4.93490046858788
-1.16288880109787
1.05862785577774
1.57750611305237
-1.75551658272743
0.630077874660492
2.49847826361656
7
-3.01011808514595
-2.86669479608536
-3.14873024821281
-0.0560430705547334
2.02132612466812
3.41597459316254
3.10995173454285
7
-4.25898319482803
3.71185501813888
-1.63698796629906
6.41439307928085
-1.77789540290833
-1.82396109700203
1.32925165295601
2
7
4.28907071352005
3.29450560808182
-5.93058062791824
-6.30944709777832
-5.68866105675697
1.81543664336205
3.1010108590126
7
-1.91246709227562
1.65342640280724
-1.21350337862968
-0.717851960659027
3.62377696037292
4.23703466653824
3.23614965677261
|FiveLongFeelerGenome 30
3
6
7
-3.41303930282593
-0.267268717288971
3.64500375390053
0.438953775167466
-6.60102431774139
0.434426724910737
0.157797122001648
7
-3.60289761424065
1.45557701587677
1.46072705388069
-1.61396534442902
-3.66239555478096
-1.57066680192947
0.445839476585388
7
-1.89053403139114
-2.45782637000084
1.40897176861763
-0.0255756199359898
-1.13745447397232
0.77732384800911
2.56931884288788
7
3.22975803017616
6.8574669778347
0.528863573074341
0.117554771900178
0.490959751605987
2.10581938624382
-2.66465508937836
7
-1.25261332392693
-1.63671748042107
-0.748318719863891
-1.47965488433838
0.599677777290344
0.588801491260528
2.71760984063148
7
1.48319073319435
-4.32940977811813
-2.47029868364334
0.628353136777878
4.82513320446014
1.33221554160118
0.377456349134446
6
7
2.42730082273483
3.49540856480598
3.05799474716186
0.94626697897911
1.34434588551521
-2.15920881032944
1.67197003960609
7
4.14723202586174
-1.55274473428726
1.33868978619575
-2.45516787171364
0.484710133075714
-5.72395138144493
0.268333965539932
7
-1.41077580451965
-4.37539781332016
-1.58914087414742
1.98492195606232
4.51180544495583
8.86062229275703
-2.16851124763489
7
-4.62141287326813
-0.108119493722916
3.7186644256115
-0.0974606215953823
1.67473036050796
-0.342824459075929
1.12184342741966
7
-2.63059647083282
-2.34099305868149
-3.88206015825272
0.149046516418457
1.56359440684319
2.17162930965424
3.96185801029205
7
-4.19897187948227
3.56147373318672
-1.99244953989983
5.95987096428871
-3.30646802783012
-2.10658683776855
0.917521393299102
2
7
1.25444019436836
3.97783443927765
-4.74610042572021
-4.24043939709663
-5.07779870033264
1.41538856625557
3.63232191801071
7
0.196560508012772
0.77006682753563
-3.63276818394661
-1.76475261449814
1.64307319521904
3.50183193087578
3.40483859181404
|FiveLongFeelerGenome 30
3
6
7
-2.90428075790405
-0.0491319715976715
5.58769176602364
0.337898671627045
-7.27421863675118
-0.445289677381515
0.440942889451981
7
-2.08813017606735
1.40466670393944
3.40884605646133
-0.424711221456528
-3.00625851154327
-1.83957018256187
1.09818630814552
7
-1.69615584611893
-3.08568391799927
-0.881196367740631
0.388922053575515
-1.78231590390205
-1.680513215065
1.72072057127953
7
3.54044652581215
6.8574669778347
0.135134387016297
0.213767683506013
0.8200499355793
2.29611512422562
-2.66465508937836
7
-2.08281350135803
-1.02762902975082
-1.00049947500229
-0.482938164472579
1.50604215860367
0.549286240339279
2.894077450037
7
3.26372798085213
-3.64390910863876
-2.26083351969719
-0.187969791889191
4.96940214633941
1.16484677195549
-0.93022037744522
6
7
-0.0757622182369237
2.97702296376228
0.46423293352127
-2.2173633813858
0.232543498277664
-1.95970347523689
0.295641279220581
7
1.99518955349922
0.662932360172272
1.29736640453339
-2.9381865978241
-0.178424954414368
-3.94029942750931
0.460534912347794
7
-1.9052538394928
-5.11091622710228
-1.37141032218933
1.59794358611107
3.56683311462402
7.09407866597175
-1.71065080165863
7
-3.53871397376061
-1.56867163777351
2.26520268321037
1.00600875020027
2.53970902562141
-0.981668996810914
1.54049820303917
7
-3.04582558274269
-2.86669479608536
-3.14873024821281
-0.342279815673828
2.02132612466812
3.41597459316254
2.62859084606171
7
-3.95853201150894
3.76829663515091
-2.11338219046593
6.41439307928085
-1.77789540290833
-1.82396109700203
1.32925165295601
2
7
2.18238967061043
3.41565866470337
-5.70159624218941
-4.85032401680946
-4.85455549359322
1.91275190711021
3.01695357561111
7
-1.28434438109398
1.63191270828247
-0.802435839176178
-1.4815061211586
3.64752516746521
3.5879671216011
3.28832112550735
|FiveLongFeelerGenome 30
3
6
7
-3.28971363902092
0.192712676525116
3.35535960197449
0.104339867830277
-7.64547250270844
0.881377071142197
0.798197108507157
7
-3.43132357001305
2.27821829915047
2.08179863095283
-1.263725066185
-3.85930036306381
-1.6083820939064
1.32675595283508
7
-1.51553336977959
-4.11087348461151
0.686901360750198
-0.22740353345871
-2.8799602150917
1.19793046712875
2.7976571559906
7
4.19421229958534
6.7348388850689
-0.0116893768310542
0.091254603862763
0.8200499355793
2.29611512422562
-3.11474742889404
7
-0.942247051000595
-1.60670821070671
-1.11225455403328
-1.34858462810516
2.23637838363647
-0.29050430059433
3.32292351126671
7
3.74742079973221
-4.16812161207199
-1.83207082152367
-0.0607961058616638
4.6029541015625
0.465299624204636
-1.10081716775894
6
7
2.735401648283
3.32834013104439
3.26143223643303
0.345015656948089
0.167092752456665
-0.423682105541228
1.40083817243576
7
1.56994269490242
-1.16670511960983
1.099217659235
-2.88788566589355
-0.194992941617966
-2.66528599858284
0.0940172910690307
7
-2.57873871326447
-5.62298613786697
-1.74807649254799
1.71557597517967
5.12561826705933
9.22622318863869
-2.26872807145119
7
-4.49628347754478
-1.73311456441879
1.11845334768295
1.9158961057663
-2.44119198918343
1.9015774846077
2.80332211852074
7
-1.18716940879822
-1.9172861635685
-4.89506040811539
0.155511909723282
1.34380667209625
4.77787482142448
2.52599499225616
7
-3.21655195951462
2.67008326649666
1.48242900371551
3.21146365404129
1.24849683642387
-2.87045984864235
-0.255399239063263
2
7
4.49515193104744
3.16854671239853
-5.99635971188545
-5.37428333759308
-6.70789275765419
0.655729806423187
3.19261972308159
7
0.842315846681595
1.99582197070122
-3.11730468869209
-0.332180774211883
1.81607873439789
4.02345420718193
4.55581575036049
|FiveLongFeelerGenome 30
3
6
7
-3.97033288478851
0.614685308933258
3.20191249847412
-0.15269050002098
-5.33369665145874
0.464400088787079
0.567316365242005
7
-3.88095793128014
2.02371079921722
1.74663701653481
-1.87604784965515
-2.72773998379707
-1.35608745217323
0.0948013126850132
7
-2.26195104718208
-0.529311561584473
0.203545105457306
0.909483963251114
-2.19437873959541
-2.98231651186943
1.99854721426964
7
1.82726133465767
5.8978565633297
2.39409872293472
1.19348964095116
0.839052921533584
-0.0171371400356295
-2.00012385845184
7
-1.8546320438385
-1.24663025140762
-1.79276931881905
-0.194071531295776
0.743893575668335
0.0958818554878234
3.18542035222054
7
3.39414771199226
-5.03503602743149
-1.90185496211052
0.381329357624054
4.89745905995369
0.501481407880783
-1.74915887117386
6
7
1.63268912434578
1.61692178249359
1.71295209527016
-1.46580063700676
-0.248001408576966
-2.13505083322525
-0.0261461973190305
7
4.12971455454826
-1.15749925971031
1.09222989678383
-3.21520591378212
0.861408543586731
-3.99554862380028
0.0213714838027951
7
-1.7953061580658
-5.78835254907608
-1.6388053715229
1.71557597517967
5.12561826705933
8.89180408120155
-1.74244890809059
7
-3.62957348227501
-1.05591366887093
3.62221088409424
-0.294598048925399
1.54582262635231
-1.121431183815
1.00057274699211
7
-1.45709417462349
-2.86669479608536
-2.78532856702804
-0.738557010889053
1.38924254179001
2.86604673266411
2.73288952708244
7
-4.54773923158646
3.15242198109627
-2.93580726981163
6.37368000745773
-2.47432210445404
-2.39380629062653
1.7050380051136
2
7
4.82882100343704
3.93946593999863
-6.4969761967659
-5.714586353302
-5.57152691483498
1.06244224309921
3.28748174905777
7
0.731213027238846
0.970290368795395
-4.04641152024269
-1.76475261449814
1.97339789271355
3.98701764941216
3.97473354935646
|FiveLongFeelerGenome 30
3
6
7
-3.40863016247749
0.352139085531235
3.34076552391052
0.447188729047776
-6.05197273492813
0.275539350509644
0.729954701662064
7
-3.46838604807854
1.93681851029396
2.82715138196945
-2.09494879245758
-2.94265750646591
-1.26516462564468
1.6906928062439
7
0.0462434828281401
-2.85342013835907
1.39554942250252
0.571347725391387
-2.80439773797989
0.530608898401261
3.30164530277252
7
3.22975803017616
6.8574669778347
0.528863573074341
0.476619231700898
0.581186473369598
1.95424655675888
-2.66465508937836
7
-1.47250410914421
-1.6543594956398
-1.66133987903595
-0.759990757703781
1.21842663288116
-1.87541552782059
2.8913985311985
7
4.01192914843559
-5.9787822663784
-1.58368017077446
-0.661724972724915
3.6438648045063
1.82797710299492
0.639955741167069
6
7
2.41936041116714
2.92619588971138
3.14310919642448
1.10771731138229
0.308949422836304
-2.15920881032944
1.81203334927559
7
1.92135314941406
-1.10532119274139
-2.5322353720665
-1.91490502953529
1.10728539228439
-6.37713910341263
1.70671471953392
7
-1.9052538394928
-6.80327424407005
-1.77634997963905
2.29947356581688
3.42432985305786
7.48401120305061
-2.18302521705627
7
-4.84120988845825
-0.674103361368179
2.44725415110588
0.383027583360672
1.67473036050796
-0.544622564315797
0.691239804029465
7
-3.42476800084114
-2.34099305868149
-3.34778364896774
-0.612965255975723
1.11470435857773
2.17851602435112
2.73254890441895
7
-3.96400872468948
3.35162454843521
-2.3060266494751
6.04980376958847
-1.93098051548004
-2.4328321993351
1.37460644841194
2
7
1.36633716225624
3.46881310939789
-4.74610042572021
-4.24043939709663
-4.97689120769501
1.50597649216652
3.71262718439102
7
-0.00478566288948062
3.64735864400864
-1.94486288428307
-0.664280450344086
2.05609887242317
3.85874452590942
2.58149372935295
|FiveLongFeelerGenome 30
3
6
7
-3.36123980283737
-0.583527553081513
3.28812284469605
-0.77183124423027
-6.0537349820137
0.990932273864746
0.277656584978104
7
-4.06763524413109
2.18415338993073
1.74663701653481
-2.03418633341789
-2.62333403229713
-2.14192453622818
0.459306812286377
7
-0.899249142408371
-3.45989878177643
0.537112861871719
-0.247695124149323
-2.81293717622757
0.38013974428177
2.44128277301788
7
2.31139079928398
6.68371190428734
1.9460077047348
3.45833489894867
0.496959942579269
0.245602309703827
-0.254542893171311
7
-2.08281350135803
-1.53173884153366
-0.990700829029083
-0.779652118682861
1.37389715909958
0.67325114607811
2.894077450037
7
2.37414854168892
-4.44336444735527
-1.45750700235367
0.372373855113983
4.95636210441589
1.69665836691856
-1.8099489569664
6
7
0.357857495546341
0.866244453191757
1.72387605309486
-1.67033858299255
-1.68947854042053
-2.19433192610741
2.74253961443901
7
1.7901150226593
-1.1316418170929
-2.83365014791489
-2.6321665763855
-0.366173827648163
-5.44405759572983
1.80810894370079
7
-1.87737817764282
-5.69039813280106
-1.82990453839302
1.91454336643219
4.47646939754486
7.47962875962257
-1.48000641465187
7
-5.05521971583366
-2.06877186894417
3.89907743930817
1.26852259039879
2.20231336355209
0.861493897438048
0.431249421834946
7
-2.63456192016602
-2.34099305868149
-4.32919604182243
-0.0590164959430696
1.31247256994247
2.17162930965424
3.96185801029205
7
-4.92373071908951
3.48872092366219
-2.15755386352539
6.43740952610969
-2.04104707241058
-1.79569828510284
0.958291274309158
2
7
4.68785389661789
2.62000626921654
-5.86312487721443
-4.05651476383209
-6.49555044174194
0.499043184518814
3.00298355817795
7
0.148271876573563
2.60318792462349
-3.921491086483
-1.69187127351761
2.06372399926186
4.90015661120415
3.92867615818977
|FiveLongFeelerGenome 30
3
6
7
-3.64017359018326
0.352139085531235
3.38686304092407
-0.138931214809417
-6.05197273492813
0.275539350509644
0.729954701662064
7
-3.60289761424065
1.55639667510986
1.74663701653481
-1.61396534442902
-3.1652283012867
-1.47180751562119
-0.0457587242126462
7
-0.850807410478592
-3.20089151859283
-0.0593211233615876
0.606855756044387
-1.31322463750839
-2.00565803050995
2.11331300139427
7
2.21627237200737
5.73828293681145
1.53191289901733
2.33630440831184
0.0441522419452663
0.742040073871612
-0.758022546768189
7
-1.25261332392693
-1.63671748042107
-1.03829768300056
-1.47965488433838
0.599677777290344
0.0958818554878234
2.81976287961006
7
3.86477373838425
-4.91369503736496
-2.43888141512871
-0.769726657867431
5.46977038383484
1.88799297809601
-1.54345360994339
6
7
2.17219949960709
3.56185718178749
3.05799474716186
0.94626697897911
1.45971035957336
-2.15920881032944
1.67197003960609
7
4.14723202586174
-1.55274473428726
1.33868978619575
-2.35226567387581
0.388439357280731
-5.17487987875938
0.56852508187294
7
-0.879650568962097
-4.9496365904808
-1.33658385872841
1.44322960376739
4.39876707196236
7.88020187020302
-1.97101281285286
7
-4.62141287326813
-0.264778167009354
3.1884609401226
-0.639489430189132
1.67473036050796
-0.342824459075929
1.10389687418938
7
-3.01011808514595
-2.86669479608536
-3.14873024821281
-0.342279815673828
2.02132612466812
3.98279688358307
2.62859084606171
7
-3.95853201150894
3.76829663515091
-1.63698796629906
6.41439307928085
-1.77789540290833
-1.39981058239937
1.32925165295601
2
7
4.17217491269112
2.98669399619102
-5.3675233900547
-4.42447425127029
-6.14985432624817
0.499043184518814
3.00298355817795
7
-1.28434438109398
1.63191270828247
-0.554760247468948
-1.4815061211586
3.05296597480774
3.5879671216011
3.28832112550735
|FiveLongFeelerGenome 30
3
6
7
-3.38098726272583
-0.0491319715976715
5.58769176602364
0.337898671627045
-7.27421863675118
-0.445289677381515
0.440942889451981
7
-3.10060712695122
2.44606686234474
3.58962896466255
-1.73005337119103
-2.29488638043404
-0.819146758317947
0.362654662132263
7
-1.69615584611893
-3.08568391799927
-0.881196367740631
0.494163566827774
-1.26543191075325
-1.680513215065
2.12486166357994
7
3.54044652581215
6.8574669778347
0.135134387016297
0.213767683506013
0.8200499355793
2.29611512422562
-2.66465508937836
7
-0.597564309835434
-1.54353582262993
-1.52035658955574
-1.35203173160553
1.38173940181732
-0.29050430059433
3.31105119585991
7
3.59185841679573
-3.64390910863876
-2.26083351969719
0.0663962483406067
4.96940214633941
1.16484677195549
-0.597314465045928
6
7
0.369505792856216
0.866244453191757
1.72387605309486
-1.8290175139904
-1.68947854042053
-2.4601931810379
2.80874087810516
7
2.38547542691231
0.662932360172272
1.29736640453339
-2.9381865978241
-0.178424954414368
-3.89827336072922
0.871543228626251
7
-1.9052538394928
-5.11091622710228
-0.948287343978882
1.59794358611107
3.56683311462402
7.45429661870003
-1.71065080165863
7
-4.65157066583633
-2.29971686005592
2.90890924334526
0.847653383016587
2.00380645394325
0.907092434167861
0.10131089091301
7
-0.690350538492202
-2.92361302375793
-2.88832432031631
-1.67976015806198
1.05897810459137
1.6841367661953
2.00743331313133
7
-4.08164955377579
3.68629530072212
-1.99244953989983
5.95987096428871
-3.20476486682892
-2.08350903987884
1.40929733514786
2
7
2.73945043683052
3.784898853302
-5.70159624218941
-4.36570006012916
-4.85455549359322
1.91275190711021
3.01695357561111
7
-1.72445167899132
2.17822346687317
-0.802435839176178
-0.731650048494339
2.70962748527527
4.2267631649971
3.1192924618721
|FiveLongFeelerGenome 30
3
6
7
-3.95450391769409
-0.385305440425873
3.43462173938751
-0.367435681819915
-6.58818156123161
0.507268297672272
0.157797122001648
7
-3.18127290010452
2.27821829915047
2.31152673959732
-1.82682273387909
-3.85930036306381
-1.38320392370224
0.746797633171082
7
-0.225611507892609
-3.01499154567719
0.999978452920913
-0.90582059621811
-2.68655434846878
2.1935045838356
2.17200071811676
7
2.47585021257401
6.86581372618675
2.12637159824371
3.37840914726257
1.09589657187462
0.664111816883087
0.115303349494934
7
-0.893594568967819
-1.52335647344589
-1.69957873821259
-0.869752830266952
1.52253248691559
-2.2351506114006
2.8913985311985
7
4.08046037554741
-5.62083196043968
-1.58368017077446
-0.0734570264816284
4.04877379536629
1.82797710299492
-0.386943340301513
6
7
2.70711750388145
3.4758509516716
3.26143223643303
0.156311327219009
-0.237563824653626
-0.630551874637603
1.4280893445015
7
2.59593029022217
-2.33667578697205
-2.29098907113075
-1.83977136611938
0.0403771042823791
-6.28679958581924
3.30267174839973
7
-0.638665926456451
-5.55459395647049
-0.89868106842041
2.20482634902
3.67824891209602
8.95829940438271
-1.79500684738159
7
-4.99399631023407
-0.687549954652786
4.39571413397789
0.741088324785233
0.319720870256424
-1.14130029082298
0.522499817609787
7
-0.967090851068496
-2.74386069178581
-2.96397348642349
-1.19606145620346
1.05897810459137
1.34045094847679
2.00743331313133
7
-3.21655195951462
2.26965878605843
1.04556739330292
3.21146365404129
0.65385537147522
-2.89759808182716
-0.255399239063263
2
7
5.09508966803551
3.51022580862045
-6.29502490162849
-5.81017527580261
-5.88248520493507
1.6088635802269
3.34656480550766
7
0.733592182397843
1.96540178656578
-3.11730468869209
-0.403035938739776
1.81607873439789
4.26110212802887
4.87680550217628
|FiveLongFeelerGenome 30
3
6
7
-3.36123980283737
-0.583527553081513
3.53206589221954
-0.653480738401412
-6.20065287351609
0.571724873781205
0.16736450791359
7
-3.2232366681099
2.27821829915047
2.08179863095283
-1.66011478900909
-3.85930036306381
-1.08179565668106
1.32265346050262
7
-1.14557785391808
-3.6765830039978
1.11107648015022
-0.247695124149323
-2.48071590662002
1.3989706158638
2.04217963814735
7
3.35718227028847
6.65270658731461
0.628920966386795
0.643945872783661
1.28098202943802
3.0512290596962
-1.77719153761864
7
-0.893594568967819
-1.15813072919846
-1.83105452656746
-1.23900811076164
1.52253248691559
-2.3520552277565
1.98902531266212
7
1.89713004231453
-4.36828886270523
-2.46264480352402
0.0594742000102997
4.47553565502167
1.33221554160118
-0.0405881702899926
6
7
2.7380383849144
3.52520704865456
3.67992278933525
0.387396222352981
0.175079870223999
-1.17061530351639
1.1491585791111
7
3.93248627185821
-1.09120036363602
0.941477876901626
-2.05663009285927
-0.564801901578903
-6.01455091834068
0.286048293113708
7
-1.28554936647415
-5.44801770448685
-0.89868106842041
1.98535257577896
3.67824891209602
8.57097781896591
-1.45086026191711
7
-4.14276911616325
-1.1987697660923
3.06648292541504
0.301609593629837
1.944752150774
-0.681408286094667
0.888154715299607
7
-1.18716940879822
-2.44813967347145
-4.15099974870682
0.155511909723282
1.34380667209625
4.77787482142448
2.18915817737579
7
-4.08164955377579
3.15242198109627
-2.93580726981163
5.3605772793293
-2.36746332645416
-2.91841275691986
1.7050380051136
2
7
4.08481849431992
2.46281694769859
-6.44945625066757
-5.21674439907074
-6.36093235611916
1.92693687677383
2.74018685221672
7
0.731213027238846
0.953384709358216
-3.8467222571373
-1.57931542992592
1.83755144476891
3.96721286177635
3.50636535286903
|FiveLongFeelerGenome 30
3
6
7
-2.92249807119369
0.502806061506271
5.26136765480041
0.497657263278962
-7.83766563534737
-0.243419760465622
-0.00569632053375202
7
-3.02258452773094
2.27821829915047
1.73322575688362
-1.263725066185
-4.38003658056259
-1.08179565668106
1.32675595283508
7
-3.05252993702888
-1.32590788006783
-0.369908678531647
1.92280851006508
-2.85523992180824
-2.54790107607841
1.99854721426964
7
3.8401237308979
6.23640920519829
0.135134387016297
0.261518353223801
0.788305956125259
2.72440353631973
-2.66465508937836
7
-0.893594568967819
-1.52335647344589
-1.86918416619301
-0.869752830266952
1.52253248691559
-2.2351506114006
2.8913985311985
7
1.89713004231453
-4.46551464796066
-2.47029868364334
0.0594742000102997
4.02538030147552
1.72008356451988
-0.0405881702899926
6
7
-0.17011975646019
2.93412106633186
0.978590142726898
-1.11030521392822
-1.05488977432251
-1.07793548703194
0.839434963464737
7
0.898635667562484
-0.803646796941757
-1.38664026260376
-5.67115105390549
0.844845759868622
-7.89426026940346
2.83925850391388
7
-1.7953061580658
-5.78835254907608
-2.06329670548439
1.71557597517967
5.12561826705933
8.89180408120155
-2.26872807145119
7
-3.71203739047051
-1.05591366887093
2.83157336115837
-0.29182271361351
1.22009988427162
-0.694889801740647
0.75092095732689
7
-1.35080860257149
-1.9172861635685
-4.45982829332352
0.0762590527534482
1.34380667209625
4.77787482142448
2.52599499225616
7
-4.26395164728165
3.87410418391228
-1.63698796629906
5.48937414884567
-1.71662616729736
-1.25614059567451
0.939824372529983
2
7
4.69516152143478
2.46281694769859
-6.44945625066757
-5.21674439907074
-6.82626929879189
1.92693687677383
2.79818472266197
7
-0.376388627290726
3.98219760656357
-1.86093127131462
-0.120558488368988
1.95662496685982
3.85874452590942
3.19568175673485
|FiveLongFeelerGenome 30
3
6
7
-3.28971363902092
0.192712676525116
3.35535960197449
0.166581064462662
-7.52276265621185
0.881377071142197
0.798197108507157
7
-4.52272128462792
2.782719373703
2.61268089413643
-1.50144240260124
-3.09051502943039
-1.08482176065445
0.191786074638367
7
-2.59025657773018
-1.08454155921936
-0.253271853923798
1.09407051205635
-2.19437873959541
-2.54790107607841
2.4788352906704
7
1.82726133465767
5.8978565633297
2.99268344640732
1.8384958922863
0.839052921533584
-0.0171371400356295
-1.57080934047699
7
-0.194545167684555
-1.67857102751732
-1.63698955178261
-1.87919337749481
1.70442066192627
-0.458411228656769
3.31105119585991
7
3.25669637322426
-5.34127010703087
-1.37258458137512
-0.224827492237091
3.55497596859932
2.88853259682655
0.325005787611008
6
7
-0.0920037448406223
3.22667280435562
0.978590142726898
-1.64789400100708
-0.492539262771607
-1.70746494531631
0.762231886386872
7
1.66042369008064
-1.24736579656601
1.03631172180176
-2.40517802238464
-0.194992941617966
-2.66528599858284
0.0940172910690307
7
-3.29905933737755
-5.54434074759483
-1.7490926027298
2.61012399196625
3.9651778459549
8.76912888884544
-1.37304480075836
7
-4.99399631023407
-0.687549954652786
4.76090783476829
1.16681383252144
0.0951108992099758
-1.28188301920891
1.21442591547966
7
-2.46942431926727
-3.30347508192062
-3.87385478019714
-0.94973224401474
1.68623508810997
3.55939091444016
1.9419192135334
7
-4.26395164728165
3.68750785589218
-1.63698796629906
5.60624393224716
-1.71662616729736
-1.25614059567451
0.837372285127639
2
7
4.19249809980392
2.46040739417076
-6.4969761967659
-5.62285830974579
-6.82626929879189
1.91248499155045
3.12262265086174
7
-2.14468330740929
2.17822346687317
-0.802435839176178
-1.0158970952034
3.05296597480774
3.6589303612709
3.1192924618721
|FiveLongFeelerGenome 30
3
6
7
-3.36123980283737
-0.583527553081513
3.53206589221954
-0.307011717557906
-5.81710342168808
0.623794937133789
0.16736450791359
7
-3.73905314207077
2.01710405349732
2.66017637848854
-1.57955905795097
-3.09051502943039
-1.08179565668106
0.744093465805054
7
-0.225611507892609
-2.55106751918793
0.97278214097023
-0.632199728488923
-2.68655434846878
1.74351660013199
2.17200071811676
7
2.93424082398415
6.65270658731461
0.820764142274857
0.655366718769074
0.84698702096939
3.0512290596962
-2.07970623373985
7
-1.50294222831726
-1.24178659319878
-2.00336970090866
-1.67437274456024
1.36225490570068
-0.0797414660453797
3.39095223546028
7
4.09309758543968
-5.62083196043968
-1.58368017077446
-0.0734570264816284
3.6438648045063
1.82797710299492
-0.386943340301513
6
7
2.22340229749679
3.18268709778786
3.53445291519165
0.820403033494949
0.175079870223999
-1.11731880903244
0.771055370569229
7
1.77900654673576
0.27475808262825
-0.343479108810425
-4.13241550326347
1.15446224808693
-6.93131669163704
2.7524343252182
7
-1.78642897605896
-5.09869865775108
-0.880892497301102
1.16245355010033
4.05932474136353
8.84737296700477
-1.98898119926453
7
-4.85313963890076
-1.45765511393547
3.34759632945061
0.703531157970429
1.98866792321205
1.61140846014023
0.264071911573411
7
-2.91200996041298
-2.33265796899795
-3.47432453036308
-0.143787676095963
1.0293296456337
2.42868093848229
2.91174349784851
7
-4.48522237539291
3.44763675928116
-2.44787194728851
6.65235372781753
-1.76067855358124
-2.7477719604969
0.932653218507766
2
7
3.29671737551689
2.70240769982338
-5.61719533205032
-4.15862705111504
-8.2945333480835
-0.0670647799968719
3.23806135058403
7
-0.0484303891658781
2.85174086689949
-3.16640640497208
-1.2387926697731
2.00653132796288
3.93078109622002
3.99024057984352
|FiveLongFeelerGenome 30
3
6
7
-3.48634679317474
0.324957239627838
2.95002446174622
-0.0409190595149988
-6.80900774002075
1.2901482462883
1.85451710820198
7
-3.4799543261528
1.72840058803558
2.25232189297676
-1.00305241942406
-2.49601649045944
-1.13989101648331
1.55449507832527
7
-1.26281372308731
-3.39989490509033
-1.37354524731636
0.680618220567703
-0.108784508705138
-3.35990841984749
2.20031046867371
7
6.0048927128315
5.86526831388474
4.03440611362457
2.13601116538048
-0.43569981455803
2.50176547169685
-1.87394697070122
7
-1.02175078392029
-1.63671748042107
-1.03829768300056
-1.47965488433838
0.308018857240677
0.628685009479523
2.81976287961006
7
3.08858144879341
-3.19143904447556
-2.26083351969719
-0.059486973285675
4.51692078113556
1.16484677195549
-1.08859251737595
6
7
1.74415593743324
2.30929741859436
2.60003922581673
-1.75596179366112
-0.590073037147522
-2.21836210489273
-0.406914377212524
7
2.43554413318634
0.831470948457718
-0.895049142837524
-5.5760905444622
1.50611335039139
-5.4600255548954
2.88202083706856
7
-2.00704018473625
-5.82233270406723
-0.896917408704758
1.84848415255547
4.34641628861427
5.97866532802582
-1.72980011105537
7
-4.62141287326813
-0.599303847551346
3.1884609401226
0.303543931245804
1.67473036050796
0.191088306903838
0.610819810628892
7
-1.73662098050117
-2.42962837219238
-4.68773874044418
-1.52207587957382
1.31642162203789
3.76638810634613
3.05009711384773
7
-5.19241861104965
3.78796752691269
-2.48022468090057
6.55575350522995
-1.76775050163269
-2.51333348155022
0.187554508447646
2
7
2.18238967061043
3.64165850281715
-5.44419608712196
-4.43827727437019
-4.83122935891151
2.39344210028648
2.49002596139908
7
-1.64296903014183
1.78488500714302
-0.65840128660202
-1.4815061211586
3.05296597480774
3.8065294444561
3.28832112550735
|FiveLongFeelerGenome 30
3
6
7
-3.38098726272583
0.927659386396408
5.01435215473175
0.239182418584824
-7.19126492142677
-0.243419760465622
-0.883082437515258
7
-3.43132357001305
2.27821829915047
2.30330137014389
-1.263725066185
-3.85930036306381
-1.23184658288956
1.32265346050262
7
-1.17920277714729
-3.20089151859283
0.179817461967468
0.606855756044387
-1.20614649057388
-2.00565803050995
2.11331300139427
7
1.44570367336273
6.64232677817345
3.01431692838669
2.8450281560421
1.22052777409553
-0.0171495139598848
-1.22405722141266
7
-0.893594568967819
-1.67148386240006
-1.86918416619301
-0.869752830266952
1.52253248691559
-2.3520552277565
2.8913985311985
7
3.70200039744377
-5.9787822663784
-1.58368017077446
-0.661724972724915
3.29996827244758
1.82797710299492
1.23906410336495
6
7
2.70711750388145
3.18268709778786
3.26143223643303
-0.105667036771775
-0.778871011734009
0.149831831455231
1.75219639539719
7
2.19261145591736
-1.1316418170929
-2.38794368505478
-1.84813628196716
-0.366173827648163
-5.70844680070877
1.80810894370079
7
-0.445696079730987
-5.90483809709549
-0.945962119102478
1.98535257577896
3.67824891209602
8.37681837677956
-1.79500684738159
7
-4.14276911616325
-1.05591366887093
3.06648292541504
0.5886774122715
1.944752150774
-0.525209468603135
1.11144332289696
7
-0.806812554597854
-3.45300712585449
-2.92505677938461
-1.67976015806198
1.25753794312477
1.74929284453392
2.00743331313133
7
-4.08164955377579
3.15242198109627
-2.93580726981163
5.85592635273933
-2.02652566432953
-2.91841275691986
1.7050380051136
2
7
4.59854527711868
2.46281694769859
-6.44945625066757
-5.21674439907074
-6.36093235611916
1.92693687677383
2.74018685221672
7
0.731213027238846
0.401364940404892
-3.8467222571373
-1.57931542992592
1.67531912326813
3.96721286177635
3.50636535286903
|FiveLongFeelerGenome 30
3
6
7
-3.36123980283737
-0.920496833324433
3.28812284469605
-0.77183124423027
-6.0537349820137
0.899947667121888
-0.0668709456920621
7
-3.73905314207077
2.27496640682221
2.7829423725605
-1.81127895712853
-3.56361964941025
-1.08179565668106
0.797744512557984
7
-1.52305710911751
-2.92547121047974
-2.30998364686966
1.25496977567673
-0.605419039726256
-2.31121240258217
2.21154770851135
7
1.92307862043381
6.12619315981865
1.68420536518097
2.64974921345711
0.0441522419452663
0.742040073871612
-0.758022546768189
7
-0.615206164121628
-0.785399931669236
-1.13306892514229
-1.90876955986023
1.31326031684875
0.0377694725990295
3.72067701220512
7
1.93798480629921
-4.36828886270523
-2.47029868364334
0.0594742000102997
4.8469812631607
1.33221554160118
0.113277626037598
6
7
1.06743388772011
3.72461727261543
1.09748703241348
-2.10864186286926
-1.04826765060425
-1.52919090390205
0.995489245653153
7
2.41434745788574
-1.91372511386871
-2.97915991544723
-1.83977136611938
0.0403771042823791
-6.46758018732071
3.30267174839973
7
-2.47594666481018
-5.39073866605759
-1.3552315056324
1.91454336643219
4.63689160346985
7.47962875962257
-1.48000641465187
7
-4.62141287326813
-1.63925428986549
2.64718384742737
0.383027583360672
1.67473036050796
-0.544622564315797
0.691239804029465
7
-3.26617171764374
-1.83730682134628
-3.34778364896774
-0.612965255975723
1.11470435857773
2.17851602435112
2.73254890441895
7
-3.96400872468948
3.35162454843521
-2.3060266494751
6.41439307928085
-2.04707689285278
-2.4328321993351
1.03045249581337
2
7
4.8476223051548
1.8777580678463
-5.35363126397133
-5.01464066505432
-5.99998922348022
0.499043184518814
2.9188845038414
7
-0.289234465360641
2.60318792462349
-3.44253324270248
-1.2387926697731
1.79084279537201
4.56953735351563
3.84165149331093
|FiveLongFeelerGenome 30
3
6
7
-3.38098726272583
0.502806061506271
4.66729154586792
0.497657263278962
-7.27421863675118
-0.243419760465622
-0.56772940158844
7
-2.10194977521896
1.19815129041672
3.40884605646133
-0.195253819227219
-3.18580765724182
-2.64059588313103
1.64387229084969
7
-1.92599430084228
-1.32590788006783
-0.369908678531647
1.52413962483406
-2.44718480706215
-2.54790107607841
1.99854721426964
7
4.9070203602314
6.43685560226441
0.135134387016297
0.132422578334809
1.3602532684803
2.92593597769737
-2.66465508937836
7
-2.49910836219788
-1.11777235269547
-1.12834757566452
-1.36407299041748
0.633994728326797
0.67325114607811
2.894077450037
7
3.59185841679573
-4.16812161207199
-1.80735465884209
-0.0607961058616638
4.6029541015625
0.140920543670654
-1.13700453042984
6
7
0.255184751749038
3.1380647778511
0.978590142726898
-1.64789400100708
-0.154393815994263
-0.883813488483428
1.09227450489998
7
2.10199189782143
-0.749237954616547
1.31968474388123
-2.49364120960236
-0.413346767425537
-2.93146311044693
0.0940172910690307
7
-2.72213534712791
-5.30723511576652
-1.26500664353371
1.88099002242088
3.9651778459549
8.76912888884544
-1.20703415870667
7
-4.61327335238457
-1.51299856305122
3.26990732550621
1.08636927008629
1.63773685097694
0.563502550125121
0.529420846700669
7
-3.42153955101967
-2.48653064966202
-4.0293039560318
-2.3673060297966
2.20943044424057
3.17423492670059
1.86925761699677
7
-4.12746647596359
3.68750785589218
-1.63698796629906
5.12268627882004
-1.71662616729736
-1.25614059567451
1.29249365925789
2
7
0.897969895601273
3.46881310939789
-5.03360117077827
-3.81404104828834
-4.51215658187866
1.41538856625557
3.71262718439102
7
-0.00478566288948062
3.98219760656357
-1.94486288428307
-0.120558488368988
1.95662496685982
4.27801942825317
3.19568175673485
|FiveLongFeelerGenome 30
3
6
7
-3.74267211556435
0.397377920150757
4.52976016998291
-0.0299409210681909
-7.41895980834961
-0.506726425886154
-0.227823996543884
7
-4.14394609332085
2.18415338993073
1.74663701653481
-2.03418633341789
-2.0840960085392
-2.14192453622818
0.813865518569947
7
-0.899249142408371
-3.45989878177643
1.12845569252968
-0.238220918178559
-2.81293717622757
0.800986349582673
2.44128277301788
7
2.16695584654808
6.28186528086662
2.22552404999733
3.67675953507423
0.496959942579269
0.245602309703827
-0.517109626531601
7
-1.47250410914421
-1.6543594956398
-1.66133987903595
-0.545550668239593
1.21842663288116
-1.94932898283005
2.8913985311985
7
3.05026391148567
-5.27810866236687
-0.882920217514037
-0.224827492237091
4.03004668354988
2.88601046204567
-0.114150577783584
6
7
2.91199251413345
2.92619588971138
3.14310919642448
1.18485471010208
1.03305380344391
-2.15920881032944
1.81203334927559
7
3.72259045243263
-1.72255738973618
0.506364154815674
-2.33913758397102
-1.20838908553123
-5.92610740065575
0.286048293113708
7
-2.67641854286194
-4.97491403222084
-1.70200987458229
2.26899592876434
4.79663308262825
7.85916784405708
-1.69420356750488
7
-3.97064112424851
-2.06877186894417
3.60605010986328
0.942669600248337
1.83053525090218
1.5008419573307
0.0550909936428076
7
-1.73662098050117
-1.50040345191955
-4.27447263002396
-1.55392142534256
1.31517414450645
3.0231030702591
2.71845191121101
7
-4.11734267473221
3.40145355463028
-2.61343049407005
6.15948501825333
-1.55311033725739
-2.28283556103706
0.490781313180923
2
7
4.39352131485939
2.62000626921654
-4.96695964932442
-4.63949582576752
-7.05135707855225
0.449437123537064
3.00298355817795
7
1.79415343403816
1.99582197070122
-3.3085501074791
-0.710086357593536
2.5923835337162
3.69236418604851
4.87680550217628
|FiveLongFeelerGenome 30
3
6
7
-3.64017359018326
0.352139085531235
3.69412424564362
-0.20323177576065
-6.05197273492813
0.275539350509644
0.945110762119293
7
-3.10060712695122
2.44606686234474
3.15224693417549
-1.73005337119103
-2.29488638043404
-0.819146758317947
-0.0569363832473753
7
-1.16347659230232
-3.20089151859283
-0.0593211233615876
0.606855756044387
-1.5456542134285
-2.00565803050995
2.11331300139427
7
1.43050345182419
5.73828293681145
1.53191289901733
2.33630440831184
0.0441522419452663
0.742040073871612
-0.758022546768189
7
-0.893594568967819
-1.52335647344589
-1.86918416619301
-0.405580323934555
1.52253248691559
-2.3520552277565
3.0004321873188
7
3.15405696034432
-5.87436901926994
-0.407417058944701
0.373954713344574
4.03004668354988
3.14545905590057
-0.114150577783584
6
7
2.70711750388145
3.18268709778786
2.91669155955315
0.156311327219009
-0.499382042884827
-0.474335157871246
1.90953162908554
7
3.55763962268829
-1.17440012693405
0.506364154815674
-1.76602376103401
-1.20838908553123
-5.92610740065575
0.869569373130798
7
-2.02281277179718
-4.97491403222084
-0.803348332643509
2.26899592876434
4.79663308262825
7.8991416990757
-1.97637014985085
7
-4.37146342992783
-2.06877186894417
3.31407692432404
0.942669600248337
2.33555036187172
1.40624602437019
0.0550909936428076
7
-0.806812554597854
-2.92361302375793
-2.88832432031631
-1.67976015806198
1.05897810459137
1.70741726756096
2.09791123270989
7
-4.08164955377579
3.68629530072212
-1.99244953989983
5.95987096428871
-3.20476486682892
-2.08350903987884
1.52496770620346
2
7
3.5532188475132
2.62000626921654
-5.45662515759468
-4.46973345279694
-6.49555044174194
0.499043184518814
3.00298355817795
7
-1.47529450654984
2.11812331676483
-0.802435839176178
-1.0158970952034
2.70962748527527
4.78097420930862
3.37366413474083
|FiveLongFeelerGenome 30
3
6
7
-3.62925108075142
0.391284728050232
5.47060570716858
0.535505789518357
-7.41895980834961
-1.09032089114189
-0.591689038276672
7
-3.43132357001305
1.75438588261604
2.66692072153091
-1.263725066185
-3.49859231710434
-1.62140146493912
1.32265346050262
7
-1.44051201939583
-2.7659868478775
-0.0593211233615876
0.606855756044387
-1.29238044023514
-1.78559774756432
1.87039248347282
7
1.92307862043381
6.12619315981865
1.68420536518097
2.64974921345711
-0.190421813726426
0.742040073871612
-0.758022546768189
7
-0.322704565525055
-1.54353582262993
-1.52035658955574
-1.40512073040008
1.28347678184509
-0.29050430059433
3.31105119585991
7
3.86477373838425
-4.46747716665268
-3.02244397997856
-1.0274989426136
5.11351652145385
1.88799297809601
-1.54345360994339
6
7
0.575569039583206
0.866244453191757
1.72387605309486
-1.8290175139904
-1.70249812602997
-2.37291359901428
2.61086668372154
7
4.14723202586174
-1.55274473428726
1.33868978619575
-2.35226567387581
0.388439357280731
-5.17487987875938
0.56852508187294
7
-0.879650568962097
-4.9496365904808
-1.33658385872841
1.44322960376739
4.39876707196236
7.88020187020302
-1.97101281285286
7
-4.65157066583633
-2.29971686005592
2.90890924334526
0.847653383016587
2.00380645394325
0.907092434167861
0.10131089091301
7
-2.32602825760841
-1.50040345191955
-4.27447263002396
-1.55392142534256
1.61460506916046
3.26211287379265
2.28316157460213
7
-4.08164955377579
3.15242198109627
-2.93580726981163
6.15383687615395
-2.66415219306946
-2.32130603790283
1.7050380051136
2
7
4.17217491269112
2.60660952925682
-5.26540024876595
-4.59071368575096
-6.14985432624817
0.668549191951752
3.00298355817795
7
0.515086776018143
1.99582197070122
-3.3085501074791
-0.312781393527984
2.33012430667877
4.94198727011681
4.87680550217628
|FiveLongFeelerGenome 30
3
6
7
-3.41303930282593
-0.385305440425873
3.64500375390053
-0.105649811029434
-6.46137943267822
0.434426724910737
0.157797122001648
7
-1.97294117212296
1.10227118730545
3.24131449460983
-0.195253819227219
-2.99761988520622
-2.29793338179588
1.10771515965462
7
-1.92194014191627
-0.898482066392899
-0.283246648311615
1.5111873447895
-2.16779089570045
-2.24750382304192
2.27411863803864
7
1.65223569869995
6.63015271425248
2.5796857893467
1.8614332139492
0.801277190446853
0.435903340578079
-1.60636613368988
7
-0.0217380225658419
-1.24178659319878
-1.52035658955574
-1.87919337749481
1.95499139428139
-0.29050430059433
3.49219816923141
7
3.59185841679573
-3.73745332956314
-2.74300872683525
-0.0607961058616638
4.51692078113556
0.855443161725998
-1.23449403047562
6
7
2.08607040643692
3.49375317692757
3.14856981635094
1.86194874644279
1.14821512699127
-1.62217549085617
1.67197003960609
7
4.14723202586174
-1.55274473428726
1.33868978619575
-2.35226567387581
0.388439357280731
-5.17487987875938
0.554141932725906
7
-1.1086799621582
-4.37539781332016
-1.09819185733795
1.98492195606232
4.39876707196236
8.30480607151985
-1.74954562187195
7
-4.86705708503723
-1.06771774888039
2.77276646494865
0.383027583360672
1.67473036050796
-0.447812056541444
0.40495862364769
7
-1.35080860257149
-1.9172861635685
-4.45982829332352
0.155511909723282
0.923561882972717
4.6581861436367
2.76549170613289
7
-4.19897187948227
3.56147373318672
-1.99244953989983
5.95987096428871
-3.0165586411953
-2.10658683776855
1.12799504995346
2
7
4.39352131485939
3.16581520438194
-5.84597790837288
-4.85220987796783
-6.14985432624817
0.57774168252945
3.73310481309891
7
-0.00478566288948062
3.64735864400864
-1.94486288428307
-0.664280450344086
1.95414646267891
3.85874452590942
3.38913173675537
|FiveLongFeelerGenome 30
3
6
7
-3.20782787203789
0.502806061506271
5.58105292320251
0.497657263278962
-7.38412290215492
-0.243419760465622
-0.774203777313232
7
-3.89184827208519
1.91374872326851
2.50757533311844
-1.9359023809433
-2.67869602441788
-1.14532309770584
1.25632493495941
7
-1.32199603915215
-3.32576651573181
1.11107648015022
-0.243882167339325
-2.81293717622757
1.3989706158638
2.61503096222877
7
3.22975803017616
6.8574669778347
0.528863573074341
0.59168006181717
0.490959751605987
1.97172075510025
-3.20863525867462
7
-2.08281350135803
-1.53173884153366
-0.990700829029083
-0.779652118682861
1.37389715909958
0.67325114607811
3.21166658997536
7
3.33087567090988
-3.91482638120651
-2.51131915450096
-0.538516288995743
5.539701795578
1.3118988275528
-1.52692769765854
6
7
0.357857495546341
0.866244453191757
1.72387605309486
-2.07758316993713
-1.68947854042053
-2.19433192610741
3.04251441955566
7
1.55695121884346
-0.171082437038422
0.858212971687316
-2.9381865978241
-0.168396425247192
-2.54481989145279
-0.191746044158936
7
-2.58077783584595
-5.22109845876694
-1.3552315056324
1.91454336643219
4.63689160346985
7.85916784405708
-1.97637014985085
7
-5.05521971583366
-2.06877186894417
3.26990732550621
1.50945720076561
1.95430832505226
1.1536298751831
0.431249421834946
7
-2.63059647083282
-2.34099305868149
-4.10718373656273
-0.0590164959430696
1.31247256994247
2.17162930965424
3.96185801029205
7
-4.92373071908951
4.32779887318611
-1.5563827753067
6.9593793451786
-2.20692174434662
-1.69481539726257
1.1623055100441
2
7
1.25444019436836
3.46881310939789
-5.02285597324371
-4.24043939709663
-5.07779870033264
1.41538856625557
3.71262718439102
7
-1.28434438109398
1.90649495124817
-0.802435839176178
-0.994868290424347
3.25842145085335
3.62574313879013
3.67562409639358
|FiveLongFeelerGenome 30
3
6
7
-3.20782787203789
0.502806061506271
5.58105292320251
1.03171254396439
-7.68668537735939
-0.243419760465622
-0.330268001556396
7
-3.93507167696953
1.91374872326851
2.68313063383102
-1.9359023809433
-2.67869602441788
-1.14532309770584
1.25632493495941
7
-1.92194014191627
-1.32590788006783
-0.271190226078034
1.5111873447895
-2.16779089570045
-2.29619578719139
2.27411863803864
7
3.12417212128639
6.91425873041153
-0.236674356460571
0.655366718769074
1.6985330760479
2.575601375103
-1.77719153761864
7
-0.615206164121628
-1.24178659319878
-1.52035658955574
-1.87919337749481
1.75615010261536
-0.29050430059433
3.31765080690384
7
3.59185841679573
-3.64390910863876
-2.74300872683525
-0.0607961058616638
4.51692078113556
0.855443161725998
-1.24349988698959
6
7
2.46852785944939
1.53754586577415
5.31184325218201
-1.97727016210556
-0.672470265626908
-2.91582170724869
-2.30971021652222
7
4.15760212540626
-1.50642977952957
0.695129084587097
-2.05663009285927
-0.42397586107254
-6.56292704939842
0.286048293113708
7
-2.00704018473625
-6.19206284284592
-1.035972905159
2.08031339645386
3.62413473725319
7.03493368625641
-1.7513346016407
7
-4.99399631023407
-0.914705806970596
4.39571413397789
0.261451131105423
0.677187091112136
-1.00432304143906
0.424759405851365
7
-2.8867936193943
-4.10490597486496
-4.72277178764343
-1.02621496915817
1.31017679572105
3.55939091444016
1.71783561706543
7
-5.27961550951004
4.32779887318611
-1.48851137161255
6.9593793451786
-2.79315178394318
-2.08733143806458
1.1623055100441
2
7
4.241986733675
2.65141658186912
-5.84597790837288
-4.85220987796783
-6.14985432624817
0.57774168252945
3.73310481309891
7
-1.28434438109398
1.79800131320953
-0.802435839176178
-1.83890739679337
3.25842145085335
3.62574313879013
3.67562409639358
|FiveLongFeelerGenome 30
3
6
7
-3.3199539899826
1.05973809957504
3.31922974586487
-0.505026066303253
-6.88475739955902
0.727241551876069
0.804399877786637
7
-4.52272128462792
1.77123124599457
2.69347081780434
-1.61043621897697
-3.09051502943039
-1.155710542202
0.0142725288867954
7
0.202266758680344
-3.18163138031959
1.36604535579681
0.100068241357803
-1.74109475016594
-0.0260265946388241
1.61036970019341
7
1.65223569869995
6.63015271425248
2.5796857893467
1.82657944560051
0.846492725610733
0.489776045083999
-0.997539895772934
7
-2.33432661890984
-1.4072150349617
-1.90135256052017
-0.731169331073761
1.0487532377243
-2.15900182127953
3.75119792222977
7
4.50126170516014
-4.90688614249229
-2.1172216117382
0.489240366220474
2.74106629490852
2.01365069746971
0.783085727691651
6
7
2.16553710699081
3.48918297886848
3.14856981635094
1.53847061991692
1.70911309719086
-2.15920881032944
1.67197003960609
7
1.55695121884346
-0.171082437038422
0.858212971687316
-2.9381865978241
-0.178424954414368
-2.9020919919014
0.0940172910690307
7
-2.58077783584595
-5.48027030229569
-1.3552315056324
1.91454336643219
4.63689160346985
7.85916784405708
-1.97637014985085
7
-4.62141287326813
-1.01616333127022
2.77276646494865
-0.0129736125469204
1.67473036050796
-0.447812056541444
0.40495862364769
7
-1.35080860257149
-1.9172861635685
-4.45982829332352
0.155511909723282
1.08531203269958
4.6581861436367
2.76549170613289
7
-4.11734267473221
3.40145355463028
-2.77021591067314
6.41439307928085
-1.92339022159576
-2.65318067669868
0.699210464954376
2
7
4.15671952366829
1.88773710131645
-5.91407590508461
-3.53289214968681
-6.59301338791847
1.12004178762436
0.708372342586517
7
0.842315846681595
1.08669309020042
-3.37153030633926
-0.710086357593536
2.49587588310242
4.85644325613976
4.87680550217628
|FiveLongFeelerGenome 30
3
6
7
-2.92249807119369
0.502806061506271
5.26136765480041
0.497657263278962
-8.38749402165413
-0.243419760465622
-0.00569632053375202
7
-3.4799543261528
1.72840058803558
2.25232189297676
-1.00305241942406
-2.49601649045944
-1.13989101648331
1.55449507832527
7
-3.01507664322853
-1.32590788006783
-0.369908678531647
1.92280851006508
-2.85523992180824
-2.54790107607841
1.99854721426964
7
6.0048927128315
5.56880975961685
4.03440611362457
2.13601116538048
-0.43569981455803
2.50176547169685
-1.87394697070122
7
-0.893594568967819
-1.52335647344589
-1.86918416619301
-0.869752830266952
1.52253248691559
-2.2351506114006
2.8913985311985
7
2.55387070775032
-3.19143904447556
-2.26083351969719
-0.059486973285675
4.51692078113556
1.34620485305786
-1.08859251737595
6
7
1.74415593743324
2.30929741859436
2.60003922581673
-1.75596179366112
-0.590073037147522
-2.37309573888779
-0.406914377212524
7
1.03400947451591
-0.803646796941757
-1.38664026260376
-5.67115105390549
1.37940129041672
-7.89426026940346
2.83925850391388
7
-1.99115068912506
-5.78835254907608
-2.06329670548439
1.71557597517967
5.12561826705933
8.89180408120155
-2.19800251126289
7
-4.37508754134178
-0.599303847551346
3.1884609401226
0.303543931245804
1.67473036050796
0.191088306903838
0.610819810628892
7
-1.35080860257149
-1.9172861635685
-4.45982829332352
0.0762590527534482
1.34380667209625
4.77787482142448
2.52599499225616
7
-5.37576819658279
3.78796752691269
-2.48022468090057
6.55575350522995
-1.76775050163269
-2.51333348155022
0.187554508447646
2
7
4.69516152143478
2.46281694769859
-6.44945625066757
-5.21674439907074
-6.82626929879189
2.07138313055038
2.79818472266197
7
-0.294903618097305
3.98219760656357
-1.86093127131462
-0.120558488368988
1.95662496685982
3.85874452590942
3.19568175673485
|FiveLongFeelerGenome 30
3
6
7
-3.48634679317474
0.324957239627838
2.95002446174622
-0.0409190595149988
-6.80900774002075
1.2901482462883
1.70680413842201
7
-3.02258452773094
2.27821829915047
1.73322575688362
-1.263725066185
-4.38003658056259
-1.08179565668106
1.32675595283508
7
-1.26281372308731
-3.39989490509033
-1.37354524731636
0.680618220567703
-0.108784508705138
-3.35990841984749
2.7223780632019
7
3.8401237308979
6.23640920519829
0.135134387016297
0.261518353223801
0.788305956125259
2.72440353631973
-2.66465508937836
7
-1.02175078392029
-1.63671748042107
-1.03829768300056
-1.47965488433838
0.235395723581314
0.628685009479523
2.81976287961006
7
1.89713004231453
-4.46551464796066
-2.47029868364334
-0.102762466669083
4.02538030147552
1.72008356451988
-0.0405881702899926
6
7
-0.17011975646019
2.93412106633186
0.978590142726898
-1.11030521392822
-1.05488977432251
-1.07793548703194
0.839434963464737
7
2.43554413318634
0.942286020517349
-0.895049142837524
-5.5760905444622
1.50611335039139
-5.4600255548954
2.88202083706856
7
-2.00704018473625
-5.82233270406723
-0.887390559911728
1.84848415255547
4.34641628861427
5.97866532802582
-1.72980011105537
7
-3.71203739047051
-1.05591366887093
2.83157336115837
-0.480740135908126
1.22009988427162
-1.26453706622124
1.06412000060082
7
-1.73662098050117
-2.42962837219238
-4.68773874044418
-1.52207587957382
1.31642162203789
3.76638810634613
3.05009711384773
7
-4.26395164728165
3.87410418391228
-1.63698796629906
5.48937414884567
-1.71662616729736
-1.25614059567451
0.939824372529983
2
7
2.18238967061043
3.83781937360763
-5.44419608712196
-4.43827727437019
-4.83122935891151
2.39344210028648
2.01201440095901
7
-1.64296903014183
1.78488500714302
-0.65840128660202
-1.4815061211586
3.05296597480774
3.8065294444561
3.28832112550735
|FiveLongFeelerGenome 30
3
6
7
-3.97033288478851
1.20289360284805
3.30063302516937
-0.15269050002098
-5.33369665145874
0.464400088787079
0.567316365242005
7
-2.13471764326096
1.4778499007225
3.40884605646133
-0.432557809352875
-3.37460595369339
-2.20325548052788
1.00959423184395
7
-1.73450571298599
-3.31340353488922
-0.479270422458649
0.494163566827774
-1.66591175198555
-1.56107566356659
2.34687209129334
7
3.06844375729561
6.8574669778347
0.974624252319336
0.89714989066124
-0.125508135557175
1.95424655675888
-2.66465508937836
7
-1.2711733520031
-1.25199152231216
-1.06910517811775
-0.745096683502197
0.32908142209053
0.0958818554878234
1.93377080559731
7
3.00504902005196
-4.41113325357437
-1.83430334925651
0.0480311274528504
4.6029541015625
-0.264673215150833
-1.74915887117386
6
7
1.9132240831852
1.79310765266418
2.20220218300819
-1.46580063700676
-0.248001408576966
-1.62127548456192
-0.853306698799133
7
0.898635667562484
-0.304711073637009
-1.30857131481171
-5.17926346063614
1.23955219984055
-7.89426026940346
3.01859385967255
7
-2.66035447120667
-5.44198344945908
-1.74807649254799
1.71557597517967
5.69535822868347
9.03968070149422
-2.06231556534767
7
-5.04398047327995
-1.16288880109787
0.942707002162933
1.57750611305237
-1.75551658272743
0.630077874660492
2.49847826361656
7
-1.59631162285805
-1.9172861635685
-4.45982829332352
0.155511909723282
1.34380667209625
5.19840041995049
2.52599499225616
7
-4.54654153585434
3.15242198109627
-2.93580726981163
6.15383687615395
-2.47432210445404
-1.98222854137421
1.7050380051136
2
7
4.28907071352005
3.29450560808182
-6.4969761967659
-5.26807050704956
-5.68866105675697
1.63966656923294
3.04445251226425
7
0.731213027238846
0.970290368795395
-3.8467222571373
-1.76475261449814
2.43966316580772
3.98701764941216
3.50636535286903
|FiveLongFeelerGenome 30
3
6
7
-3.76840705275535
0.614685308933258
2.85960712432861
-0.15269050002098
-5.33369665145874
0.464400088787079
0.567316365242005
7
-4.52272128462792
1.65251939296722
2.98701828122139
-1.12558524012566
-3.09051502943039
-1.155710542202
0.846444255113602
7
-1.03466536402702
-4.04737558364868
1.22608130574226
-0.22740353345871
-2.8799602150917
1.19793046712875
2.7976571559906
7
3.8401237308979
6.7252523124218
0.135134387016297
-0.0127423822879786
0.8200499355793
2.70558243989944
-2.66465508937836
7
-1.98529497981071
-1.41611896753311
-1.12684305310249
-0.731169331073761
0.758213281631469
-1.99354879260063
3.57768574953079
7
3.59185841679573
-4.41113325357437
-1.78761839270592
0.0480311274528504
4.6029541015625
0.0313764989376068
-1.74915887117386
6
7
1.63268912434578
1.79310765266418
2.20220218300819
-1.46580063700676
-0.248001408576966
-2.13505083322525
-0.54059989452362
7
2.02159109115601
-2.34561369419098
-3.54835985898972
-1.83977136611938
0.529615747928619
-5.97997261285782
3.10946016311645
7
-2.1658506155014
-5.78835254907608
-1.6388053715229
1.4615635573864
5.12561826705933
9.05513299703598
-2.70700789093971
7
-4.14276911616325
-1.05591366887093
3.15557462573051
0.5886774122715
1.944752150774
-0.604534530639649
1.3146012544632
7
-2.48978977799416
-2.31461163759232
-3.47432453036308
0.27629696726799
1.8998636841774
2.17162930965424
3.49062399864197
7
-3.21655195951462
2.69740453362465
1.11784191131592
3.21146365404129
-0.00282633900642404
-3.00736902356148
0.187241351604461
2
7
4.50155566930771
2.46281694769859
-6.44945625066757
-5.21674439907074
-7.42024355530739
2.52666779756546
2.74018685221672
7
-1.74878274798393
0.974419468641281
-1.21350337862968
-1.36928879022598
3.15658242702484
3.72603651285172
2.94736922979355
|FiveLongFeelerGenome 30
3
6
7
-3.47972860336304
-0.385305440425873
3.64500375390053
0.839177268743516
-6.46137943267822
0.434426724910737
0.398058587312699
7
-3.60289761424065
1.55639667510986
1.73906853795052
-1.61396534442902
-3.1652283012867
-1.57066680192947
0.459306812286377
7
-1.32199603915215
-3.32576651573181
1.11107648015022
-0.243882167339325
-2.4862219452858
1.3989706158638
2.64567030072212
7
3.04039722084999
6.8574669778347
0.281194829940796
0.213767683506013
0.8200499355793
2.29611512422562
-2.66465508937836
7
-1.25261332392693
-1.63671748042107
-1.03829768300056
-1.47965488433838
1.07952325344086
0.132250106334686
3.21751831173897
7
3.58039422631264
-3.8972248673439
-1.74001461863518
0.171169126033783
4.96940214633941
1.16484677195549
-0.383038866519927
6
7
0.487345248460769
2.454402333498
1.93787053823471
-0.883212590217591
-0.845312547683716
-1.42291792035103
0.356463265419007
7
2.41820946335793
0.662932360172272
1.29736640453339
-2.9381865978241
-0.178424954414368
-3.94029942750931
0.716417509317398
7
-1.1086799621582
-3.8680468916893
-1.33658385872841
2.19016070961952
4.39876707196236
8.00738778710365
-1.74954562187195
7
-4.62141287326813
-0.108119493722916
3.1884609401226
-0.0974606215953823
1.67473036050796
0.0915244579315177
1.12184342741966
7
-3.01011808514595
-2.86669479608536
-3.14873024821281
-0.342279815673828
2.02132612466812
3.41597459316254
2.62859084606171
7
-3.95853201150894
3.45204988718033
-1.63698796629906
6.86258004903793
-1.77789540290833
-1.82396109700203
0.794544202089309
2
7
2.18238967061043
3.64775956273079
-5.70159624218941
-4.36570006012916
-4.99185019135475
1.91275190711021
3.01695357561111
7
0.961985498666763
1.57665757536888
-4.05785732865334
-2.55889807343483
1.77027997970581
2.90884122252464
3.90350743532181
|FiveLongFeelerGenome 30
3
6
7
-3.38098726272583
-0.0491319715976715
5.07509716153145
0.0709979176521307
-7.04794721603394
-0.445289677381515
0.440942889451981
7
-1.97294117212296
0.782413828372956
3.40884605646133
-0.195253819227219
-3.18580765724182
-2.29793338179588
1.10771515965462
7
-1.69615584611893
-3.08568391799927
-0.881196367740631
0.494163566827774
-1.18822942376137
-1.69700365066528
2.12486166357994
7
4.85295467972756
6.43685560226441
0.135134387016297
1.09973549246788
1.3602532684803
2.57180942893028
-2.66465508937836
7
-2.5658430814743
-0.294815695285797
-1.81783567070961
-1.81533087491989
2.30324470996857
-1.5906114757061
3.4141549885273
7
3.33087567090988
-3.91482638120651
-2.36989457011223
-0.538516288995743
4.96723570823669
2.4107034444809
-1.52692769765854
6
7
2.42730082273483
3.49540856480598
2.5157467842102
0.820249718427658
1.11353673934937
-2.15920881032944
1.68536828160286
7
4.14723202586174
-1.55274473428726
1.33868978619575
-2.35226567387581
0.534084665775299
-4.65681113600731
1.1135663330555
7
-1.9052538394928
-5.11091622710228
-0.948287343978882
1.59794358611107
3.56683311462402
7.45429661870003
-1.71065080165863
7
-5.24968600273132
-0.745574289560318
3.32727105021477
0.107059442996979
1.11649199724197
-0.360911417007447
1.61093701720238
7
-3.42153955101967
-2.24100424051285
-4.0293039560318
-1.8687663435936
1.8716891169548
3.73948050737381
1.86925761699677
7
-3.62260063886643
3.56147373318672
-1.99244953989983
5.95987096428871
-3.0165586411953
-1.92927295565605
1.12799504995346
2
7
4.50728266835213
2.98669399619102
-5.3675233900547
-4.5226089656353
-6.07425186634064
0.499043184518814
3.00298355817795
7
-1.28434438109398
1.63191270828247
-0.802435839176178
-1.4815061211586
3.05296597480774
3.53238896131516
2.90253928899765
|FiveLongFeelerGenome 30
3
6
7
-3.20782787203789
0.502806061506271
5.58105292320251
0.497657263278962
-7.38412290215492
-0.243419760465622
-0.761173963546752
7
-3.93507167696953
2.41740549206734
2.88425732851028
-1.9359023809433
-2.67869602441788
-1.14532309770584
1.25632493495941
7
-1.92194014191627
-1.32590788006783
-0.271190226078034
1.5111873447895
-2.16779089570045
-2.29619578719139
2.27411863803864
7
1.92307862043381
5.2816291987896
1.22978100776672
2.43872938752174
0.0441522419452663
0.388214647769928
-0.758022546768189
7
-0.615206164121628
-1.24178659319878
-1.52035658955574
-1.87919337749481
2.27205426692963
-0.29050430059433
3.49219816923141
7
3.59185841679573
-3.64390910863876
-2.74300872683525
-0.0607961058616638
4.51692078113556
0.855443161725998
-1.24349988698959
6
7
0.575569039583206
0.866244453191757
1.72387605309486
-1.8290175139904
-1.68947854042053
-2.4601931810379
2.61086668372154
7
4.14723202586174
-1.55274473428726
1.33868978619575
-2.35226567387581
0.388439357280731
-5.560259526968
0.56852508187294
7
-2.58077783584595
-5.22109845876694
-1.40525885224342
1.91454336643219
4.63689160346985
7.85916784405708
-1.92323802113533
7
-4.62141287326813
-1.01616333127022
2.77276646494865
-0.0837234199047085
1.67473036050796
-0.447812056541444
0.40495862364769
7
-1.35080860257149
-1.9172861635685
-4.45982829332352
0.155511909723282
1.08531203269958
4.6581861436367
3.10658386349678
7
-4.92373071908951
4.32779887318611
-1.5563827753067
6.9593793451786
-2.20692174434662
-1.69481539726257
1.1623055100441
2
7
4.17217491269112
2.98669399619102
-5.3675233900547
-4.59071368575096
-6.14985432624817
0.499043184518814
2.58861616849899
7
-1.28434438109398
1.79800131320953
-0.802435839176178
-1.4815061211586
3.25842145085335
3.62574313879013
3.46122826337814
|FiveLongFeelerGenome 30
3
6
7
-3.54481376409531
0.255405253171921
3.71124939918518
-0.20323177576065
-6.05197273492813
0.275539350509644
0.729954701662064
7
-3.10060712695122
2.03909736275673
3.58962896466255
-1.73005337119103
-2.29488638043404
-0.819146758317947
0.362654662132263
7
-1.32704785466194
-2.94737543463707
-0.0593211233615876
0.606855756044387
-1.31322463750839
-2.00565803050995
1.627673381567
7
1.65223569869995
6.63015271425248
2.5796857893467
1.8853384912014
0.801277190446853
0.435903340578079
-1.22405722141266
7
-0.597564309835434
-1.54353582262993
-1.52035658955574
-1.87919337749481
1.28347678184509
-0.29050430059433
3.31105119585991
7
3.86477373838425
-4.46747716665268
-2.42268738150597
-1.0274989426136
5.11351652145385
1.88799297809601
-1.54345360994339
6
7
2.08607040643692
2.92619588971138
3.14856981635094
1.11512362360954
1.43225060105324
-2.15920881032944
2.17356587052345
7
1.55695121884346
-0.171082437038422
0.858212971687316
-2.9381865978241
-0.178424954414368
-3.08444293737411
0.0940172910690307
7
-0.879650568962097
-4.60245903730392
-1.33658385872841
1.50523548126221
3.81362121701241
8.43533473610878
-1.82371812462807
7
-4.65157066583633
-2.29971686005592
2.90890924334526
0.847653383016587
1.56090436577797
0.907092434167861
-0.277393561601638
7
-0.806812554597854
-3.38383545875549
-2.88832432031631
-1.67976015806198
1.05897810459137
1.16221072077751
2.00743331313133
7
-4.08164955377579
3.68629530072212
-1.99244953989983
5.95987096428871
-3.21359949111938
-2.08350903987884
1.52496770620346
2
7
4.39352131485939
2.9871264398098
-5.84597790837288
-4.85220987796783
-6.14985432624817
0.865303653478622
3.43912147283554
7
-1.72445167899132
2.61926288604736
-0.802435839176178
-1.0158970952034
2.91424582600594
4.2267631649971
3.1192924618721
|FiveLongFeelerGenome 30
3
6
7
-3.32090111374855
0.48134822845459
5.57678964138031
-0.114427125453948
-7.29277508854866
-0.0341466605663295
-0.366610950231552
7
-4.22331811189652
2.17221548557282
3.15800987482071
-1.12558524012566
-3.09051502943039
-1.155710542202
0.846444255113602
7
-1.26281372308731
-3.5787725687027
-2.1395481467247
1.35262387394905
-0.605419039726256
-2.79781697392464
2.25638394355774
7
2.00451756715775
6.86581372618675
1.66316404342651
3.31233425140381
0.437933892011642
0.664111816883087
-0.346702933311463
7
-1.98529497981071
-1.53999346494675
-1.90135256052017
-0.731169331073761
1.0487532377243
-2.57706100344658
4.02170449495316
7
3.59185841679573
-4.41113325357437
-1.85347148776054
0.0480311274528504
4.6029541015625
-0.216849499940872
-1.74915887117386
6
7
0.532362800836563
2.87528663277626
1.4372958779335
-2.10864186286926
-1.16492943763733
-1.45584908127785
1.05191677212715
7
3.93248627185821
-2.02170602083206
0.412020063400268
-2.20518963932991
-0.99900569319725
-6.01455091834068
0.286048293113708
7
-1.26274676322937
-4.78992792367935
-1.23572664856911
2.22073013186455
3.76910436153412
8.07764886021614
-1.77327907681465
7
-4.99399631023407
-0.687549954652786
4.39571413397789
0.512518841028214
0.319720870256424
-1.14130029082298
0.891971319913865
7
-3.11837282776833
-2.78158358335495
-4.32279412746429
-1.87635434865952
2.35141214132309
2.75983113050461
1.73578288555145
7
-5.25369192361832
4.64090863466263
-2.08196710348129
6.60013235211372
-2.62188279628754
-2.46793389320374
0.501595890522003
2
7
1.77104101777077
3.10722801685333
-5.90029328465462
-3.91053476929664
-5.1905931532383
1.66287904977798
2.45616010427475
7
0.234328871965409
2.46137813925743
-3.37153030633926
-1.93716681599617
1.30420355200768
3.19718162417412
3.99024057984352
|FiveLongFeelerGenome 30
3
6
7
-3.71763296127319
-0.0491319715976715
5.58769176602364
-0.259643566608428
-6.8529619038105
-0.445289677381515
0.440942889451981
7
-3.60289761424065
1.06315488815308
1.47408917546272
-1.9417108297348
-3.1652283012867
-1.57066680192947
0.329980206489563
7
-1.21176878213882
-3.08568391799927
-0.297312796115875
0.494163566827774
-0.864115792512892
-1.58806834220886
2.12486166357994
7
3.54044652581215
6.8574669778347
-0.422172427177429
0.715342772006989
0.94101248383522
2.64748350381851
-2.21090743541718
7
-1.25261332392693
-1.63671748042107
-1.03829768300056
-1.52373309135437
0.599677777290344
-0.471615779399872
2.81976287961006
7
3.59185841679573
-4.41113325357437
-2.1652687728405
0.0480311274528504
4.6029541015625
0.259052914381027
-1.63120935559273
6
7
1.63268912434578
1.79310765266418
2.23640936017036
-1.46580063700676
0.295499539375305
-1.99817584753036
-0.54059989452362
7
2.38547542691231
0.662932360172272
1.29736640453339
-3.11625587940216
0.240508770942688
-4.06147311925888
0.668108636140823
7
-1.28554936647415
-5.44801770448685
-0.89868106842041
1.98535257577896
3.59282913804054
8.76908994317055
-1.96555507183075
7
-5.04398047327995
-0.632201462984086
1.33382571935654
1.57750611305237
-1.75551658272743
0.630077874660492
2.49847826361656
7
-2.91200996041298
-2.7640282034874
-3.47432453036308
0.210825389623642
1.55637255907059
2.06765336990357
3.50914976596832
7
-3.55406597852707
2.67008326649666
1.16339762210846
3.21146365404129
0.478495049476623
-3.10384672284126
0.187241351604461
2
7
3.92179118394852
3.31101499795914
-6.4969761967659
-5.714586353302
-6.20610030293465
2.13044328093529
3.34656480550766
7
-1.28434438109398
1.63191270828247
-0.582417184114456
-1.04527250528336
2.67401304244995
3.5879671216011
3.28832112550735
|FiveLongFeelerGenome 30
3
6
7
-3.36123980283737
-0.583527553081513
3.53206589221954
-0.653480738401412
-6.20065287351609
0.275539350509644
-0.185200065374374
7
-1.97294117212296
1.19815129041672
3.24130619764328
-0.359158247709275
-3.19517487883568
-1.71583115458488
0.776820760965348
7
-0.512921637296677
-3.739533162117
1.78545921444893
-0.22740353345871
-2.62876390218735
0.808091914653779
2.96109802722931
7
3.35718227028847
6.20530611276627
0.122955924272538
0.643945872783661
0.84698702096939
3.0512290596962
-1.77719153761864
7
-0.893594568967819
-1.52335647344589
-2.28669260144234
-1.38127698302269
1.52253248691559
-2.3520552277565
2.31911798119545
7
4.08046037554741
-5.62083196043968
-1.58368017077446
-0.0734570264816284
3.6438648045063
2.10663285255432
-0.386943340301513
6
7
0.000569945573806352
2.454402333498
1.50188282728195
-1.87089622020722
-0.315773320198059
-1.87939670681953
0.295641279220581
7
3.07390124201775
-0.678877729177475
0.76632769703865
-2.76920154690742
-0.0277310132980346
-4.99447521567344
0.436332464218139
7
-0.734163653850555
-5.90483809709549
-0.89868106842041
2.20482634902
3.67824891209602
8.37681837677956
-2.30602889060974
7
-4.82663607001305
-1.90074526071548
1.03657571673393
1.97251875400543
-2.09681037068367
2.41727329492569
2.80332211852074
7
-0.967090851068496
-2.74386069178581
-2.96397348642349
-1.67976015806198
1.05897810459137
1.74929284453392
2.00743331313133
7
-4.08164955377579
2.90678978562355
-2.93580726981163
5.43186567425728
-2.36746332645416
-2.91841275691986
1.7050380051136
2
7
4.57379463911057
2.46281694769859
-6.44945625066757
-5.21674439907074
-6.36093235611916
1.92693687677383
2.74018685221672
7
0.731213027238846
0.716566842794419
-3.8467222571373
-2.17618432641029
1.43119191527367
3.79887863993645
3.50636535286903
|FiveLongFeelerGenome 30
3
6
7
-3.23211588263512
0.384896743297577
3.75046944618225
-0.810508412122726
-6.55930602550507
0.638480532169342
-0.316400265693664
7
-3.18127290010452
2.27821829915047
2.31152673959732
-1.263725066185
-3.85930036306381
-1.38320392370224
0.805259203910828
7
-0.225611507892609
-3.01499154567719
1.46204782128334
-0.90582059621811
-2.68655434846878
2.20039356946945
2.17200071811676
7
1.65223569869995
6.22766879796982
2.32416260838509
2.24888131022453
1.57406543493271
0.259977877140045
-0.992419236898423
7
-2.40552825331688
-0.789473974704743
-1.54150977730751
-0.453825217485428
2.14176335334778
-1.69222499728203
3.20822392106056
7
2.62377640604973
-4.34835906624794
-1.56294456720352
0.597356402873993
5.15092668533325
0.229597896337509
1.05588256716728
6
7
2.7380383849144
3.18268709778786
3.67992278933525
0.387396222352981
0.175079870223999
-1.74946061372757
0.752257162332535
7
2.02159109115601
-1.95307054519653
-2.50996874570847
-1.83977136611938
0.0403771042823791
-6.34951928853988
3.30267174839973
7
-2.00704018473625
-6.21353689432144
-0.559789824485779
2.30943428874016
4.34918518662453
7.408815741539
-1.43475897908211
7
-4.22978877425194
-1.05591366887093
3.06648292541504
0.5886774122715
1.944752150774
-1.14727094173432
1.11144332289696
7
-2.72144208550453
-3.30347508192062
-4.25287036895752
-0.94973224401474
1.68623508810997
3.6160524725914
1.77879750728607
7
-3.66953722238541
4.04313738942146
-3.78638295531273
5.80008726716042
-2.50249139666557
-2.32668740749359
0.773399239778518
2
7
4.6774651825428
1.86420168280602
-5.17102990746498
-3.81117800474167
-7.31091979146004
0.427266412973404
0.683188045024872
7
-1.69761537313461
1.46775988936424
-1.84648373126984
-0.0886759638786315
1.63870459198952
5.78104247450829
4.02536516189575
|FiveLongFeelerGenome 30
3
6
7
-3.36123980283737
-0.583527553081513
3.53206589221954
-0.497720712423324
-5.81710342168808
0.865466099977494
0.16736450791359
7
-3.73905314207077
2.48440680503845
2.09685698151588
-1.57955905795097
-3.09051502943039
-1.08179565668106
0.744093465805054
7
-1.26281372308731
-3.71629185676575
-1.66454638242722
0.86328609585762
-0.566812753677367
-3.78552349209785
2.33459179401398
7
3.8401237308979
6.36563495993614
0.234981441497803
0.78763839006424
1.38158248066902
2.29611512422562
-2.44264630675316
7
-1.27242166996002
-1.63671748042107
-1.06015761494637
-2.01982231140137
0.570966482162475
-0.0176703572273255
2.81976287961006
7
3.59185841679573
-4.24484502077103
-2.21367828249931
0.158970636129379
4.6029541015625
0.641818284988403
-1.13841372728348
6
7
2.42730082273483
2.33853648304939
3.5611611366272
0.94626697897911
0.955503988265991
-1.89427595734596
1.67197003960609
7
1.77900654673576
0.665686255693436
-0.0438155829906464
-4.13241550326347
1.15446224808693
-6.93131669163704
2.7524343252182
7
-1.9052538394928
-5.11091622710228
-0.766689276695252
1.76577126383781
3.32638280391693
7.36662464737892
-2.80314486026764
7
-4.65157066583633
-2.29971686005592
3.32978302836418
0.942669600248337
1.9371461212635
1.10049613714218
0.10131089091301
7
-2.91200996041298
-2.33265796899795
-3.47432453036308
-0.51769934296608
1.0293296456337
2.42868093848229
2.75091474056244
7
-4.48522237539291
3.44763675928116
-2.44787194728851
6.65235372781753
-1.76067855358124
-2.7477719604969
0.932653218507766
2
7
3.29671737551689
2.70240769982338
-5.61719533205032
-4.15862705111504
-8.2945333480835
-0.0670647799968719
3.23806135058403
7
-0.0484303891658781
2.85174086689949
-3.16640640497208
-1.2387926697731
2.00653132796288
3.93078109622002
3.99024057984352
|FiveLongFeelerGenome 30
3
6
7
-3.92838512063026
1.01616389751434
4.40686541199684
-0.262837469577789
-6.95253968238831
0.523157149553299
-0.298539543151855
7
-3.17748903632164
2.44606686234474
3.04691250920296
-1.73005337119103
-2.86850245594978
-0.819146758317947
0.378889608383179
7
-0.225611507892609
-2.15064432621002
0.97278214097023
-0.219253695011139
-2.68655434846878
1.74351660013199
2.17200071811676
7
2.93424082398415
6.65270658731461
0.820764142274857
0.416031062602997
0.84698702096939
3.0512290596962
-2.65228876471519
7
-1.50294222831726
-1.24178659319878
-1.5687795996666
-1.67437274456024
1.36225490570068
-0.0797414660453797
3.39095223546028
7
4.09309758543968
-5.62083196043968
-1.58368017077446
-0.0734570264816284
3.6438648045063
1.82797710299492
-0.386943340301513
6
7
2.22340229749679
3.18268709778786
3.53445291519165
0.820403033494949
0.175079870223999
-1.11731880903244
0.771055370569229
7
2.06033475995064
-0.749237954616547
1.31968474388123
-2.76895895004272
-0.413346767425537
-2.93146311044693
0.0940172910690307
7
-2.1173574924469
-5.09869865775108
-0.890041261911392
1.16245355010033
4.05932474136353
8.84737296700477
-1.98898119926453
7
-4.85313963890076
-1.45765511393547
3.34759632945061
0.703531157970429
1.98866792321205
1.61140846014023
0.264071911573411
7
-2.24749146103859
-3.4954314827919
-4.17056374549866
-0.94973224401474
1.88062798976898
3.72503885030747
2.04584637284279
7
-4.00429185628891
3.91330581307411
-2.01592094302177
5.70084503293037
-3.12828652262688
-2.1500648021698
1.15908464193344
2
7
4.17217491269112
2.54730781912804
-5.3675233900547
-4.59071368575096
-6.14985432624817
0.499043184518814
3.40982831716537
7
-1.72445167899132
2.17822346687317
-1.01784046888351
-1.30557388067245
2.82055885791779
4.2267631649971
3.1192924618721
|FiveLongFeelerGenome 30
3
6
7
-3.48634679317474
0.324957239627838
3.62099927067757
-0.477721732854843
-7.09930200576782
1.41691266298294
1.34978874325752
7
-1.97294117212296
1.40466670393944
3.40884605646133
-0.424711221456528
-3.00625851154327
-1.83957018256187
1.09818630814552
7
-1.45619405508041
-3.39989490509033
-1.44637206792831
1.41670427918434
-0.108784508705138
-3.35990841984749
2.20031046867371
7
2.47697752714157
6.30424055457115
3.12640011310577
1.79835221767426
1.3230073094368
0.334215557575226
-0.735351872444153
7
-2.60846009254456
-1.53173884153366
-1.00049947500229
-0.815686774253844
2.06501165628433
0.549286240339279
2.894077450037
7
2.56388321518898
-4.36828886270523
-1.44898616075516
0.43829852938652
4.58428628444671
1.14861962199211
0.0516376376152046
6
7
-0.0161400020122532
3.46329236626625
1.56488298177719
-0.918574708700181
-0.194360232353211
-1.15172241330147
0.430643081665039
7
2.43554413318634
0.788911586999893
-0.296827268600464
-5.81252827048302
1.83112770318985
-5.4600255548954
2.40150017738342
7
-1.38646680116653
-6.34373732805252
-0.855842971801758
1.75685152411461
4.13459730744362
7.55680329799652
-1.12836781144142
7
-3.04618729948998
-1.05591366887093
2.26520268321037
0.424349766969681
2.53970902562141
-0.981668996810914
1.11144332289696
7
-2.63059647083282
-1.9616935133934
-4.10718373656273
0.149046516418457
1.5907957971096
2.17162930965424
3.96185801029205
7
-4.00429185628891
3.6324049115181
-2.01592094302177
5.70084503293037
-3.25941369533539
-2.55107779502869
1.15908464193344
2
7
2.43213163614273
3.46881310939789
-5.10920234322548
-4.38576949238777
-4.97306185364723
1.91275190711021
2.46186941862106
7
-2.07092599272728
1.97162839174271
-0.65840128660202
-1.4815061211586
3.05296597480774
3.14766219854355
3.4349649310112
