50
924
|FiveLongFeelerGenome
3
6
7
2.41134734749794
-0.0820088744163516
0.607946819066998
3.5884987771511
-2.81385275721549
-0.237108159065242
7.03432601094246
7
-11.4707991302013
-1.13577363491058
3.59574238061906
0.526518255472188
-1.01951615810394
1.20722922682762
-2.0721279501915
7
13.0123465538025
-1.73650151491165
2.38355515003204
-0.766076648235321
-0.919180917739873
2.25548647046089
-0.779048019647599
7
0.52422099113464
1.44853778481483
1.04109517335892
6.95828310847282
-3.76808175444602
-6.19939264059068
2.15525295138359
7
-4.8208523452282
-6.93347545862198
0.249614149332047
1.28629890680313
10.4188667416573
-5.28515945672989
-13.2049495518208
7
-4.31669515967368
-0.0499529778957353
-0.537951731681825
3.73694068789482
2.88159738183022
-1.1359099984169
6.12131714224815
6
7
2.19776149392128
-3.30663950443268
2.1078543305397
-0.30274738073349
-0.234703123569487
2.28702903389931
2.23934233188629
7
0.227845686674112
7.6277426302433
-0.896321421861659
2.8030107498169
3.72395306229591
-5.52496861815453
1.49263229370118
7
-2.78488253951073
-2.51927210688591
-2.90476831197739
3.64772790670395
2.50546497702598
-5.13408902287483
-6.64952065348625
7
5.2270912528038
-2.07388828396797
-5.91883024573326
6.93925902247429
-6.12194635272026
6.26552014946938
-2.19032802581787
7
-1.98748962879181
8.66533691287042
-8.86265360713006
-3.82419573664666
-9.6980867922306
2.79787939786911
0.672657537460327
7
6.01365548968315
7.39423613548277
9.04286217689513
3.94108163714409
-0.537768512964249
6.93443612456322
-1.3773423910141
2
7
-10.0301553308965
4.52328700423241
4.37229376435279
-2.82827345132828
13.2274470686912
4.73199860453605
-0.463100934028621
7
3.46379444003105
-0.691476935148239
6.07455543279647
1.55051217675209
2.59457765221595
8.32748695611953
5.87545799612999
|FiveLongFeelerGenome
3
6
7
2.41134734749794
-0.0820088744163516
0.607946819066998
3.5884987771511
-2.81385275721549
-0.237108159065242
7.03432601094246
7
-11.4707991302013
-1.13577363491058
3.59574238061906
0.526518255472188
-1.01951615810394
1.20722922682762
-2.0721279501915
7
13.0123465538025
-1.73650151491165
2.38355515003204
-0.766076648235321
-0.919180917739873
2.25548647046089
-0.779048019647599
7
0.52422099113464
1.44853778481483
1.04109517335892
6.95828310847282
-3.76808175444602
-6.19939264059068
2.15525295138359
7
-4.8208523452282
-6.93347545862198
0.249614149332047
1.28629890680313
10.4188667416573
-5.28515945672989
-13.2049495518208
7
-4.31669515967368
-0.0499529778957353
-0.537951731681825
3.73694068789482
2.88159738183022
-1.1359099984169
6.12131714224815
6
7
2.19776149392128
-3.30663950443268
2.1078543305397
-0.30274738073349
-0.234703123569487
2.28702903389931
2.23934233188629
7
0.227845686674112
7.6277426302433
-0.896321421861659
2.8030107498169
3.72395306229591
-5.52496861815453
1.49263229370118
7
-2.78488253951073
-2.51927210688591
-2.90476831197739
3.64772790670395
2.50546497702598
-5.13408902287483
-6.64952065348625
7
5.2270912528038
-2.07388828396797
-5.91883024573326
6.93925902247429
-6.12194635272026
6.26552014946938
-2.19032802581787
7
-1.98748962879181
8.66533691287042
-8.86265360713006
-3.82419573664666
-9.6980867922306
2.79787939786911
0.672657537460327
7
6.01365548968315
7.39423613548277
9.04286217689513
3.94108163714409
-0.537768512964249
6.93443612456322
-1.3773423910141
2
7
-10.0301553308965
4.52328700423241
4.37229376435279
-2.82827345132828
13.2274470686912
4.73199860453605
-0.463100934028621
7
3.46379444003105
-0.691476935148239
6.07455543279647
1.55051217675209
2.59457765221595
8.32748695611953
5.87545799612999
|FiveLongFeelerGenome
3
6
7
5.63643759489059
-3.46946964859963
0.94133833646774
4.03297190666198
-3.28459953665733
-0.340313017368312
11.5599242269993
7
-12.6090851485729
-0.747320461273193
4.04995561242104
0.328823196887975
-2.12657854557037
1.40041665434837
-2.67029451727867
7
14.0329024612904
-4.16724284887313
2.02640247941017
-1.28009970784187
-0.769226282835011
2.93515852093697
-0.0340152204036718
7
1.94386975169181
1.49990968704223
2.33057709932327
5.17378690242767
-2.37686617970466
-5.03165696859361
1.28187534213066
7
-7.17480207085609
-7.33255974650383
-0.212128847837448
-0.555568784475326
9.24696089625358
-5.75544825792313
-12.8227881968021
7
-2.14118369817733
-0.156341904401778
2.21351782083511
0.681737697124479
3.65794498920441
-0.3364350438118
4.26934084892273
6
7
2.64185709357261
-3.20286349654198
1.51753095388412
0.00467139482498191
-0.0810515284538251
2.17528613209724
2.22283451557159
7
-0.1630908548832
7.44301481842995
-0.858628731966029
2.73500466346741
4.31635718941689
-5.32323676347733
2.53076212406159
7
-2.35340816378594
-2.32307094931602
-1.68727465867996
2.94215208292008
1.38903009295463
-6.31458269357681
-5.77636765241622
7
4.7098802447319
-1.44264307022094
-5.35372737646103
7.98488723635674
-6.05255188345909
4.35336960554124
-3.83643109798432
7
-0.651780045032498
8.94382910132409
-8.01808800101281
-4.87004301548004
-9.63531503677368
2.38877925872803
1.13008661270142
7
4.02138060331345
10.7443358659744
9.74520597457885
-0.862214010953901
-2.3496935069561
6.51365457177162
-1.23723811507225
2
7
-12.7535808146001
5.75862471461296
6.04436246156692
-1.89113855361939
14.4818571269512
5.09594480991363
-1.7292634665966
7
0.983808249235152
0.233759665489196
6.34182602763175
0.00741361975669734
3.02646160125732
8.8481396317482
5.84078622460365
|FiveLongFeelerGenome
3
6
7
2.96607065796852
-0.625772035121918
1.12300562262535
3.5884987771511
-2.71908709406852
-0.935321211814876
7.31081305146217
7
-10.9591913819313
-1.29898655414581
3.17000678777696
0.319235926866536
-1.49222261309624
2.03671252131462
-2.48606110811234
7
12.3693497955799
-1.92073286771774
0.456072759628295
-0.78220123052597
0.547578072547908
2.39429548978806
-0.861973053216935
7
3.51296481490135
0.769627481698987
0.931594437360761
4.52807725071906
-5.16822747588157
-5.5762096464634
1.34335851073265
7
-5.20144070982933
-6.88682254552841
0.377235013246537
0.982844346761705
9.98908272981643
-4.42068377733231
-13.7641230404377
7
-2.44297734498977
-0.281878459453581
2.74600738883018
0.681737697124479
3.47233183383942
-0.546464115381242
3.73396821022034
6
7
3.6149522960186
-3.97555668354034
2.39863232374191
1.68824238777161
1.64250413775444
4.1769846022129
1.18945586085319
7
0.0789798498153626
7.02862986922264
-1.86826763749124
1.77101332545281
4.03607476949692
-6.39362625479698
1.5078913807869
7
-2.51343266963959
-3.18634542822838
-3.07200502753258
3.18130792379379
1.43911909461021
-5.1883332312107
-4.70521614551544
7
5.2270912528038
-2.09885571599006
-5.62426320314408
6.93925902247429
-5.87366701364518
7.23709128499032
-2.19032802581787
7
-1.54294216632843
9.25345587134362
-9.1416321694851
-4.03089849352837
-9.6980867922306
2.46197355985641
0.326086807250976
7
6.60965163111687
7.39423613548277
8.91700928211211
3.81191431879997
-0.405126839876175
6.6372964501381
-1.3773423910141
2
7
-11.0556562483311
4.93163222670555
4.45612382888793
-2.69112225174904
15.2967982172966
6.14589007496833
-0.968792229890819
7
1.89495570659637
4.59444626569748
2.90995788574218
-1.43514322638512
2.92747001051902
8.31841205954551
7.21990355253219
|FiveLongFeelerGenome
3
6
7
5.79651089906692
-2.67993124127388
0.401219046115872
4.13524854183196
-3.88643071651458
0.38907681703568
9.36459592580795
7
-10.8015238940716
-2.10992319583893
3.99490430951119
0.913318705558782
-1.81441152691841
0.544663375616073
-2.35794290900231
7
13.8869745731354
-4.02993019819259
1.96453790068626
-0.488979512453079
-1.12413210272789
2.5892826795578
-0.1311214864254
7
0.729451090097424
3.26384938955307
1.12251482605934
3.88866050839424
-3.34623620510101
-5.55142181515695
0.542474430799484
7
-7.41754792332649
-7.63319146037102
-1.30331656336784
-0.0501863181591024
8.86043369174003
-6.10294789075852
-12.6531028747559
7
-2.49899683594703
1.00829254388809
1.73852692842483
0.335027492046354
2.84469544291497
-1.23967180848122
5.24147188663483
6
7
4.20095182657242
-4.25114772319794
2.81831399202346
-0.0160069882869721
1.33965586423874
3.50971422791481
0.354348921775813
7
-0.289142948389059
7.21461737155914
-0.634961414337168
4.1749839603901
3.63081446290016
-5.35788273215294
2.63207572102547
7
-3.35262972712517
-2.12756806015968
-3.35653628110886
3.38544167876244
0.493869727849959
-4.26077204942703
-6.09896808862686
7
6.13723915815353
-2.87950252890587
-5.19831576943398
7.0012553691864
-6.28919009566307
5.03213887810708
-2.33873314857483
7
-1.71427876353264
8.66533691287042
-8.02619456648828
-3.82419573664666
-9.40213871598243
2.85822159051895
-0.319299119710923
7
4.18629575967789
10.591180229187
10.8643383741379
-2.21777390837669
-2.55130605697632
6.35502284765244
-1.23723811507225
2
7
-10.7419930040837
4.91618454456329
5.20428150892257
-2.30079280138016
12.9224652230739
6.55041651129722
-0.934070998430248
7
4.06395204663276
2.65153847336769
3.41350715160369
-0.0927431583404552
2.60645318627357
9.74134997725487
7.92388317584991
|FiveLongFeelerGenome
3
6
7
5.64690750837326
-3.46819486618042
0.522667467594144
3.49702212810515
-3.6064527451992
-0.340313017368312
11.3230182945728
7
-12.9286633431911
-0.886254739761352
4.02479504346848
0.328823196887975
-2.13724021911621
1.31898686289787
-2.67029451727867
7
14.0575536072254
-4.47119234800338
1.43214419484138
-1.28009970784187
-0.361710256338124
2.59654386639595
-0.0340152204036718
7
0.787679773569104
1.16501699090004
1.22865639925003
3.72807084321975
-4.14640472531318
-4.26437383294106
0.267343461513519
7
-4.88377031683922
-7.49221437573433
-1.02772831320763
0.57686027288437
9.89001607298851
-5.6290064394474
-14.1931452512741
7
-2.05080391168593
-0.395750945806502
2.7599699139595
-0.537746638059619
4.79007430076599
-0.276221472024919
4.32808414101601
6
7
2.3192748606205
-2.70784299373627
2.60726677179336
0.0401177883148195
-0.0262359023094159
3.00565174818039
1.99814958572387
7
-1.37741857171059
8.56922399401665
-0.712546563148509
3.55386871695519
4.32345263361931
-5.45662187337875
1.26710443496704
7
-2.94335338473321
-2.62433539628983
-1.66651321649551
2.67792794108391
1.98889884352684
-5.76618810892105
-6.67870854139327
7
4.53225683569907
-1.90881602168083
-4.93544644713402
8.00088748931885
-7.6173916220665
5.59745970368386
-2.53239954710007
7
-0.468004864454267
8.91835791468621
-8.13759457468987
-4.5491064786911
-9.35606351494789
1.67468593716621
2.92408254146576
7
4.75234786272049
10.5264889776707
9.74520597457885
-0.873291176557538
-2.67461922168732
6.51365457177162
-1.23723811507225
2
7
-10.4993658125401
4.72096085548401
4.7977772116661
-4.44143377542496
13.3947670936584
5.82054845690727
-0.385401755571361
7
4.78255507349968
-0.867670601606369
6.77397875189781
1.09278998970985
2.67299407124519
9.00258934497833
6.08761241436004
|FiveLongFeelerGenome
3
6
7
5.05175973176956
-3.95867805480957
0.634986650943753
3.99591903090476
-2.51026188731193
-0.886179244518275
11.250643658638
7
-11.3085309386253
-1.26448397636413
4.48205812573434
-0.232570767402644
-1.916366314888
0.86218563914299
-2.69251407980919
7
12.5660661697388
-3.35773575305938
3.20652875900268
1.81741504073143
-0.40165228247643
3.15637111663819
-0.262243294715882
7
1.04158542156219
1.45249221920967
1.25489444732666
4.16581502556801
-2.71117551326751
-8.64661895632745
0.331617182493209
7
-4.39742402434349
-7.32534419298172
-0.693120807409286
0.156836569309236
9.89001607298851
-5.08849239945412
-14.1156028032303
7
-1.2665367424488
-0.522803395986556
3.02611061930656
0.848854857683179
2.89930983185768
-0.930024421215059
3.73986086249352
6
7
1.31149619221687
-4.19328798651695
1.68246113061904
-0.410045111179352
-0.234703123569487
2.31994839310646
2.90272663235664
7
-2.00482926368714
8.36875656843185
-2.98852239847184
3.56941281557084
1.52562746405601
-6.33400512933731
0.814570176601414
7
-2.35340816378594
-1.79112052321434
-2.02332283258438
3.09963022470474
1.38903009295463
-5.78622978925705
-6.13732489347457
7
6.25307289361953
-2.79965667128563
-5.07387398481369
6.86754310131073
-8.08028607368469
3.96745938062669
-3.45794444084168
7
-2.48249875903129
9.01707994341851
-9.41371359229089
-4.49611992239952
-9.14325369000434
2.49448679685593
0.491583734750747
7
6.14713916182518
8.01613978743551
9.86179757714271
3.96786324381829
0.474614042043686
6.13856348395348
-2.19535377025604
2
7
-10.7747294723988
4.98161533474922
5.64348250627517
-3.10349670648575
12.7227490663528
6.48228361010551
-1.41769130825996
7
3.0941083073616
-0.630759018659592
6.9007882297039
0.570554935932158
4.45141251683235
8.43802084326744
5.51723060011864
|FiveLongFeelerGenome
3
6
7
4.73804405927658
-2.45485177636147
0.0519139647483793
3.80501652359962
-3.8020069360733
0.653862988948827
10.0893184304237
7
-12.5522306144238
-1.41715223789215
3.67743366956712
0.475956219434743
-1.99002413749695
1.00740630030632
-3.10465516448021
7
14.1614143908024
-4.32023619413375
1.43214419484138
-1.39959698319435
-0.45322515368462
2.61827941536904
-0.0340152204036718
7
0.787679773569104
1.16501699090004
1.22865639925003
3.72807084321975
-4.21250687241554
-4.65919657349587
0.267343461513519
7
-3.8980750977993
-7.7680224776268
-0.693120807409286
0.593710482120515
9.3526212632656
-5.08849239945412
-14.5727094948292
7
-1.2665367424488
-0.227321308851241
3.02611061930656
-0.00758692622184998
2.19859901666642
-0.602966654300691
4.81454576849937
6
7
4.24790180325508
-3.65165526866913
2.369719094038
2.13907732367516
0.892301720380785
3.49912379384041
2.31541394591331
7
0.171696108579629
7.58972120881081
-0.271960312128077
2.88213829398156
3.98191333413124
-5.71980444192886
2.09577834606171
7
-2.42841395735741
-2.05606119036674
-2.12076033353806
3.4735325217247
1.2080111682415
-5.80890579223632
-5.31239681243896
7
3.5866347670555
-1.87966040968895
-6.46644842028618
7.9153818666935
-7.63901070952416
5.14786838293076
-2.40706322789192
7
-2.66860270500183
9.01707994341851
-9.38201395869256
-3.35501195192337
-9.78118758201598
2.31364861726761
-0.0498192250728611
7
4.48602530360222
7.53693632483481
9.23732647895812
4.05386303663254
-1.66954577565193
6.40554851293564
-2.03635578155518
2
7
-10.7419930040837
5.57651257514954
5.46176041364669
-2.30615421533585
13.8623098313808
6.72714266777038
-1.25009444355964
7
2.62699157595634
-0.10962662100792
5.28948558568954
1.7337270796299
2.67625012993812
9.41590820550918
6.18658170700073
|FiveLongFeelerGenome
3
6
7
2.73663607239723
-0.0904277205467228
-0.0997211277484928
3.5884987771511
-1.90630208849906
-1.19042160511016
6.92016904950142
7
-12.5521557450295
-1.49420421719551
4.48205812573434
1.06978969573975
-1.60826561450958
2.07476527094841
-2.09387628436089
7
14.4940706253052
-3.82091845273971
2.54038514494896
1.12868014574051
-0.449881350994115
2.85192573070526
0.699594980478286
7
1.47879380583763
2.20031812787056
3.13445214629173
5.17378690242767
-2.64989002346992
-5.03165696859361
1.23952905535698
7
-7.69313438534737
-7.33255974650383
-0.287349075078964
-0.573668473958968
9.24696089625358
-5.75544825792313
-12.8227881968021
7
-5.53474664092063
0.0652798891067518
-1.5726065993309
3.57957198023796
2.52354944348336
-1.69462545514107
6.55531420707703
6
7
3.30854737758636
-2.21125572323799
0.863972032070154
-0.337318193912506
-0.227060991525648
2.47805551290512
1.5224483013153
7
-0.383535176515585
6.99993191361427
-1.17421653270722
2.41311878561974
4.58984065651894
-6.00019039511681
1.56668620705605
7
-3.04140897393227
-2.10483607053757
-3.31544206738472
2.36620355844498
1.7575432240963
-6.09067288637161
-5.62253838777542
7
4.63935374021529
-0.969230085611341
-4.06388283371926
8.37475924491883
-6.97532126307488
4.51042039990426
-2.1308533847332
7
-0.923701286315915
6.24907618165017
-8.40460168719292
-6.13913071155548
-7.20676982402801
2.77615829706192
2.02164171338081
7
4.60144771337509
10.8734461605549
9.96925543546676
-0.93772363066673
-1.91581535339356
6.70208424329758
-0.888866227865219
2
7
-10.5898414433003
4.76915269494057
4.84656881093978
-2.51807633638382
12.9478911876678
6.48228361010551
-1.17009237408638
7
1.98749599456787
4.78736777901649
2.90995788574218
-1.01983155608177
3.04821125864982
8.24656404852867
7.21990355253219
|FiveLongFeelerGenome
3
6
7
2.89513372182846
-0.0904277205467228
0.464984291791912
3.5884987771511
-1.71259154081344
-1.39124402999877
7.45858259797096
7
-13.739922529459
-0.55143010020256
3.65132157802583
2.37636986374856
-3.20569696426392
2.09380233883858
-2.14978162050247
7
12.3404055416584
-2.17079387307167
1.16365587711334
0.465754663944244
-0.641866111755376
1.86356716752053
-0.301049137115479
7
0.787679773569104
1.16501699090004
1.22865639925003
3.72807084321975
-3.61914237141609
-4.65919657349587
0.267343461513519
7
-7.77235231995583
-7.33255974650383
-0.212128847837448
-0.800673550367354
9.24696089625358
-5.75544825792313
-12.8227881968021
7
-2.70103433728217
-0.349289077520369
2.6106759250164
0.659442836046216
2.68981090784073
-0.447493302822114
3.94966318011284
6
7
3.36276116967201
-3.65165526866913
2.29930710196494
2.31970283985138
1.06823188662529
3.54116788506508
2.77679080367088
7
0.427315402030939
6.50923829674721
-0.589361929893504
2.41311878561974
4.29491618275642
-5.72172166705132
1.93790491819382
7
-2.55813595652581
-2.62433539628983
-1.54990721940994
2.67792794108391
1.95003506541252
-5.7896548628807
-6.49982057809829
7
5.68239766359329
-3.27046589255333
-5.45233753919602
7.31756956577301
-7.71434299945832
4.33602937459947
-2.95024527907372
7
-2.58111786246299
9.01707994341851
-9.60478030443193
-4.34955329298973
-10.0191850483417
1.98432978391647
0.491583734750747
7
3.37377103567124
9.90349946022032
10.2724108755588
-1.35602356791496
-2.22412211894989
6.26746596097946
-1.70370945334434
2
7
-11.0212157726289
4.6770226418972
5.44520108103752
-2.2942055284977
15.7153411448002
6.11980550289154
-1.80541799664497
7
0.983808249235152
0.0912779331207273
6.16360782980918
0.00741361975669734
3.02646160125732
8.8481396317482
5.84078622460365
|FiveLongFeelerGenome
3
6
7
6.12866357564926
-4.25297818183899
0.260542547702786
3.47077109813689
-3.77897421717643
-0.340313017368312
11.3230182945728
7
-12.6090851485729
-0.747320461273193
4.6100213110447
-0.0311558604240366
-1.96045426726341
1.40041665434837
-2.61917340159416
7
13.6191837370396
-4.60608135461807
1.43214419484138
-1.39959698319435
-0.45322515368462
2.59654386639595
-0.0340152204036718
7
2.41356510519981
2.20031812787056
2.60382980704307
5.0476436138153
-1.52905576229095
-5.03165696859361
0.761733216047286
7
-4.39742402434349
-7.32534419298172
-0.693120807409286
0.593710482120515
9.89001607298851
-5.08849239945412
-13.7972121298313
7
-1.2665367424488
-0.534252136945723
3.59067513346672
0.879720860719678
2.33770560026169
-0.998860222101213
4.69303476214409
6
7
3.85653617978096
-3.65165526866913
2.29930710196494
2.13907732367516
1.06823188662529
4.5637738764286
2.31541394591331
7
-0.1630908548832
7.44301481842995
-0.858628731966029
2.73500466346741
4.31635718941689
-5.32323676347733
2.53076212406159
7
-3.18979596495629
-2.62433539628983
-1.20640522241592
2.67792794108391
1.56828562617302
-5.7896548628807
-6.43411096334457
7
6.01167937517166
-2.79965667128563
-5.07387398481369
6.86754310131073
-7.77466022968293
4.82714055776597
-3.24528839588165
7
-0.974659073352811
9.03811318278314
-8.01808800101281
-5.31199495792389
-9.63531503677368
2.835085105896
1.13008661270142
7
3.37377103567124
9.90349946022032
9.79483161568641
-1.33764299750328
-2.22412211894989
6.55508701205254
-1.50404874682426
2
7
-11.151874613762
4.37043756842613
5.44520108103752
-2.57621997594834
15.137193351984
6.11980550289154
-2.03893368840217
7
2.78350523114204
4.36466549634933
2.50048951506614
-1.05114423632622
4.14063606262207
9.41375841498375
5.92630794048309
|FiveLongFeelerGenome
3
6
7
2.73663607239723
-0.584147870540619
0.0134962737560238
3.5884987771511
-1.90630208849906
-1.19042160511016
7.41402981877327
7
-14.0668507635593
-0.248603552579879
3.0226616382599
2.20039619207383
-3.76036562919617
1.85845702290535
-1.76648572683334
7
14.1614143908024
-4.74006543755531
1.79602225422859
-1.39959698319435
-0.961183756589894
2.59654386639595
-0.0340152204036718
7
1.94386975169181
1.49990968704223
2.15891722440719
4.69970180988311
-2.37686617970466
-5.03165696859361
1.28187534213066
7
-7.69313438534737
-7.83445798754692
-0.287349075078964
-0.518950480222701
8.69479648470878
-5.75544825792313
-12.3225593626499
7
-2.31852458119391
-0.94814445376396
2.6106759250164
0.659442836046216
3.04256874322892
-0.930024421215059
3.37486686110497
6
7
2.64185709357261
-3.20286349654198
1.23408747911453
0.00467139482498191
-0.0201326966285688
2.57148273587227
2.22283451557159
7
-1.37741857171059
8.123434060812
-0.820056009292613
3.55386871695519
3.76840134263039
-5.32959824800491
0.944286990165714
7
-2.50488316416741
-2.26334747076035
-1.66651321649551
2.34442445039749
1.61752476096153
-5.43788114786148
-6.19903301000595
7
4.7098802447319
-1.44264307022094
-5.35372737646103
7.98488723635674
-6.05255188345909
4.16124569177628
-3.83643109798432
7
-3.24453120231628
9.01707994341851
-8.2739899814129
-3.02688866853714
-9.46207360625266
2.75616580843925
0.154748332500457
7
6.07344355583191
7.7562547624111
9.75170219540595
3.60197531580925
0.249687480926513
5.66731895804406
-1.9069988489151
2
7
-10.3257934331895
4.35752162337303
3.93225273489951
-3.32626532316208
14.2352477133274
6.14837008118629
-1.69811468720436
7
2.54302359223366
4.09650641083717
2.50048951506614
-1.05114423632622
4.14063606262207
9.52790328860283
5.92630794048309
|FiveLongFeelerGenome
3
6
7
6.09067162275314
-3.46946964859963
0.94133833646774
4.03297190666198
-2.90651049017905
0.250751435756688
11.380360776186
7
-11.9344365537167
-1.93749914169311
3.35437409281732
2.07557292580605
-0.884844857454299
0.243725228309631
-1.43026680350304
7
13.8796221375466
-3.66524060964584
2.02640247941017
-0.805290633440018
-0.769226282835011
2.93515852093697
-0.0340152204036718
7
3.97294263243675
0.175071007013318
1.0075358569622
4.64234915375709
-4.38480915427207
-4.56023321747781
0.434433192014693
7
-4.39742402434349
-7.32534419298172
-0.693120807409286
0.593710482120515
9.58876509070396
-5.5824568092823
-14.3468372404575
7
-1.71152628660201
-0.156341904401778
2.67373667955399
0.681737697124479
3.49908132553101
-0.3364350438118
4.26934084892273
6
7
3.1524265229702
-4.45260837078094
2.39863232374191
1.77047653794289
2.06825610995293
4.37455910444259
1.39462532401084
7
0.130682611465448
6.99993191361427
-0.742811679840098
3.10405752658845
4.27919779419899
-5.72172166705132
2.0899342417717
7
-2.35340816378594
-1.936551040411
-1.68727465867996
2.42288800477982
1.38903009295463
-6.31458269357681
-5.77636765241622
7
4.90899705290794
-1.3508105456829
-4.68357085585594
8.02144163250923
-8.56657680869103
6.58107758760453
-3.32182542681694
7
-1.94124256968498
9.18313241004945
-9.5149914443493
-3.94482383131981
-10.5112395823002
2.49448679685593
0.491583734750747
7
3.71462815999985
10.7443358659744
9.34920177459716
-0.862214010953901
-2.3496935069561
6.51365457177162
-1.23723811507225
2
7
-12.964432412386
5.75862471461296
5.95217651128768
-1.89113855361939
14.7743506431579
4.94077701568603
-2.25050522685051
7
4.75288889408111
-0.328724259138108
6.73541802763938
0.572402960062025
2.67299407124519
8.751102155447
6.08761241436004
|FiveLongFeelerGenome
3
6
7
5.73652898073196
-4.00163415074349
1.0190015733242
3.83278906345367
-3.6744860112667
-0.340313017368312
11.5599242269993
7
-11.1527166962624
-2.13358907699585
3.76001961827279
0.85897564888001
-2.04909759163856
0.764809507131576
-1.35985355973244
7
12.6089860916138
-0.808366733789438
1.08951754570007
-0.541942572593689
-0.874657607078557
2.12358914613724
-1.34669421315193
7
2.41758927702903
2.46095136404037
1.63392385840416
5.0533750295639
-3.61445268988609
-4.94560762643815
1.19767271876335
7
-4.8208523452282
-6.7784990131855
1.25030204057694
1.07598432302475
10.0571736454964
-5.94444974064827
-13.2049495518208
7
-4.31520551443099
-0.0499529778957353
-0.503843474388123
3.92443566322326
1.94336996674538
-1.1359099984169
6.12131714224815
6
7
3.76004374623299
-3.6942360162735
2.14834839105606
0.952653431892395
0.964369529485704
4.78353126645088
1.55430284142494
7
-0.28658984303475
7.44301481842995
-0.858628731966029
2.21480789184571
4.06805709004402
-5.55394328832626
3.2906309902668
7
-3.95858880877495
-2.10483607053757
-1.89746637940407
1.25387574434281
3.03163534998894
-5.43788114786148
-5.75075820684432
7
5.85480684041976
-2.54543706178665
-5.07387398481369
6.86754310131073
-6.77626357078553
5.47377135157586
-2.31724164485931
7
-0.869069355726239
8.62890251874925
-6.86386308073999
-4.06645541191101
-9.17594509720802
3.05574615001678
0.317008262872695
7
5.39592415690422
7.6564381957054
9.64502881169319
4.41280286312104
0.474614042043686
6.57776621580124
-1.64238476753235
2
7
-12.7535808146001
5.28687972426414
6.04436246156692
-2.2754013299942
14.3286977708339
4.13872935771942
-1.88269519209861
7
4.9974609375
-1.31057326197624
6.50072661638259
1.54048872590065
2.74662950634956
8.751102155447
6.10445303916931
|FiveLongFeelerGenome
3
6
7
6.56416119337082
-3.71180608868599
0.555436694622037
3.9211903810501
-3.28459953665733
-0.340313017368312
11.5599242269993
7
-10.8006929814816
-1.20540408492088
3.74099488854409
0.309194898605352
-1.72860651612282
0.932980132102966
-1.27008638978005
7
13.254723405838
-3.08702987432479
2.11966277956962
2.54911100268364
-1.18370954394341
1.05702505707741
0.459089827537536
7
3.56597427725792
1.50437620878219
0.739309304952619
5.24231324791908
-5.27564408183097
-6.19294705986978
1.34335851073265
7
-7.18096278309822
-5.7876961171627
-1.17284469008446
-0.214396804571151
9.24696089625358
-5.67076312303543
-13.3384203493595
7
-2.05080391168593
-0.197487992048262
2.90239213705063
-0.0562262475490595
4.26429481506348
-0.638240438699724
4.18505688309669
6
7
2.01181281208992
-3.05639070868492
2.22517923116683
0.249480259418488
-0.234703123569487
1.77345460057259
2.18176825046539
7
0.197792214155191
8.02908664345741
-0.896321421861659
2.28011567592621
3.0356083214283
-6.00044545531273
1.49263229370118
7
-2.8896374642849
-3.00182618498802
-1.48860674500465
3.44177273511887
1.02857022285461
-5.17039089798927
-6.68024228215217
7
6.39797054529189
-1.03139682412147
-5.48601576685906
7.97230207920075
-8.4677440404892
5.07657642960549
-2.41620517969132
7
-0.340217703580854
8.49507110714914
-6.14053718447686
-2.81019854545594
-9.17594509720802
2.58435614109039
1.15393279194832
7
6.11392152309418
7.96493684649466
9.83775704503059
3.76828421950341
-0.865630888938904
5.78760680556298
-1.62069857120514
2
7
-10.3257934331895
4.35752162337303
4.17838718295097
-2.55089091062546
14.1611131012439
6.14837008118629
-2.19676974415779
7
0.943138307332991
-0.273164105415345
6.87079555392264
0.00741361975669734
3.02646160125732
8.8481396317482
5.69942386746406
|FiveLongFeelerGenome
3
6
7
5.88771564364433
-3.70385509133339
1.3512308716774
3.49905281066894
-3.45172606706619
-0.0248004078865003
11.2768956005573
7
-13.739922529459
-0.248603552579879
3.65132157802583
2.53201521635056
-3.20569696426392
2.14100934267044
-1.76648572683334
7
13.2269090414047
-1.31782465577125
1.50545220375061
-0.482798916101456
-0.347424864768986
2.31733697652817
-1.34669421315193
7
3.41384302973747
0.693485790491102
0.898980277776716
4.52807725071906
-5.16822747588157
-5.5762096464634
1.34335851073265
7
-3.46296788454056
-9.68966727256774
-1.47102570533752
-0.801725298166274
10.1505410909653
-4.72293520569802
-11.7839013576508
7
-1.87415764927863
-1.10049342513084
3.30260166525841
0.71069920659065
1.17451189160347
-0.602818524837495
3.78317472934723
6
7
4.26680472493172
-3.65165526866913
2.29930710196494
1.7608578145504
1.26785302162171
4.55724359154701
2.31541394591331
7
0.163894885778421
6.99993191361427
-0.589361929893504
2.41311878561974
4.29491618275642
-5.13352810740471
1.74331287145615
7
-2.55813595652581
-2.15437555909157
-1.66651321649551
2.48395990133286
1.01779062151909
-5.48709889650345
-6.89611953496932
7
4.48139895200729
-0.677016484737394
-4.9348771750927
7.97230207920075
-7.98702380657197
5.13270033001901
-2.47730396986008
7
-3.24453120231628
9.01707994341851
-8.79133359789849
-3.41160327196121
-9.65444362163543
2.49448679685593
0.32876016497612
7
3.37377103567124
9.90349946022032
8.93188028931617
-1.2773224055767
-2.22412211894989
6.26746596097946
-1.64639243483543
2
7
-11.0556562483311
4.93163222670555
4.45612382888793
-2.88195375204087
15.2967982172966
5.58307994008064
-1.13674522042274
7
4.50561942458153
-0.924977105855942
6.50072661638259
1.20408535599708
2.95350041985511
8.08844460844993
5.87603640556335
|FiveLongFeelerGenome
3
6
7
6.12866357564926
-3.80560138225556
0.260542547702786
3.70518994331359
-4.26428803801536
-0.340313017368312
11.3230182945728
7
-11.3641535699368
-1.79842597842216
3.74099488854409
0.553399443626409
-1.81441152691841
1.23380496501923
-1.54804456830025
7
12.152985239029
-1.92073286771774
0.915157794952391
-0.78220123052597
0.547578072547908
2.13269850015641
-0.861973053216935
7
3.64508671164512
0.769627481698987
0.931594437360761
4.41252117753028
-4.22411894202232
-5.62264090180398
1.53358976840973
7
-6.06612535119057
-7.00541062355041
-0.297287213802337
-0.676924937963485
10.3641007363796
-6.46241418123245
-12.0837658345699
7
-1.04223041534423
0.351290524005891
2.69234210848808
0.499775850772855
2.33770560026169
-0.995727115869524
4.6623312652111
6
7
2.91073835492134
-4.50291860103607
2.289739716053
1.66984105706215
1.85241653323174
4.47833121418953
1.31472616195678
7
-0.458557510375983
6.92681614756584
-1.32031007409097
1.22644485831261
3.63093081712723
-6.14616595506668
0.839141446352009
7
-2.160969465971
-2.62433539628983
-1.20640522241592
2.67792794108391
1.95003506541252
-5.7896548628807
-6.43411096334457
7
6.01167937517166
-3.27046589255333
-5.22829133272171
6.86754310131073
-7.7859946012497
4.33602937459947
-3.24528839588165
7
-0.869069355726239
8.62890251874925
-6.86386308073999
-3.70098998546601
-9.69818578362464
3.56169188022613
0.179075270891189
7
2.77897037267685
9.97653801441191
10.2858868658543
-1.23307067751884
-2.46249089241028
6.26746596097946
-1.05820645689964
2
7
-11.7894492685796
7.06808566451073
5.11796378493308
-2.00076197385788
13.9924445867538
6.44587196111679
-1.34762364029884
7
4.99626002311706
-0.328724259138108
6.66187393069267
1.40660958886146
2.67299407124519
8.751102155447
6.49657232761383
|FiveLongFeelerGenome
3
6
7
2.41134734749794
0.189106649160385
0.690640324354168
4.15149201750754
-3.21963800787925
-0.237108159065242
7.1072182238102
7
-11.1470930695534
-1.82038853168487
3.89267759919167
0.353205299377447
-1.81441152691841
0.580223816633224
-1.16791089177132
7
12.152985239029
-1.92073286771774
0.915157794952391
-0.78220123052597
0.0246428728103593
2.39429548978806
-0.861973053216935
7
3.7986247241497
0.769627481698987
0.931594437360761
4.52807725071906
-5.16822747588157
-5.5762096464634
1.34335851073265
7
-4.8208523452282
-6.93347545862198
0.249614149332047
1.28629890680313
10.860087120533
-5.28515945672989
-13.2049495518208
7
-2.20542820096015
-0.19699414372444
2.69112975001335
1.0582245349884
3.70464115738869
-0.26414323449135
4.26934084892273
6
7
2.19776149392128
-3.30663950443268
1.72138563394546
-0.585489761829376
-0.292209327220915
2.41195781826973
2.53940098285675
7
-0.289142948389059
7.21461737155914
-0.634961414337168
3.79569728970528
4.07189601063728
-5.38871104121208
2.63207572102547
7
-2.55813595652581
-2.1818385720253
-1.76241863965988
3.05394505262375
1.60231320261955
-5.67852886915207
-6.42708609700202
7
5.2270912528038
-2.07388828396797
-5.8795690715313
6.93925902247429
-6.12194635272026
6.26552014946938
-2.19032802581787
7
-1.94078407287597
8.66533691287042
-7.744944781065
-3.82419573664666
-10.001726514101
2.85822159051895
-0.319299119710923
7
5.53978261351586
8.09515217542647
9.4609719634056
4.38327596187592
0.474614042043686
6.57776621580124
-1.64238476753235
2
7
-10.7419930040837
5.36504321098328
5.30836960077285
-2.30079280138016
12.9224652230739
6.34371153712272
-0.977161651849742
7
2.22231652736664
5.38954371213913
2.90995788574218
-1.90879258513451
2.64583484530448
8.79416441321373
7.21990355253219
|FiveLongFeelerGenome
3
6
7
5.65449022054672
-2.67993124127388
0.401219046115872
4.13524854183196
-3.88643071651458
0.690178024768834
9.36459592580795
7
-11.1863394200802
-1.13577363491058
3.59574238061906
0.171460658311849
-1.01951615810394
2.21985661387443
-3.14386113882065
7
11.5269253253937
-1.94477490186691
2.38355515003204
-0.766076648235321
-0.658498811721806
2.40642129182816
-0.779048019647599
7
0.52422099113464
1.07286172509193
1.04109517335892
6.95828310847282
-3.76808175444602
-6.00912197232247
2.15525295138359
7
-5.56249189972878
-6.94235859513283
-0.297287213802337
-0.109263366460799
9.85143317580222
-6.46241418123245
-11.8109868228436
7
-4.31669515967368
0.385390144586564
-0.537951731681825
3.73694068789482
2.88159738183022
-1.1359099984169
6.12131714224815
6
7
3.5402390062809
-4.50291860103607
3.12658692598342
0.770200401544571
2.1133480489254
5.26906087994575
1.23377380371093
7
-0.404317933321005
8.16979386210441
-0.979760956764231
3.55386871695519
4.08397746682167
-5.57589055299759
1.27508833408356
7
-2.78488253951073
-2.51927210688591
-2.90476831197739
3.64772790670395
2.50546497702598
-4.59707759022712
-6.64952065348625
7
5.74795879125594
-2.7846927344799
-5.63265896439552
7.0012553691864
-5.90903968214989
5.11517699360848
-2.77555413246155
7
-1.47034229636192
8.66533691287042
-8.77494372725488
-4.11714581847191
-9.10161100029945
2.79787939786911
0.672657537460327
7
6.01365548968315
7.39423613548277
9.16347224712371
3.94108163714409
-0.537768512964249
6.75769621729851
-1.3773423910141
2
7
-10.0301553308965
4.52328700423241
4.37229376435279
-3.22816721200943
13.1239440560341
4.73199860453605
-0.736987447738643
7
3.97401818633079
4.22195046544075
2.74477910399436
-2.31296985149384
4.41636638045311
9.21635934710502
5.61929798722267
|FiveLongFeelerGenome
3
6
7
2.41134734749794
-0.625772035121918
1.08626214861869
3.5884987771511
-2.71908709406852
-1.23631298542022
7.32804048657417
7
-10.9591913819313
-1.29898655414581
3.17000678777696
0.319235926866536
-1.49222261309624
1.88942899107933
-3.12364214658737
7
13.4201503992081
-4.01569195985794
1.51345064043999
0.644056797027588
-1.33713277578354
2.07340818047524
-0.51414020061493
7
0.561849093437192
1.5122716486454
1.25489444732666
4.55127471089363
-2.62239689826965
-8.71037577986718
1.09173189997673
7
-2.92582960128784
-9.68966727256774
-1.05318102836609
-1.19239776730537
10.0045479536056
-4.82463055253029
-11.2103627443314
7
-2.30776177048682
-1.56352066397667
2.37803114652634
0.595312291383741
1.24347127079964
-0.602818524837495
3.78317472934723
6
7
3.6149522960186
-3.76263079047203
3.39567264318466
1.68824238777161
1.64250413775444
4.1769846022129
1.13558043837547
7
-0.633022958040244
8.27288597822189
-0.615404963493357
3.11761965155602
4.61260645985603
-5.31471522450447
0.445220375061039
7
-2.72323064208031
-2.51927210688591
-2.98367854356766
4.28324577212334
1.98858205676079
-4.85578666329384
-6.95634090304374
7
5.2270912528038
-1.73939679265022
-5.91883024573326
7.42413803935051
-5.87366701364518
7.23469753861428
-1.8176771402359
7
-1.91363446712494
7.96553735136987
-8.93883236646653
-3.29984402656556
-9.62877915501594
1.90669615864754
1.31374039649963
7
7.11505963206292
7.23873875141142
8.69518394470214
3.81191431879997
-0.405126839876175
6.6372964501381
-1.51936621665955
2
7
-10.3822953999043
4.98279767036438
4.31270087361335
-2.58686283826828
12.3262844204902
5.02777099609375
0.0399688959121745
7
4.55425629615783
4.48964585065842
2.96699182391166
-2.06076238155365
3.90961899161338
8.9705501973629
6.84620190262794
|FiveLongFeelerGenome
3
6
7
6.12866357564926
-3.94797654151917
0.260542547702786
3.37683012485503
-3.28459953665733
-0.340313017368312
11.3230182945728
7
-11.9344365537167
-1.93749914169311
3.35437409281732
2.04678967595101
-0.93821096420288
0.243725228309631
-1.43026680350304
7
12.7496074974537
-2.59942854046821
1.66383428573608
0.0986848473548889
-0.985393285751347
1.86356716752053
-0.819849872589112
7
1.92637695670128
2.20031812787056
2.60382980704307
5.0476436138153
-1.73812971711158
-5.03165696859361
0.761733216047286
7
-7.30244482159615
-7.33255974650383
-0.110465919971465
-0.953156632184981
8.32000705599784
-5.43972293138504
-12.2668698370457
7
-1.26133804917335
-0.227321308851241
3.02611061930656
-0.155438584089282
2.33770560026169
-1.03271561861038
4.07867485880852
6
7
3.30854737758636
-2.41305695772171
1.04193059206008
0.0480367064476015
-0.459238797426222
1.95505121946335
1.6401980638504
7
-1.25754521489144
8.123434060812
-0.820056009292613
3.55386871695519
3.76840134263039
-4.97011035680771
1.04596259593964
7
-2.42841395735741
-2.40120291113853
-2.12076033353806
3.4735325217247
0.789609450101852
-6.06457322239875
-5.80312690734863
7
4.88487398028373
-2.26718784570694
-5.91883024573326
7.33667533397675
-5.82847771048546
6.53255943059922
-2.13903024196625
7
-2.66860270500183
9.30189647674562
-8.2739899814129
-3.41160327196121
-9.78118758201598
2.49448679685593
-0.0498192250728611
7
4.02138060331345
9.99475441575049
10.0118052303791
-0.686205309629438
-2.482386302948
6.51365457177162
-0.634281980991363
2
7
-10.4993658125401
4.76915269494057
5.06947404146194
-3.26171320676804
13.1186422586441
6.48228361010551
-1.09524908661842
7
5.32011882662773
-0.867670601606369
6.73541802763938
1.09278998970985
2.67299407124519
8.751102155447
6.08761241436004
|FiveLongFeelerGenome
3
6
7
6.12866357564926
-3.94797654151917
0.260542547702786
3.9211903810501
-3.87514099478721
-0.340313017368312
11.3230182945728
7
-11.3085309386253
-1.26448397636413
4.48205812573434
-0.232570767402644
-1.916366314888
1.13837146759033
-2.69251407980919
7
14.0575536072254
-4.98484796285629
1.43214419484138
-1.28009970784187
-0.45322515368462
2.59654386639595
0.262964808940887
7
1.92637695670128
1.82740266919136
2.60382980704307
5.0476436138153
-1.73812971711158
-5.03165696859361
0.761733216047286
7
-4.39742402434349
-7.32534419298172
-0.693120807409286
0.156836569309236
9.89001607298851
-5.08849239945412
-14.1156028032303
7
-2.05080391168593
-0.197487992048262
2.7599699139595
-0.650646680593493
4.79007430076599
-0.276221472024919
4.32808414101601
6
7
3.89663091301918
-3.65165526866913
2.29930710196494
2.31970283985138
1.06823188662529
4.0192890226841
2.31541394591331
7
-1.37741857171059
8.16979386210441
-0.712546563148509
3.55386871695519
4.05181311368942
-5.45662187337875
1.26710443496704
7
-2.63768011927605
-2.62433539628983
-1.66651321649551
2.6628392636776
1.65573815703392
-5.76618810892105
-6.67870854139327
7
6.01167937517166
-3.27046589255333
-5.17588368654251
7.31756956577301
-7.52490243911743
4.56952087283135
-2.95024527907372
7
-2.48249875903129
9.01707994341851
-9.41371359229089
-3.94482383131981
-9.62263825535774
1.90825518369675
0.491583734750747
7
4.6049461722374
10.5264889776707
9.74520597457885
-0.482962816953657
-2.67461922168732
6.51365457177162
-1.23723811507225
2
7
-10.4993658125401
5.04900208115578
5.64348250627517
-3.10349670648575
12.5111550331115
6.48228361010551
-1.37146454453468
7
4.78255507349968
-0.867670601606369
6.50072661638259
1.09278998970985
2.17846367955207
8.751102155447
6.08761241436004
|FiveLongFeelerGenome
3
6
7
5.64690750837326
-3.46819486618042
0.555436694622037
3.49702212810515
-3.85517656207084
-0.340313017368312
11.3230182945728
7
-12.6090851485729
-0.747320461273193
4.6100213110447
-0.0311558604240366
-1.96045426726341
1.40041665434837
-3.11515797972679
7
12.3404055416584
-2.17079387307167
1.53347799777984
0.465754663944244
-0.985393285751347
1.86356716752053
-0.301049137115479
7
0.787679773569104
1.16501699090004
1.22865639925003
3.72807084321975
-4.14640472531318
-4.65919657349587
-0.296502935886384
7
-7.77235231995583
-7.33255974650383
-0.212128847837448
-1.14971026778221
9.24696089625358
-5.75544825792313
-12.8227881968021
7
-1.2665367424488
-0.227321308851241
3.59067513346672
1.13815175294876
2.33770560026169
-0.998860222101213
4.95817684531212
6
7
2.85588760972023
-3.30663950443268
2.60726677179336
0.100914597511292
-0.264054787158964
2.65173834562302
2.21242067813873
7
-0.1630908548832
7.44301481842995
-0.858628731966029
2.73500466346741
4.31635718941689
-5.32323676347733
2.53076212406159
7
-2.55813595652581
-2.62433539628983
-1.20640522241592
3.070526522398
1.95003506541252
-5.7896548628807
-6.85936990976333
7
6.17196625471114
-2.79965667128563
-5.07387398481369
7.42377345561982
-7.52490243911743
4.39938343763352
-3.45794444084168
7
-0.842484605312345
8.94382910132409
-8.01808800101281
-5.31199495792389
-9.63531503677368
2.38877925872803
1.13008661270142
7
3.37377103567124
10.4118198394775
9.515388995409
-1.33764299750328
-2.22412211894989
6.26746596097946
-1.31365913152695
2
7
-11.0212157726289
4.6770226418972
5.08954703211784
-2.57621997594834
15.163534361124
6.11980550289154
-1.32100790143013
7
0.983808249235152
0.564394283294677
6.12813908457755
0.00741361975669734
3.02646160125732
9.16873856782913
6.43393478989601
|FiveLongFeelerGenome
3
6
7
2.41134734749794
-0.735636818408966
1.38124541640281
3.33712243437766
-2.71908709406852
-0.935321211814876
7.31081305146217
7
-11.1862220644951
-1.38569521903992
3.17000678777696
0.724470502138143
-0.985580867528914
2.03671252131462
-2.25457482933998
7
14.6063961744309
-1.8366373181343
1.79934284687042
-0.719194138050079
-0.933555340766911
2.25548647046089
-0.779048019647599
7
1.92637695670128
2.20031812787056
2.32584616541862
5.0476436138153
-1.73812971711158
-5.03165696859361
0.761733216047286
7
-7.77235231995583
-6.92710945010185
-0.212128847837448
-0.555568784475326
9.24696089625358
-5.75544825792313
-12.8227881968021
7
-1.2665367424488
-0.227321308851241
3.77027139663696
0.879720860719678
2.33770560026169
-0.998860222101213
4.6082140147686
6
7
2.80956872105598
-3.02530433535576
1.38592246770858
-0.30274738073349
-0.234703123569487
1.22827509045601
2.71424539089202
7
-0.1630908548832
7.44301481842995
-0.858628731966029
2.73500466346741
4.3264316380024
-5.32323676347733
2.28770384788514
7
-2.92574364542962
-2.51927210688591
-3.4638209939003
4.60994583964348
1.98858205676079
-4.85578666329384
-6.63701097369193
7
6.01167937517166
-2.89586614966392
-5.44267014265061
7.31756956577301
-7.52490243911743
4.33602937459947
-2.95024527907372
7
-1.54294216632843
9.9524722993374
-9.1416321694851
-4.03089849352837
-10.0327878534794
2.46197355985641
0.326086807250976
7
6.60965163111687
7.39423613548277
8.91700928211211
3.81191431879997
-0.405126839876175
6.6372964501381
-1.3773423910141
2
7
-11.0212157726289
4.6770226418972
5.44520108103752
-2.47333465814591
15.163534361124
6.11980550289154
-1.80541799664497
7
3.84775165915489
-0.742445057630539
6.07455543279647
1.36081877350807
3.10648675560951
8.19168199300766
5.87545799612999
|FiveLongFeelerGenome
3
6
7
6.12866357564926
-3.4737904548645
-0.0837582468986543
3.9211903810501
-3.77897421717643
-0.340313017368312
11.3230182945728
7
-12.6090851485729
-0.747320461273193
4.6100213110447
-0.324400341510768
-1.96045426726341
1.40041665434837
-2.67029451727867
7
12.3404055416584
-2.17079387307167
1.53347799777984
0.465754663944244
-0.985393285751347
1.63985427021981
-0.301049137115479
7
2.83774988055229
1.23190112709999
0.931594437360761
4.03055379986762
-4.22411894202232
-5.45914188027383
1.34335851073265
7
-4.73915855288506
-6.88682254552841
0.905776244401932
0.982844346761705
10.3310090184212
-3.93358231782913
-13.2049495518208
7
-1.72021952271461
-0.98969981074333
1.58370873332024
0.33502314686775
2.66267775297165
-0.518327081203462
4.49448990821838
6
7
3.89663091301918
-4.0837156534195
2.29930710196494
2.41197032928467
1.06823188662529
4.15686753392219
2.02129370570182
7
0.0506869971752106
8.02908664345741
-0.984837538003932
2.7487761259079
3.51958346962929
-5.43210970163345
1.49263229370118
7
-2.46547750830651
-2.62433539628983
-1.20640522241592
2.67792794108391
1.95003506541252
-5.7896548628807
-6.49982057809829
7
5.10329763293266
-2.00103469491005
-5.91883024573326
6.48840700984002
-5.87366701364518
7.23469753861428
-2.19032802581787
7
-0.842484605312345
9.4547916352749
-8.01808800101281
-5.31199495792389
-9.63531503677368
2.38877925872803
1.13008661270142
7
3.37377103567124
9.90349946022032
10.3268305361271
-1.33764299750328
-2.22412211894989
6.51989600062371
-1.50404874682426
2
7
-10.3822953999043
5.3237443447113
4.47900518178939
-2.6308012843132
13.0530930399894
5.02777099609375
0.0399688959121745
7
0.678902739286421
0.0912779331207273
6.16360782980918
0.474165195226668
3.02646160125732
8.8481396317482
5.84078622460365
|FiveLongFeelerGenome
3
6
7
6.12866357564926
-3.94797654151917
0.254333198070523
3.9211903810501
-3.80106939673423
-0.340313017368312
11.7602848827839
7
-13.739922529459
-0.248603552579879
3.65132157802583
2.53201521635056
-3.20569696426392
1.85845702290535
-1.76648572683334
7
12.3404055416584
-2.17079387307167
1.53347799777984
0.465754663944244
-0.985393285751347
1.86356716752053
-0.267811632156373
7
1.92637695670128
2.20031812787056
2.51612893939018
5.0476436138153
-1.73812971711158
-5.03165696859361
0.761733216047286
7
-7.69313438534737
-7.83445798754692
-0.287349075078964
-0.518950480222701
8.6530189692974
-5.75544825792313
-13.2295063555241
7
-1.2665367424488
-0.227321308851241
3.02611061930656
0.325820237398145
2.33770560026169
-1.24669932126999
4.63004941344261
6
7
3.85653617978096
-3.65165526866913
2.29930710196494
2.13907732367516
0.543984478712084
4.0192890226841
2.31541394591331
7
-0.0720647633075776
6.99993191361427
-0.589361929893504
2.11841732859612
4.29491618275642
-5.72172166705132
1.56684540510178
7
-2.55813595652581
-2.62433539628983
-1.20640522241592
2.67792794108391
1.95003506541252
-5.7896548628807
-6.43411096334457
7
6.01167937517166
-3.23576189875602
-5.07387398481369
6.86754310131073
-7.52490243911743
4.33602937459947
-3.24528839588165
7
-3.24453120231628
9.01707994341851
-8.2739899814129
-3.41160327196121
-9.65444362163543
2.49448679685593
0.226812708377838
7
3.26344305276871
9.90349946022032
9.79483161568641
-1.33764299750328
-2.22412211894989
6.26746596097946
-1.50404874682426
2
7
-11.0212157726289
4.37043756842613
5.0498716533184
-2.57621997594834
14.9512918233871
6.11980550289154
-2.24548538327217
7
4.99626002311706
-0.328724259138108
6.73541802763938
1.09278998970985
2.67299407124519
8.751102155447
6.61824934482574
|FiveLongFeelerGenome
3
6
7
5.3729102730751
-3.5502809047699
0.634986650943753
3.99591903090476
-2.51026188731193
-0.886179244518275
11.250643658638
7
-12.9286633431911
-0.886254739761352
4.02479504346848
0.328823196887975
-2.13724021911621
1.06098203063011
-2.67029451727867
7
13.1173237800598
-3.35773575305938
3.20652875900268
1.81741504073143
-0.40165228247643
3.15637111663819
-0.320795345306397
7
1.25400105118751
1.5122716486454
1.25489444732666
4.16581502556801
-2.71117551326751
-8.64661895632745
0.663758343458174
7
-4.88377031683922
-7.49221437573433
-1.02772831320763
0.57686027288437
9.89001607298851
-5.6290064394474
-14.1931452512741
7
-1.2665367424488
-0.522803395986556
3.02611061930656
0.706342798471448
2.89930983185768
-0.930024421215059
3.73986086249352
6
7
1.31149619221687
-4.19328798651695
1.68246113061904
-0.410045111179352
-0.20781430006027
2.31994839310646
2.90272663235664
7
-2.00482926368714
8.36875656843185
-2.98852239847184
3.56941281557084
1.52562746405601
-6.58732208609581
0.482612693309788
7
-2.35340816378594
-2.32307094931602
-2.02332283258438
2.95670417547226
1.38903009295463
-6.23092874288559
-6.13732489347457
7
4.53225683569907
-1.90881602168083
-4.6508662879467
8.00088748931885
-7.6173916220665
5.59745970368386
-2.39660402536392
7
-0.468004864454267
8.91835791468621
-8.56978856921197
-4.5491064786911
-9.35606351494789
1.67468593716621
3.21851134300232
7
6.14713916182518
8.01613978743551
9.86179757714271
3.96786324381829
0.474614042043686
6.13856348395348
-2.19535377025604
2
7
-10.1421726763249
4.43239328861237
4.7977772116661
-3.96300479173661
13.3947670936584
5.82054845690727
-0.740789586305614
7
3.0941083073616
-0.901928204298019
6.9007882297039
1.02019559144974
4.11951354146003
8.43802084326744
5.51723060011864
|FiveLongFeelerGenome
3
6
7
2.41134734749794
-0.0392217040061954
0.607946819066998
3.5884987771511
-2.81385275721549
-0.237108159065242
7.03432601094246
7
-12.7999840438366
-0.886254739761352
4.02479504346848
-0.115136182308192
-2.13724021911621
1.06098203063011
-2.67029451727867
7
13.1173237800598
-3.35773575305938
3.20652875900268
1.81741504073143
-0.40165228247643
3.15637111663819
-0.320795345306397
7
1.25400105118751
1.5122716486454
1.25489444732666
4.16581502556801
-2.71117551326751
-8.20077015757562
0.663758343458174
7
-6.49486272931099
-6.99116732478142
0.0209794342517858
0.82710121870041
9.92675361037254
-6.51798547506333
-11.1910782158375
7
-1.21589783430099
0.491145783662797
0.646966403722762
0.684041160345075
2.82093539834023
-0.0997830986976638
5.16910145282745
6
7
1.31149619221687
-4.19328798651695
1.68246113061904
-0.410045111179352
-0.20781430006027
2.31994839310646
3.02730723023414
7
-0.458557510375983
7.02862986922264
-1.32031007409097
1.74005383849145
3.63093081712723
-6.14616595506668
0.797412639856342
7
-2.35340816378594
-2.32307094931602
-2.02332283258438
3.11898009181023
1.38903009295463
-6.23092874288559
-6.13732489347457
7
4.77422121763229
-0.952238917350766
-4.85733646154404
7.95752446651459
-6.4604174554348
3.92348159551621
-3.83643109798432
7
-0.808279144763944
8.94382910132409
-8.01808800101281
-4.87004301548004
-9.16899275779724
1.85163021087646
1.16847503185272
7
6.14713916182518
8.25763671398161
9.86179757714271
3.96786324381829
0.474614042043686
6.13856348395348
-2.30638871192932
2
7
-10.563784390688
4.30429377555847
5.06947404146194
-3.10349670648575
13.0735439538955
5.83859722018241
-0.740789586305614
7
3.0941083073616
-0.901928204298019
6.9007882297039
1.02019559144974
4.11951354146003
8.43802084326744
5.51723060011864
|FiveLongFeelerGenome
3
6
7
5.3729102730751
-3.5502809047699
0.634986650943753
3.99591903090476
-2.51026188731193
-0.886179244518275
11.250643658638
7
-13.0588976085186
-1.02798130512237
3.56451138257981
0.475956219434743
-2.52133219242096
1.20727428793907
-2.57109941840172
7
13.1752411842346
-3.18446195721626
2.57988390922546
1.78828124403954
-1.07497844099999
1.72298329472542
-0.121885585784913
7
0.655076384544369
1.43314009904861
1.04109517335892
6.95828310847282
-3.49686022996902
-5.44195950627328
2.15525295138359
7
-4.88377031683922
-7.49221437573433
-1.02772831320763
0.57686027288437
9.89001607298851
-5.6290064394474
-14.1931452512741
7
-1.2665367424488
-0.522803395986556
3.02611061930656
0.706342798471448
2.89930983185768
-0.930024421215059
3.76009537577629
6
7
3.0492571413517
-4.50291860103607
2.72006961107253
2.25967369675636
1.85241653323174
4.47833121418953
1.17586755752563
7
-2.00482926368714
8.36875656843185
-2.98852239847184
3.09617973566056
1.52562746405601
-6.58732208609581
0.482612693309788
7
-2.42841395735741
-1.97184869647026
-0.873496091365814
3.56976301074028
0.698681133985519
-6.91786807775497
-5.55052391886711
7
4.53225683569907
-1.37617909312248
-4.6508662879467
8.00088748931885
-7.6173916220665
5.59745970368386
-2.39660402536392
7
-0.468004864454267
8.91835791468621
-8.56978856921197
-4.5491064786911
-8.75681696534156
1.67468593716621
3.06190617084503
7
3.95936206579209
11.3434392035007
9.67620160579681
-1.67329155802727
-2.31067659258843
6.16391352415085
-0.797224587202072
2
7
-10.2935154259206
4.43239328861237
4.7977772116661
-3.96300479173661
13.3947670936584
5.71215652823448
-0.740789586305614
7
4.50561942458153
-0.98922638297081
6.50072661638259
1.20408535599708
2.60889421105385
7.82685441374778
6.08761241436004
|FiveLongFeelerGenome
3
6
7
2.71128613948822
-0.0468962550163272
1.49815039038658
3.80717411041259
-3.97796265482902
-0.977933073043818
8.03013950586319
7
-13.3021761476994
-1.18998281359672
4.03150301575661
2.04424996376038
-3.68147571086883
2.28377009630203
-1.73361479043961
7
12.8743745088577
-1.50078283548355
1.50545220375061
-0.482798916101456
-0.201614332199101
2.19343723058701
-1.34669421315193
7
3.51296481490135
1.34505029320717
0.931594437360761
4.36465740799903
-5.16822747588157
-5.5762096464634
1.93806876540184
7
-3.46296788454056
-9.68966727256774
-1.47102570533752
-0.932030159234999
10.1505410909653
-4.72293520569802
-11.9148220539093
7
-2.44297734498977
0.103372156620027
3.25946816802025
0.681737697124479
3.47233183383942
-0.546464115381242
3.73396821022034
6
7
3.6149522960186
-3.97555668354034
2.39863232374191
1.68824238777161
1.62193316817284
4.1769846022129
1.49985453486442
7
-0.0314750194549622
8.57392992973327
-0.349019819498072
2.17116026878358
3.96914902329445
-5.36608085036278
3.12115486264229
7
-1.92530180215836
-1.69719786047935
-2.49165655374527
4.5393345952034
0.789609450101852
-5.89593464136123
-5.59577183723449
7
4.84012058973312
-0.677016484737394
-4.75798443555832
7.44823491573334
-7.98702380657197
5.13270033001901
-2.74909197688103
7
-1.54294216632843
9.25345587134362
-9.1416321694851
-4.59702426791191
-9.6980867922306
2.46197355985641
0.326086807250976
7
2.77897037267685
9.97653801441191
9.79483161568641
-1.33128916621208
-1.96726105213165
6.78560193777085
-1.56871222853661
2
7
-11.0556562483311
4.93163222670555
3.93405337333679
-2.69112225174904
14.6997888445854
6.14589007496833
-0.968792229890819
7
3.86544088125229
-1.35166386365891
6.39219226241111
0.817776089906691
4.4261971771717
8.59345936179161
5.46578761935234
|FiveLongFeelerGenome
3
6
7
2.96607065796852
-0.167513263225556
1.12300562262535
3.5884987771511
-2.3871067225933
-1.40642898082733
7.31081305146217
7
-10.3891471505165
-1.29898655414581
3.17000678777696
0.319235926866536
-1.49222261309624
2.03671252131462
-2.48606110811234
7
12.3693497955799
-1.92073286771774
0.456072759628295
-0.78220123052597
0.547578072547908
2.58099567294121
-0.861973053216935
7
0.688765072822568
1.74527686238289
0.919378137588499
4.04621875882149
-2.94516162872314
-8.57612671256066
1.09173189997673
7
-5.20144070982933
-6.7283632338047
0.377235013246537
0.982844346761705
9.98908272981643
-4.42068377733231
-13.7641230404377
7
-2.22505639195441
-1.10049342513084
3.11629701852798
0.71069920659065
1.04546394944191
-0.876476442813875
3.78317472934723
6
7
4.51527598500252
-4.50104565024376
0.113712894916528
-0.385300141572952
-0.979225355386732
1.23086517453194
0.210092782974238
7
0.0789798498153626
7.02862986922264
-1.86826763749124
1.77101332545281
4.03607476949692
-6.39362625479698
1.5078913807869
7
-2.51343266963959
-2.86286858916283
-3.07200502753258
3.37614156603813
1.42393657565117
-5.56727257370948
-4.70521614551544
7
5.2270912528038
-2.09885571599006
-5.62426320314408
6.93925902247429
-5.87366701364518
7.23709128499032
-2.19032802581787
7
-0.721955072879788
8.94382910132409
-8.01808800101281
-4.3159150838852
-9.63531503677368
3.06238406300545
0.792236995697021
7
6.60965163111687
7.39423613548277
8.91700928211211
3.81191431879997
-0.706371527910233
6.6372964501381
-1.74358952045441
2
7
-11.5008893728257
6.83316285014153
5.13828141093254
-2.54004791975022
14.1457364618778
6.79059647321701
-1.0690798997879
7
1.89495570659637
4.59444626569748
2.58595476150512
-1.43514322638512
2.92747001051902
8.31841205954551
7.21990355253219
|FiveLongFeelerGenome
3
6
7
4.89740682840347
-3.42788174748421
2.45896036028862
3.03615109920501
-3.4462181687355
0.629318702220922
11.0071395814419
7
-11.0326163172722
-2.0342360496521
3.36343861818314
-0.177006930112834
-1.13555104136467
2.80493366122246
-2.47785047292709
7
14.0547412216664
-4.32023619413375
1.43214419484138
-1.39959698319435
-0.45322515368462
2.61827941536904
-0.0340152204036718
7
0.800285941362378
1.16501699090004
1.22865639925003
3.72807084321975
-4.21250687241554
-4.65919657349587
0.267343461513519
7
-3.8980750977993
-8.31603211164474
-0.693120807409286
0.593710482120515
9.3526212632656
-5.08849239945412
-14.3468372404575
7
-2.05080391168593
0.178909474611284
2.19474529027939
-0.173052185773852
4.26429481506348
-0.963766342401506
4.12209041714668
6
7
3.30854737758636
-2.21125572323799
1.28662337064742
0.0480367064476015
-0.227060991525648
2.47805551290512
1.6401980638504
7
-0.383535176515585
6.99619477391243
-1.17421653270722
2.41311878561974
4.58984065651894
-6.00019039511681
1.83211015462876
7
-1.96318330168725
-2.50817677378654
-2.12076033353806
3.4735325217247
1.2080111682415
-6.06457322239875
-5.31081473827362
7
4.39146040678024
-1.92256652712822
-5.72802664041519
7.95432789921761
-7.03972653746605
5.14786838293076
-2.24249981641769
7
-0.869069355726239
8.93303521275521
-6.60675703883172
-3.74528906345368
-9.53623879551887
2.39933371543884
-0.289336484670639
7
4.02138060331345
10.8734461605549
10.2561437249184
-0.93772363066673
-1.91581535339356
6.70208424329758
-0.928616780042648
2
7
-10.0301553308965
4.22875456213951
4.31270087361335
-2.42955213785172
12.3093615412712
4.24644667506218
0.0399688959121745
7
1.98749599456787
4.25462513566017
2.90995788574218
-1.01983155608177
3.24301857948303
8.24656404852867
7.07029300928116
|FiveLongFeelerGenome
3
6
7
2.73663607239723
-0.0904277205467228
0.0874354779720272
3.5884987771511
-1.90630208849906
-1.19042160511016
6.69122477173805
7
-12.5368305146694
-1.41715223789215
3.74442859888078
0.475956219434743
-2.32934374809265
1.00740630030632
-3.10465516448021
7
12.7213048279286
-2.84285181164741
1.8946266412735
0.676536792516708
-0.985393285751347
1.81897597908974
-0.278333902359009
7
3.17616222500801
1.89042285084724
1.25744835734367
5.56167430877685
-2.56290346384048
-5.37920561432839
2.15284840464592
7
-4.95964221358299
-6.88682254552841
-0.1612662255764
0.719095528125764
10.4188667416573
-4.42068377733231
-13.2049495518208
7
-5.53474664092063
0.0652798891067518
-1.5726065993309
3.57957198023796
2.52354944348336
-2.27945545315743
6.55531420707703
6
7
3.23620761036873
-3.33319015502929
2.09810768365859
-0.0565982878208158
-0.0262359023094159
2.4425595164299
2.21242067813873
7
0.0352496147155701
7.16249305605888
-2.02530739903451
1.43913621902466
3.83388892412186
-6.39362625479698
0.343046146631244
7
-2.72467216849328
-2.07505230307579
-3.2452113032341
4.58030928969383
1.90760679244995
-4.85578666329384
-6.1613667666912
7
3.76299421191215
-1.87966040968895
-6.91778208613396
7.9153818666935
-7.63901070952416
5.22515498399735
-2.40706322789192
7
-0.923701286315915
6.24907618165017
-8.56845154166222
-6.12230954170227
-7.20676982402801
3.27739063501358
2.02164171338081
7
6.24478106498719
7.42319419384001
8.91700928211211
3.64489443302155
-0.760772377252579
6.43839226961136
-1.50009837150574
2
7
-10.4993658125401
4.38872161507607
4.63337460756301
-2.51807633638382
12.9478911876678
6.45186299681663
-1.17009237408638
7
4.22958557009697
-0.867670601606369
6.50072661638259
1.09278998970985
3.24423742890358
8.751102155447
6.08761241436004
|FiveLongFeelerGenome
3
6
7
5.79651089906692
-2.67993124127388
0.401219046115872
4.13524854183196
-3.88643071651458
0.38907681703568
9.36459592580795
7
-10.8015238940716
-2.10992319583893
3.99490430951119
0.913318705558782
-1.81441152691841
0.544663375616073
-2.35794290900231
7
13.8869745731354
-4.02993019819259
1.96453790068626
-0.488979512453079
-1.12413210272789
2.5892826795578
-0.1311214864254
7
0.729451090097424
3.26384938955307
1.12251482605934
3.88866050839424
-3.34623620510101
-5.55142181515695
0.542474430799484
7
-7.41754792332649
-7.63319146037102
-1.30331656336784
-0.0501863181591024
8.86043369174003
-6.10294789075852
-12.6531028747559
7
-2.49899683594703
1.00829254388809
1.73852692842483
0.335027492046354
2.84469544291497
-1.23967180848122
5.24147188663483
6
7
4.20095182657242
-4.25114772319794
2.81831399202346
-0.0160069882869721
1.33965586423874
3.50971422791481
0.354348921775813
7
-0.289142948389059
7.21461737155914
-0.634961414337168
4.1749839603901
3.63081446290016
-5.35788273215294
2.63207572102547
7
-3.35262972712517
-2.12756806015968
-3.35653628110886
3.38544167876244
0.493869727849959
-4.26077204942703
-6.09896808862686
7
6.13723915815353
-2.87950252890587
-5.19831576943398
7.0012553691864
-6.28919009566307
5.03213887810708
-2.33873314857483
7
-1.71427876353264
8.66533691287042
-8.02619456648828
-3.82419573664666
-9.40213871598243
2.85822159051895
-0.319299119710923
7
4.18629575967789
10.591180229187
10.8643383741379
-2.21777390837669
-2.55130605697632
6.35502284765244
-1.23723811507225
2
7
-10.7419930040837
4.91618454456329
5.20428150892257
-2.30079280138016
12.9224652230739
6.55041651129722
-0.934070998430248
7
4.06395204663276
2.65153847336769
3.41350715160369
-0.0927431583404552
2.60645318627357
9.74134997725487
7.92388317584991
|FiveLongFeelerGenome
3
6
7
4.84405089616775
-2.71009808182716
1.07608679533004
5.05015345215797
-3.65428659915923
2.20743564367295
9.42463291883469
7
-13.0796732127666
-0.344548654556274
3.7599379181862
0.800474846363073
-2.14205982685089
1.31898686289787
-3.02615212798119
7
13.5122596740723
-3.561145311594
2.29577989578247
0.721571868658066
-0.40165228247643
2.39287467002869
0.953070402145385
7
3.92412950396537
0.54291515946388
1.50548731684685
5.02417532205581
-4.98559572100639
-4.59720543026925
0.624015802145003
7
-6.04026399254799
-7.65877445936203
-0.484096920490264
-0.109263366460799
10.1111912429333
-7.01250678300858
-11.7346601486206
7
-1.2665367424488
0.234704571962358
3.16285335421562
0.848854857683179
2.89930983185768
-0.83068484067917
3.73986086249352
6
7
3.27722352147102
-4.27030448913574
2.72006961107253
-0.316831016540527
1.68776525259018
4.63459621071815
0.76959251761436
7
-0.501971387863165
7.57445139288902
-1.59328801631929
2.01746062636376
4.59004239439964
-7.88701686263084
1.89836844205857
7
-2.65786449313164
-2.57243821024895
-2.08954643011093
2.94215208292008
1.62217183113098
-6.45225268602371
-6.48591264486312
7
5.27588478326797
-2.85823819041252
-5.05262795686722
6.72171096801758
-6.9708174943924
4.25248593091966
-2.91611182689667
7
-1.29553593993187
9.19969683885576
-7.65681497454644
-4.17175514698029
-8.45566332936286
3.43038122653961
0.261471784114837
7
4.75419749617577
10.9245858907699
9.50180552005767
-1.33764299750328
-0.874051380157471
6.4965238749981
-1.81296018958092
2
7
-10.4993658125401
4.3057653427124
4.46133922338485
-3.50357471704483
13.3947670936584
5.82054845690727
-0.740789586305614
7
4.10646920800209
2.45818186998367
3.62326698303222
-0.348469901084901
2.79990311264991
8.55081889033318
8.75642958879471
|FiveLongFeelerGenome
3
6
7
5.10393513441086
-4.46938129067421
1.58044673204422
3.54795341491698
-2.84813639521598
0.181243026256566
11.4318904459476
7
-13.5468878805637
-0.977463883161544
4.53248295783997
1.88894110321999
-2.87443463802338
1.5904218018055
-2.02036281824112
7
12.3045964956284
-1.94477490186691
2.333540391922
-0.766076648235321
-0.919180917739873
2.40642129182816
-0.352403193712235
7
1.95461153388023
1.49990968704223
2.33057709932327
5.38919602036476
-2.13291778564453
-4.49947238564492
1.28187534213066
7
-2.76920016407967
-9.68966727256774
-1.05318102836609
-1.19239776730537
9.60191748142242
-3.86819301247597
-11.3437163829803
7
-2.14118369817733
-0.284133857488631
2.50337227582931
0.681737697124479
3.65794498920441
-0.3364350438118
4.62628264427185
6
7
2.64185709357261
-3.69068021178245
1.21792126893997
0.00467139482498191
-0.0130499660968763
2.17528613209724
2.22283451557159
7
-0.424724894762045
8.16979386210441
-1.54314129352571
3.55386871695519
4.08397746682167
-5.80448220968246
1.15763597488404
7
-2.22011662721635
-2.32307094931602
-1.878988301754
3.46177779436112
1.94855348467827
-5.96053382158279
-5.77636765241622
7
4.89579852819442
-1.87211980819702
-5.88857185244561
7.10900864601136
-5.44215344190598
5.77387266755105
-2.19032802581787
7
-1.32371327877044
8.7406057059765
-9.54142436385156
-3.82419573664666
-9.15675178170203
2.79787939786911
0.672657537460327
7
4.66902951002121
10.7513916313648
10.8033714592457
2.21085306406021
0.00718345642089746
5.04335170388222
-1.12053368091583
2
7
-10.0301553308965
4.86093778014183
4.37229376435279
-3.13865681886673
13.5147167861461
5.46379704475402
0.114935135841374
7
4.08036763072014
4.22195046544075
2.74477910399436
-2.31296985149384
3.90961899161338
8.71760722994804
5.44523614048958
|FiveLongFeelerGenome
3
6
7
5.64690750837326
-4.33437440991402
0.671549808979031
4.03297190666198
-3.07230921983718
-0.427917754650111
12.6179115593433
7
-13.6322771131992
-0.713086622953414
4.09971988797189
2.14857444763184
-2.82817105650902
2.1070591032505
-2.08694295287132
7
13.471548819542
-4.02103427648544
1.51345064043999
0.151270931959152
-1.69094861745835
2.07340818047524
-0.51414020061493
7
1.55208775997162
1.07159586548805
1.25489444732666
4.55127471089363
-2.7471538066864
-8.64661895632745
1.09173189997673
7
-6.22047696709633
-6.73519582152366
-0.298433321714401
0.507352882623674
9.24696089625358
-5.3519767165184
-12.8227881968021
7
-2.30776177048682
-0.732448571920393
2.13812872171402
0.328960210084913
1.2116823732853
-0.602818524837495
3.78317472934723
6
7
4.07446058392525
-4.86121425032616
0.0774355530738768
-0.897998440265655
-1.48601106405258
0.97408486008644
0.571749615669246
7
-0.633022958040244
8.27288597822189
-0.615404963493357
3.36273663043976
4.61260645985603
-6.05316067934036
1.1009202003479
7
-2.54632123708726
-3.50712904334068
-2.7097251355648
2.13004463911057
1.78182086348534
-5.57238293290138
-3.89595232605934
7
5.49289430379867
-0.857385528087613
-4.9348771750927
7.97230207920075
-8.02291312217713
5.00115843415261
-2.69096722006798
7
-1.91363446712494
8.2848348081112
-8.93883236646653
-3.29984402656556
-9.29722943902015
1.88085175156593
1.31374039649963
7
5.81627795100212
7.4544365108013
9.59231466054916
3.96786324381829
0.474614042043686
6.13856348395348
-1.72825171947479
2
7
-11.4777790129185
4.82407407164574
5.54357537031173
-1.79546394348145
14.4687115848064
5.8081350326538
-1.92500712871551
7
4.50586531162262
4.48282552957535
3.45772835612296
-2.06076238155365
3.34864849448204
8.9705501973629
7.49636686444282
|FiveLongFeelerGenome
3
6
7
6.12866357564926
-3.94797654151917
0.260542547702786
4.15278525352477
-3.80106939673423
-0.340313017368312
11.3230182945728
7
-14.1438427507877
-0.158056825399398
3.65132157802583
2.53201521635056
-3.20569696426392
1.85845702290535
-1.76648572683334
7
12.644303560257
-1.92073286771774
0.915157794952391
-0.78220123052597
0.631190681457515
2.00316661596298
-0.861973053216935
7
3.41384302973747
0.859292441606519
0.898980277776716
4.52807725071906
-5.16822747588157
-5.5762096464634
1.34335851073265
7
-6.06612535119057
-7.18676269650459
-0.297287213802337
-0.676924937963485
9.85143317580222
-6.46241418123245
-11.8616945385933
7
-1.04223041534423
0.092594558000566
3.02611061930656
0.325820237398145
2.33770560026169
-0.995727115869524
4.63004941344261
6
7
4.26680472493172
-3.65165526866913
2.29930710196494
1.7608578145504
1.26785302162171
4.0192890226841
2.31541394591331
7
0.163894885778421
6.99993191361427
-0.589361929893504
2.41311878561974
4.29491618275642
-5.72172166705132
1.62942084074021
7
-2.55813595652581
-2.56268342733383
-1.20640522241592
2.67792794108391
1.95003506541252
-5.7896548628807
-6.43411096334457
7
6.01167937517166
-3.27046589255333
-5.07387398481369
6.86754310131073
-8.06526198387146
4.33602937459947
-3.24528839588165
7
-3.24453120231628
9.01707994341851
-8.79133359789849
-3.41160327196121
-9.12205188274383
2.49448679685593
0.154748332500457
7
3.37377103567124
9.90349946022032
9.47107411026954
-1.33764299750328
-1.64182269573212
6.26746596097946
-1.64639243483543
2
7
-11.0556562483311
4.93163222670555
4.45612382888793
-2.88195375204087
15.2967982172966
5.58307994008064
-1.13674522042274
7
4.99626002311706
-0.328724259138108
6.73541802763938
0.493875032663344
2.67299407124519
8.751102155447
6.08761241436004
|FiveLongFeelerGenome
3
6
7
5.88771564364433
-3.70385509133339
1.3512308716774
3.49905281066894
-3.45172606706619
-0.340313017368312
11.2768956005573
7
-11.3641535699368
-1.53543323874473
3.74099488854409
1.0855804681778
-1.81441152691841
1.23380496501923
-0.783594399690629
7
13.2269090414047
-1.30512979626655
1.50545220375061
-0.482798916101456
-0.347424864768986
2.31733697652817
-1.76620386242867
7
2.6983424603939
0.769627481698987
0.931594437360761
4.41252117753028
-4.35352651476859
-5.99791713356973
1.53358976840973
7
-3.46296788454056
-9.68966727256774
-1.47102570533752
-0.559167289733885
10.1505410909653
-4.37329817414284
-11.3207729816437
7
-1.87415764927863
-1.10049342513084
3.30260166525841
0.729026991128919
1.04546394944191
-0.602818524837495
4.01183524727821
6
7
2.91073835492134
-4.50291860103607
2.289739716053
1.82999595403671
1.85241653323174
4.47833121418953
1.3761711359024
7
-0.458557510375983
6.92681614756584
-1.32031007409097
1.74005383849145
4.05917259454727
-6.14616595506668
1.18779557347298
7
-2.55813595652581
-2.15437555909157
-1.66651321649551
2.48395990133286
1.01779062151909
-5.48709889650345
-6.68289042711257
7
4.48139895200729
-0.677016484737394
-4.9348771750927
8.11122126579285
-7.98702380657197
5.13270033001901
-2.77547225356102
7
-0.629006373882291
8.62890251874925
-6.86386308073999
-3.70098998546601
-9.69818578362464
3.05574615001678
0.179075270891189
7
2.77897037267685
10.350240111351
9.79483161568641
-1.78941368460655
-1.96039624214172
6.84611386060715
-1.05820645689964
2
7
-11.7894492685796
7.06808566451073
5.11796378493308
-2.00076197385788
13.9924445867538
6.44587196111679
-2.01225607991218
7
4.85444650053978
-0.924977105855942
6.01406060457229
1.20408535599708
2.95350041985511
8.08844460844993
5.87603640556335
|FiveLongFeelerGenome
3
6
7
5.07089103460312
-2.45485177636147
0.0519139647483793
4.16734405159949
-3.8020069360733
0.653862988948827
10.0893184304237
7
-12.8877709031105
-1.49420421719551
4.48205812573434
1.06978969573975
-1.60826561450958
2.07476527094841
-2.09387628436089
7
14.4940706253052
-3.82091845273971
2.54038514494896
1.12868014574051
-0.449881350994115
2.77255845069886
1.10788326859474
7
3.41384302973747
0.859292441606519
0.898980277776716
4.52807725071906
-5.6512381017208
-5.5762096464634
1.35901266932487
7
-8.15577581524849
-7.33255974650383
-0.287349075078964
-0.573668473958968
9.24696089625358
-5.75544825792313
-12.8227881968021
7
-1.04223041534423
0.092594558000566
3.02611061930656
0.325820237398145
2.33770560026169
-0.995727115869524
4.63004941344261
6
7
4.24790180325508
-3.65165526866913
2.29930710196494
2.13907732367516
1.08214682936669
3.49912379384041
2.31541394591331
7
-0.288530403375632
6.99993191361427
-0.819953727722178
2.41311878561974
4.23627486824989
-5.72172166705132
1.62942084074021
7
-2.55813595652581
-2.56268342733383
-0.702963030338287
2.67792794108391
1.95003506541252
-5.7896548628807
-6.43411096334457
7
4.63935374021529
-1.54215136170387
-3.81388065814972
8.37475924491883
-7.55039903521538
4.51042039990426
-2.17773632407188
7
-3.15982732772827
9.01707994341851
-8.83338219523431
-3.35501195192337
-9.78118758201598
2.31364861726761
-0.0498192250728611
7
4.48602530360222
7.53693632483481
9.23732647895812
3.65687993764878
-2.18718608021736
6.32781916856766
-1.52659916877747
2
7
-11.0556562483311
4.93163222670555
4.45612382888793
-2.88195375204087
15.2967982172966
5.3462071955204
-1.13674522042274
7
2.62699157595634
-0.10962662100792
5.28948558568954
1.7337270796299
3.20633516907692
9.41590820550918
6.18658170700073
|FiveLongFeelerGenome
3
6
7
6.12866357564926
-3.94797654151917
0.348365437984463
4.23119266033172
-3.80106939673423
-0.340313017368312
11.3230182945728
7
-14.1438427507877
-0.158056825399398
3.31191442012788
2.69117905497551
-3.20569696426392
1.77160001397133
-2.26639584302902
7
12.644303560257
-2.4328891634941
0.915157794952391
-0.78220123052597
0.631190681457515
2.5665841460228
-0.861973053216935
7
1.47879380583763
2.20031812787056
3.28367702364921
4.97322096824645
-2.64989002346992
-5.03165696859361
1.23952905535698
7
-6.06612535119057
-7.18676269650459
-0.297287213802337
-0.676924937963485
9.85143317580222
-6.46241418123245
-11.8616945385933
7
-1.2665367424488
-0.227321308851241
3.02611061930656
0.325820237398145
2.19859901666642
-0.602966654300691
4.04841739535332
6
7
4.26680472493172
-3.65165526866913
1.77058233618736
1.7608578145504
1.26785302162171
4.0192890226841
2.60794751644134
7
0.171696108579629
7.58972120881081
-0.33109729886056
2.88213829398156
3.98191333413124
-5.71980444192886
2.09577834606171
7
-3.04140897393227
-2.10483607053757
-2.78520811200142
2.06007467508316
1.7575432240963
-5.57565613985061
-5.62253838777542
7
6.01167937517166
-3.03912230730057
-5.07387398481369
6.86754310131073
-8.06526198387146
4.33602937459947
-3.24528839588165
7
-3.24453120231628
9.01707994341851
-8.81893782019616
-3.41160327196121
-8.59042346477508
2.49448679685593
0.154748332500457
7
3.37377103567124
9.90349946022032
9.47107411026954
-1.33764299750328
-1.64182269573212
6.26746596097946
-1.64639243483543
2
7
-10.7419930040837
5.57651257514954
5.46176041364669
-2.30615421533585
14.3741036355495
6.73399302959442
-1.25009444355964
7
4.99626002311706
-0.328724259138108
6.73541802763938
0.874611669778822
2.67299407124519
8.751102155447
6.08761241436004
|FiveLongFeelerGenome
3
6
7
5.88771564364433
-3.9436592400074
0.828956139087674
4.01937589645385
-3.0731221795082
-0.340313017368312
11.2768956005573
7
-12.5521557450295
-1.49420421719551
4.41483903527261
1.06978969573975
-1.60826561450958
2.11816548705101
-2.09387628436089
7
14.4940706253052
-3.82091845273971
2.49222361445427
1.12868014574051
-0.449881350994115
2.77255845069886
0.188934141397476
7
3.41384302973747
0.769627481698987
0.83926092982292
4.52807725071906
-3.67633447051048
-5.90829945206643
1.34335851073265
7
-7.69313438534737
-7.79791156649589
-0.287349075078964
-0.573668473958968
9.24696089625358
-5.29662357568741
-12.8227881968021
7
-5.41841637492179
0.100095534324647
-1.51955182552338
4.5535271346569
2.76991559863091
-2.34423552155495
6.91449655890465
6
7
2.31871359944343
-3.02530433535576
1.33525289297103
-0.784937036037445
-0.234703123569487
1.49918585419655
2.71424539089202
7
0.171696108579629
7.58972120881081
-0.33109729886056
2.88213829398156
3.98191333413124
-5.71980444192886
2.09577834606171
7
-2.55813595652581
-2.01836674809456
-1.66651321649551
2.48395990133286
1.01779062151909
-5.40358384847641
-6.5932266831398
7
5.07379252910613
-1.33919321894645
-4.65503358244896
8.16814294457436
-8.21840254664421
5.96342099905015
-3.33108205199242
7
-1.21771386265754
7.23621467947961
-7.45617958903314
-2.80309598445893
-11.3451488792896
1.65992994308472
2.02560158371925
7
4.48602530360222
7.7425053834915
9.23732647895812
3.50359061956406
-1.66954577565193
6.40554851293564
-1.52659916877747
2
7
-10.7419930040837
5.65536572933197
5.46176041364669
-2.30615421533585
13.8623098313808
6.73399302959442
-1.25009444355964
7
4.53266617655754
4.61893900036812
2.94441034197807
-2.31296985149384
3.88136946558952
8.9705501973629
5.19677796959877
|FiveLongFeelerGenome
3
6
7
5.07089103460312
-2.45485177636147
0.0519139647483793
4.16734405159949
-3.97100548744201
0.653862988948827
10.0893184304237
7
-13.1400840342045
-0.977463883161544
3.07221984863282
1.34719047546387
-1.96050374507904
2.01720681786537
-1.74983421564102
7
13.0591132640839
-1.51702715158462
1.32542870044708
-0.223927390575409
-0.347424864768986
2.58194254636765
-1.64469972252846
7
1.47879380583763
2.20031812787056
3.13445214629173
5.17378690242767
-2.64989002346992
-5.03165696859361
1.23952905535698
7
-3.62821082472801
-8.62675218582153
-1.54164424538612
-1.23126177787781
9.06021289825439
-4.55961292386055
-10.7825779259205
7
-1.2665367424488
-0.227321308851241
3.02611061930656
0.325820237398145
2.19859901666642
-0.602966654300691
4.22410573363304
6
7
4.21286793351173
-3.65165526866913
2.00218307375907
2.13907732367516
1.52937106490135
3.49912379384041
2.31541394591331
7
-0.529958182573325
6.91368508934975
-0.858628731966029
2.69114938378335
4.49608879685402
-5.80570880174637
3.4621527671814
7
-3.04140897393227
-2.25714241266251
-2.59080762863159
2.36620355844498
1.7575432240963
-5.57565613985061
-5.62253838777542
7
4.63935374021529
-1.54215136170387
-4.06388283371926
8.87575182914735
-6.97532126307488
4.51042039990426
-2.17773632407188
7
-2.66860270500183
9.01707994341851
-8.83338219523431
-3.35501195192337
-9.78118758201598
2.31364861726761
-0.0498192250728611
7
3.95936206579209
11.5614194869995
10.1396857500076
-1.5968767106533
-2.23406383395195
5.59164799451828
-0.793845289945602
2
7
-10.7638293504716
4.35752162337303
3.97912709116935
-2.88195375204087
15.0114546835422
5.75460205674171
-1.50535628795623
7
3.0752306163311
-0.10962662100792
5.28948558568954
1.7337270796299
2.67625012993812
9.41590820550918
6.18658170700073
|FiveLongFeelerGenome
3
6
7
5.65069342851639
-3.46819486618042
0.555436694622037
3.51065940856933
-3.6064527451992
-0.340313017368312
11.3230182945728
7
-11.3085309386253
-1.26448397636413
4.48205812573434
-0.794882512092585
-2.24568593502045
0.86218563914299
-3.19739250540733
7
14.1846359014511
-2.42910109758377
1.79934284687042
-0.766076648235321
-1.31980488300324
2.61148198246956
-0.779048019647599
7
3.40930067300796
2.1517238676548
1.25744835734367
5.85019280910491
-2.37075802087783
-5.01689639687539
1.59418103098869
7
-4.73915855288506
-6.88682254552841
0.905776244401932
0.982844346761705
10.3791658997536
-4.42068377733231
-13.2049495518208
7
-2.57189704179763
-0.614061087369917
2.7599699139595
-0.587321871519091
4.79007430076599
-0.276221472024919
4.32808414101601
6
7
3.6149522960186
-3.43687999248505
2.2522734761238
1.68824238777161
1.27635700106621
4.68245783448219
1.13558043837547
7
-1.76622572541238
8.16979386210441
-0.712546563148509
3.01083125472069
4.14402724504471
-5.45662187337875
1.26710443496704
7
-2.3998527944088
-2.51927210688591
-2.98367854356766
4.60994583964348
1.98858205676079
-4.85578666329384
-6.95634090304374
7
5.46579081416129
-2.09885571599006
-5.91883024573326
6.93925902247429
-5.61620443463326
7.23469753861428
-2.19032802581787
7
-1.54294216632843
9.35511810183526
-9.1416321694851
-4.03089849352837
-9.40358698368072
2.60634828805923
0.326086807250976
7
6.60965163111687
7.39423613548277
8.91700928211211
3.23332120776177
-0.405126839876175
6.6372964501381
-1.3773423910141
2
7
-10.4993658125401
4.98161533474922
5.64348250627517
-2.53608919382096
12.7227490663528
6.00876099467277
-1.37146454453468
7
3.84775165915489
-0.914116805791855
6.07455543279647
0.918370443582533
3.10648675560951
8.59762181043625
5.87545799612999
|FiveLongFeelerGenome
3
6
7
2.41134734749794
-0.625772035121918
1.31961140036583
3.33665172457694
-2.71908709406852
-0.935321211814876
7.31081305146217
7
-10.9591913819313
-1.29898655414581
3.17000678777696
0.319235926866536
-0.695989072322845
2.03671252131462
-2.44081910848618
7
14.0575536072254
-4.8079223036766
0.883193141221999
-1.28009970784187
-0.522569698095326
2.59654386639595
-0.0340152204036718
7
0.787679773569104
1.16501699090004
1.82475997209549
3.72807084321975
-4.14640472531318
-4.83270567059518
0.0521948933601372
7
-4.39742402434349
-7.32534419298172
-0.693120807409286
0.156836569309236
10.0552806138992
-5.08849239945412
-14.1156028032303
7
-2.24676733613013
-0.98969981074333
1.58370873332024
0.468899637460706
2.66267775297165
-0.518327081203462
4.49448990821838
6
7
2.85588760972023
-3.30663950443268
2.60726677179336
0.100914597511292
-0.0262359023094159
3.00565174818039
2.21242067813873
7
0.0506869971752106
7.53092232346535
-1.28423464894296
2.7487761259079
3.51958346962929
-6.00044545531273
1.49263229370118
7
-2.94335338473321
-2.62433539628983
-1.66651321649551
3.14069783091545
1.65573815703392
-5.76618810892105
-6.67870854139327
7
5.6945509314537
-2.79965667128563
-5.07387398481369
6.86754310131073
-7.52490243911743
3.96745938062669
-3.45794444084168
7
-2.12838107943535
9.43367492556573
-9.41371359229089
-3.94482383131981
-9.28625076413154
2.37610417604446
0.491583734750747
7
4.6049461722374
10.5264889776707
9.74520597457885
-0.482962816953657
-2.67461922168732
6.51365457177162
-1.23723811507225
2
7
-10.3822953999043
5.3237443447113
4.55155693292617
-2.6308012843132
12.7126514792442
5.02777099609375
0.0399688959121745
7
4.78255507349968
-0.867670601606369
6.50072661638259
1.09278998970985
2.67299407124519
9.05435971617698
5.77603814601898
|FiveLongFeelerGenome
3
6
7
4.84405089616775
-2.71009808182716
1.07608679533004
5.05015345215797
-3.65428659915923
2.20743564367295
9.42463291883469
7
-13.0796732127666
-0.344548654556274
3.7599379181862
0.800474846363073
-2.14205982685089
1.31898686289787
-3.02615212798119
7
13.5122596740723
-3.561145311594
2.29577989578247
0.721571868658066
-0.40165228247643
2.39287467002869
0.953070402145385
7
3.92412950396537
0.54291515946388
1.50548731684685
5.02417532205581
-4.98559572100639
-4.59720543026925
0.624015802145003
7
-6.04026399254799
-7.65877445936203
-0.484096920490264
-0.109263366460799
10.1111912429333
-7.01250678300858
-11.7346601486206
7
-1.2665367424488
0.234704571962358
3.16285335421562
0.848854857683179
2.89930983185768
-0.83068484067917
3.73986086249352
6
7
3.27722352147102
-4.27030448913574
2.72006961107253
-0.316831016540527
1.68776525259018
4.63459621071815
0.76959251761436
7
-0.501971387863165
7.57445139288902
-1.59328801631929
2.01746062636376
4.59004239439964
-7.88701686263084
1.89836844205857
7
-2.65786449313164
-2.57243821024895
-2.08954643011093
2.94215208292008
1.62217183113098
-6.45225268602371
-6.48591264486312
7
5.27588478326797
-2.85823819041252
-5.05262795686722
6.72171096801758
-6.9708174943924
4.25248593091966
-2.91611182689667
7
-1.29553593993187
9.19969683885576
-7.65681497454644
-4.17175514698029
-8.45566332936286
3.43038122653961
0.261471784114837
7
4.75419749617577
10.9245858907699
9.50180552005767
-1.33764299750328
-0.874051380157471
6.4965238749981
-1.81296018958092
2
7
-10.4993658125401
4.3057653427124
4.46133922338485
-3.50357471704483
13.3947670936584
5.82054845690727
-0.740789586305614
7
4.10646920800209
2.45818186998367
3.62326698303222
-0.348469901084901
2.79990311264991
8.55081889033318
8.75642958879471
|FiveLongFeelerGenome
3
6
7
5.90578271746635
-3.68609709739685
1.12988468408584
4.03297190666198
-3.07230921983718
-0.340313017368312
12.0796267569065
7
-13.6315145075321
-1.18964084982872
3.98456895351411
2.40198959112168
-2.54531271457672
1.5904218018055
-2.55468546152115
7
13.5122596740723
-3.561145311594
3.20652875900268
1.81741504073143
-0.40165228247643
2.77255845069886
-0.712418603897095
7
2.41695892214775
1.39737361073494
2.44508074522018
5.17378690242767
-2.90929856300353
-4.60685766339303
1.28187534213066
7
-3.21266043782234
-9.68966727256774
-1.05318102836609
-1.06652620434761
9.60191748142242
-4.63675311207771
-11.3207729816437
7
-2.30776177048682
-1.10049342513084
1.86138905286789
-0.00496701598167659
1.6965524494648
-0.765588629245759
4.01478224396706
6
7
4.05580907464027
-4.89268628954887
-0.290903055667883
-0.897998440265655
-0.865437734127043
0.97408486008644
0.0841712236404371
7
-1.50968246459962
8.59405323863029
-2.98852239847184
4.20433982610703
1.30748469233513
-6.58732208609581
0.482612693309788
7
-2.83605071902276
-3.50712904334068
-2.15871772170067
3.75945771932602
1.43911909461021
-5.18124855160713
-5.26082642674446
7
4.31314088702201
-1.90881602168083
-5.20012204051018
7.91919934749604
-8.40064799189568
5.59745970368386
-2.79238926768303
7
-0.920958155393598
8.44605109095574
-8.14112665057183
-4.5491064786911
-9.60772903561592
1.44758996963501
3.49698979854584
7
3.88641241788864
11.3473685503006
9.26195895671844
-0.785527223348615
-0.843471264839173
6.26746596097946
-1.65390698313713
2
7
-11.9417707026006
4.93785194754601
6.07298806905746
-1.51241171360016
14.9144027411937
5.18898885250091
-1.9583484172821
7
3.0941083073616
-0.000241345167160123
6.9007882297039
1.02019559144974
4.14656959176063
8.90441378951072
5.46578761935234
|FiveLongFeelerGenome
3
6
7
5.10947221517563
-3.72869434952736
0.439973747730252
3.83070673942565
-3.75052163004874
-0.340313017368312
11.5599242269993
7
-13.6250468790531
-0.917710059881209
2.73580045700074
1.34719047546387
-2.54531271457672
2.35791853070259
-1.74983421564102
7
13.0591132640839
-1.51702715158462
1.88724691867828
-0.0341478884220124
-0.347424864768986
2.89250007867813
-1.65788081288338
7
1.04158542156219
1.74527686238289
1.25489444732666
4.59683614373207
-3.50338611602783
-7.75858736634255
1.57490875124931
7
-3.62821082472801
-8.62675218582153
-2.02858956456184
-1.37970917224884
9.06021289825439
-4.55961292386055
-10.7825779259205
7
-4.92642700076102
0.100095534324647
-1.53447957038879
4.5535271346569
2.46987890601159
-2.44219294190407
6.44045352339744
6
7
4.07446058392525
-4.50104565024376
-0.051199543476111
-0.447579818964004
-0.88394637107849
1.09330812096596
0.210092782974238
7
-0.0314750194549622
8.485133934021
-0.349019819498072
1.98860476016999
4.25531433224678
-5.36608085036278
3.12115486264229
7
-2.32897760272027
-1.78763758540153
-2.34593127965927
4.77984818816185
0.555998843908309
-5.47854071855545
-5.24142699241638
7
4.90899705290794
-1.29615792632103
-4.63030382990837
8.16814294457436
-7.66150571703911
5.69407988190652
-2.92109159827232
7
-1.21988602280616
7.23621467947961
-7.96794635653497
-3.40308818817139
-11.3451488792896
1.25348901748657
2.02560158371925
7
6.11392152309418
8.23734535574911
9.73428149819373
3.41852445006371
-0.531810736656189
5.78760680556298
-1.62069857120514
2
7
-10.6468240976334
3.87974037528038
3.83257676959037
-2.92322837114334
15.1950566649437
5.92611022591591
-2.05891571640968
7
3.86544088125229
-1.13367315530777
6.04075850844383
0.817776089906691
4.4261971771717
8.49810332655906
5.55887121558189
|FiveLongFeelerGenome
3
6
7
5.10393513441086
-4.46938129067421
1.58044673204422
3.65260233879088
-2.79825038313865
0.181243026256566
11.4318904459476
7
-13.6322771131992
-0.713086622953414
4.09971988797189
2.14857444763184
-2.75188438296318
2.54391141533852
-1.80279781222344
7
12.4398185253144
-1.94477490186691
2.333540391922
-0.766076648235321
-0.919180917739873
2.40642129182816
-0.352403193712235
7
1.94386975169181
1.49990968704223
2.33057709932327
4.92537713646888
-2.38800508975982
-4.49947238564492
1.28187534213066
7
-6.22047696709633
-6.80564958453178
-0.298433321714401
0.701595151424409
9.24696089625358
-5.20731803178787
-12.8227881968021
7
-2.14118369817733
-0.090524429082869
2.99029885530472
0.681737697124479
3.65794498920441
-0.3364350438118
4.62628264427185
6
7
2.64185709357261
-3.69068021178245
1.6243540406227
0.00467139482498191
0.183517402410509
2.17528613209724
2.13561172485351
7
-0.424724894762045
8.16979386210441
-0.979760956764231
3.55386871695519
4.08397746682167
-5.80448220968246
1.15763597488404
7
-2.28825496435166
-2.32307094931602
-1.878988301754
3.1729792535305
1.94855348467827
-5.96053382158279
-5.77636765241622
7
5.34829362630843
-1.87211980819702
-5.70434523820877
6.93925902247429
-5.44215344190598
5.55046103596688
-2.19032802581787
7
-1.32371327877044
8.7406057059765
-9.27943441271783
-3.82419573664666
-9.1706768810749
2.46193650960922
0.672657537460327
7
4.66902951002121
10.7513916313648
10.7152826368809
2.21085306406021
0.00718345642089746
5.04335170388222
-0.608405423164367
2
7
-9.80351769924171
4.86093778014183
4.37229376435279
-3.13865681886673
13.5147167861461
5.46379704475402
0.114935135841374
7
3.4865527331829
4.01530242562294
2.74477910399436
-2.31296985149384
3.90961899161338
8.9705501973629
5.44523614048958
|FiveLongFeelerGenome
3
6
7
5.10947221517563
-3.16986132264137
0.235033166408536
3.83278906345367
-3.65789887309074
-0.340313017368312
11.5599242269993
7
-11.3641535699368
-1.53543323874473
3.74099488854409
0.891044855117803
-1.84194636940956
0.932980132102966
-0.874400049448015
7
13.1485725879669
-1.50078283548355
1.88392219543457
-0.482798916101456
-0.901528906822209
2.31733697652817
-1.54015336632729
7
2.80352582335472
0.769627481698987
0.931594437360761
4.41252117753028
-4.54552411437034
-5.48647938370706
1.53358976840973
7
-3.62821082472801
-8.62675218582153
-2.08658657670021
-1.37970917224884
9.06021289825439
-4.55961292386055
-10.7825779259205
7
-4.92642700076102
0.100095534324647
-1.02048678398132
4.12690126299858
3.39055966734887
-1.8561437189579
6.44045352339744
6
7
2.64185709357261
-3.69068021178245
1.3728885769844
0.432132112979889
0.0716244399547595
2.17528613209724
2.22283451557159
7
-0.0398306190967621
7.81556077599525
-1.4911260187626
2.53283197879792
4.31635718941689
-5.39284546971321
2.46325056552887
7
-2.18605335950852
-2.32307094931602
-1.42430260777473
2.94215208292008
1.59312474131584
-5.79463318586349
-5.77636765241622
7
5.20008566379546
-1.29615792632103
-4.25910570025444
8.37511647939682
-7.66150571703911
5.69407988190652
-3.91893057227135
7
-0.983397156000135
9.52963778376581
-7.06398226618768
-3.06417250037194
-10.1738321363926
1.63810813426971
0.0414834558963771
7
6.07246336936951
8.23734535574911
9.73428149819373
3.76828421950341
-0.531810736656189
5.95001804828644
-1.62069857120514
2
7
-10.6468240976334
3.55796226859093
3.93225273489951
-3.17710274457932
15.1950566649437
5.40603948235511
-1.90908015370369
7
4.50561942458153
-0.924977105855942
6.50072661638259
0.854671055078505
2.95350041985511
8.52853202223777
5.61693451404571
