50
2011
|FiveFeelerGenome 3
2
6
7
6.22934695482251
2.16120263934135
-0.789668816328052
1.88158656954765
6.90072892904282
-2.17704083919525
-8.54867821335793
7
-14.4795385360718
-7.76745557785034
6.81995940804482
-12.3368055164814
1.74174519181251
-2.34559810757638
1.39239476919175
7
7.8986859023571
-2.7806409060955
-7.9376810669899
-0.083799153566355
10.3862663209438
1.63138744831085
-2.70037586092949
7
8.58864587545394
-4.56618765592575
-7.90150762796402
-0.396749323606496
-1.06641279458999
1.09807991981506
-2.36570919752121
7
-7.27830287814141
-2.64066780805588
-7.05400967001915
-10.4171255886555
-8.31577217578888
3.82063367366791
-7.78766302466393
7
6.4022948384285
-11.1465453982353
-1.66618449091912
1.94259016513825
5.87542546391487
5.60086110830308
6.04241589903832
2
7
-8.41897248625754
7.36873700618743
-24.0356650948524
-2.29218944907189
6.34679042696952
-0.282561486959456
8.44646032452583
7
1.17827698588372
0.547388017177587
3.64337914586067
7.93335287570953
-4.93610123991967
-0.191370469331743
9.39662898182869
|FiveFeelerGenome 3
2
6
7
6.49477614164349
2.03055710196495
-0.789668816328052
1.68152154684066
7.27690066099167
-2.17704083919525
-8.54867821335793
7
-15.0610315084458
-7.42803289890289
7.47471008896828
-12.646461969614
1.29492529034614
-2.56389694809915
1.47817331552506
7
7.66828042864799
-2.7806409060955
-7.9376810669899
-0.083799153566355
10.0860390126705
2.15882360935211
-2.70037586092949
7
9.0560460448265
-3.02249504327774
-8.03493322134018
0.476675993204112
-2.03541544675826
2.01374187469482
-4.01584028601646
7
-7.27830287814141
-2.64066780805588
-7.05400967001915
-9.98496006131172
-7.98674938678742
3.3685513138771
-7.02301995158196
7
4.48794345259667
-12.3902490437031
-1.65509513020516
1.54592358469963
6.22191168665886
7.9707291007042
7.60688041448593
2
7
-7.84918689131736
7.1327526807785
-24.1799093604088
-2.58862602710724
6.08014968633651
-0.124382233619689
6.99925571084022
7
1.09073209762574
0.904296910762792
2.56795631051063
7.2091453552246
-5.46048969626427
0.284458202123641
10.2635334551334
|FiveFeelerGenome 3
2
6
7
6.49477614164349
1.97904717326164
-0.06886920332909
2.04254945516586
7.90345445871354
-2.17704083919525
-8.61197269558907
7
-14.637307214737
-7.72033132910728
7.40988453030587
-12.4359652101994
0.76244006752967
-1.93612836003305
1.69012395739556
7
9.93432336449623
-2.69803553819656
-6.9758066534996
-0.43662872910499
8.85580370426177
3.35186731815338
-3.03214408755303
7
8.63828862905502
-4.56618765592575
-8.28366626501083
-0.613112467527394
-1.66836737394332
1.47900767326355
-2.61931263208389
7
-6.19655712842942
-3.80817281007767
-6.00142203569413
-10.0773923456669
-7.12841641306878
2.92812411785125
-5.65713215470314
7
6.91638904809952
-11.3106860041618
-1.60182456374169
1.95928530693054
6.21477268338203
4.80700307488442
7.02994968295098
2
7
-6.11334132552146
6.9192974448204
-23.5703678488731
-2.93008098006249
9.59698539972305
0.813997906446458
9.00532904267311
7
-0.240321117639539
0.829121100902563
3.05773967504501
5.93671535849571
-4.05211719274521
0.378528922796248
8.2440098285675
|FiveFeelerGenome 3
2
6
7
6.57576647996899
1.4783827483654
-1.78559955954552
0.717874944210048
8.00942338705063
-2.50614066123962
-8.05352100729943
7
-13.4227088809014
-6.93866164684295
7.74956598877907
-12.6769518375397
3.18750341534614
-2.16705933213235
1.4827501654625
7
10.0316226780415
-2.61302968263626
-8.20341529250145
0.504708957672125
10.2027853429317
2.95905437469482
-3.23186932802201
7
8.97311233878135
-3.53771007657051
-6.785674649477
1.23766883015632
0.0316882252693243
0.292677229642867
-1.67302619814873
7
-9.27570591568947
-1.33129038214684
-7.44243042469025
-8.90897884368896
-7.7077497959137
0.711012399196623
-8.21770833730698
7
6.23445214033127
-11.016750317812
-1.71289886236191
3.11684201359749
6.98770240545273
5.41009274721146
7.00128865242005
2
7
-8.32338678240775
7.69570608139038
-24.1312040925026
-2.04245309829712
5.62848678827285
0.82824748158455
7.77769721150398
7
-0.512664127349851
0.396322178840642
2.37114899158477
6.31299457550049
-5.13407392501832
3.16356844902038
7.77227578163147
|FiveFeelerGenome 3
2
6
7
5.74678901433942
1.05494799017906
-0.75692912936211
2.05587753057479
7.51773440241814
-2.0933964908123
-8.44711332917214
7
-15.1486937522889
-7.72033132910728
7.40988453030587
-12.6545207738876
0.76244006752967
-1.93612836003305
1.69012395739556
7
9.93432336449623
-2.69803553819656
-6.9758066534996
-0.395812606811518
9.22325609326362
3.87286417484283
-3.53638707995415
7
8.16282638311385
-4.73382393121719
-8.4138939499855
0.145228558778758
-1.56482030153274
1.9612719297409
-2.46121128797531
7
-8.62791984081269
-3.31437709331513
-6.97394678592682
-9.44381811618805
-7.86315003037453
1.39294662475586
-7.4610326230526
7
6.4022948384285
-11.2839356541634
-1.66618449091912
1.94259016513825
5.87542546391487
5.60086110830308
5.59998909831047
2
7
-7.90972434878349
7.07339267730712
-24.5868949532509
-2.3749569118023
6.34679042696952
-0.483402562141417
8.44646032452583
7
0.386827129125598
0.829121100902563
4.61521247625351
6.52449714541435
-5.32894343733788
1.58700633049011
8.45094209313393
|FiveFeelerGenome 3
2
6
7
6.39856623411175
1.54032469987869
-1.34353353381157
1.74360014796257
7.33974939584732
-1.818347042799
-8.47699485421181
7
-15.5866359174252
-8.75410426855087
6.69271686077118
-10.998424756527
3.19883657097816
-1.68945920467378
0.151602464914332
7
8.28072573542595
-2.76942031383514
-7.1539613366127
0.129993772506719
9.61879841685295
2.20041251182556
-3.67158986926079
7
8.33463996648788
-2.61780558228493
-6.73378152251244
0.533376818895335
-0.247615635395043
1.50055194497108
-3.53957332372665
7
-8.42433404326439
-3.63902251720429
-6.74345176219941
-9.5452810049057
-7.86315003037453
1.39294662475586
-7.17231635451317
7
7.42553746104241
-10.7297916471958
-0.553688395023351
2.37684332728386
5.49066553115845
7.79888474345208
5.52961699962616
2
7
-6.65304183363914
7.20081284046173
-23.3332660973072
-1.59064550399781
6.74759621024131
-0.218351173400878
7.39418080449104
7
-0.209294396638867
0.829121100902563
2.54582148790359
6.47119306921958
-4.34149062037468
0.619003051519393
8.84368460178375
|FiveFeelerGenome 3
2
6
7
6.49477614164349
2.03055710196495
-1.40868210196495
1.68152154684066
7.15532313585282
-2.26294956207275
-8.92779908776284
7
-15.5866359174252
-8.82406802773475
6.21057004928589
-11.8326610684395
3.26559517979621
-1.47663350105287
0.360657125711451
7
9.00930917263031
-3.13999325633049
-6.70618878602981
0.757038307189947
9.48562487959861
3.12292774319649
-2.79497023820877
7
9.37447589635848
-3.78294900655747
-8.04691053628921
-1.24757143259049
0.13297412395478
1.50341205596924
-1.70932909250259
7
-7.27830287814141
-3.1835916876793
-7.05400967001915
-10.4171255886555
-8.31577217578888
3.63311972618103
-7.29990261793137
7
7.90889734625816
-12.6401684999466
-1.04486609697342
2.15453512072563
5.85213253498077
5.10014075040818
5.06286612153053
2
7
-8.15098145008086
7.41605296134948
-24.4565820991993
-2.48820576667786
7.67006918787956
1.33531773686409
10.4422351181507
7
1.02899184823036
0.904296910762792
2.56795631051063
7.2091453552246
-5.46048969626427
0.284458202123641
10.2635334551334
|FiveFeelerGenome 3
2
6
7
6.49477614164349
1.97904717326164
-0.346249026060108
1.7286142706871
7.90345445871354
-2.5325754404068
-8.61197269558907
7
-14.7509830236435
-8.00250349044799
8.00761656165124
-12.4182429075241
1.71624761223792
-3.62927415966989
1.80327610969544
7
9.82780683636665
-2.61302968263626
-8.2451928794384
0.628233122825628
10.2027853429317
3.03505494594574
-4.0682197034359
7
8.31229430437087
-4.56618765592575
-8.27083865404129
-0.0601037681102801
-1.06641279458999
1.60241854190826
-2.61931263208389
7
-6.40323581695557
-3.1684221148491
-7.40094720125199
-9.84291629791259
-8.30199248790741
2.3547476530075
-6.07500783801079
7
7.44650212526321
-11.3106860041618
-1.77661139369011
2.20957544445992
6.13892431855202
4.80700307488442
6.48787202239037
2
7
-7.28496232032775
6.72905948162078
-24.4565820991993
-2.80317378044129
8.44328941106796
0.469748288393022
10.0640185415745
7
0.185928672552112
0.0471149802207999
3.05773967504501
5.93671535849571
-4.05211719274521
0.378528922796248
8.2440098285675
|FiveFeelerGenome 3
2
6
7
4.34512893557545
0.545906454324718
-0.886957687139515
-0.380924272537236
7.77040390968323
-1.41225925683975
-7.61813804507256
7
-15.1450197696686
-7.55973297357559
7.40988453030587
-12.9537082254887
0.280882126092903
-1.93612836003305
1.60127438902856
7
10.1160463690758
-2.69803553819656
-6.9758066534996
-0.573870354890818
8.32826182842254
3.35186731815338
-3.03214408755303
7
8.30525640249252
-4.36607034802437
-8.28366626501083
-0.115360134840017
-1.96615544557571
1.66812971234322
-2.61931263208389
7
-6.31598514914513
-3.26104387044907
-5.13142358064652
-9.40190858244896
-7.39365221261979
2.89570740461349
-6.15308059453965
7
4.48794345259667
-13.341921120882
-1.31860006451607
2.14516527056694
6.39942648410797
8.28111912012101
7.60688041448593
2
7
-6.56333816051482
6.46265600919723
-23.7767099738121
-2.98083211183548
8.02475608587265
-0.306289237737654
8.40296648144722
7
-0.326384997367857
0.645325374603277
1.96680784225464
6.31299457550049
-5.22568473815918
3.15779245495796
7.73686983585357
|FiveFeelerGenome 3
2
6
7
7.51425136923787
-0.724490141868595
-1.80743209719658
-0.180998277664189
6.03772817850113
0.360033917427063
-8.68363073468208
7
-15.3810506582261
-8.51137468814849
7.40988453030587
-11.6645270824433
1.76754646897315
-2.96306150555612
0.877023237943659
7
8.89818525314331
-2.80514892935753
-7.1777108669281
1.21222548484803
9.70746538043022
1.55320969223976
-3.67967706918717
7
8.45290127992629
-3.15783852338791
-8.03493322134018
0.476675993204112
-2.59950560331344
2.44811732769012
-4.8117371737957
7
-6.58391426205636
-2.63424767255784
-7.24960080385208
-10.023581725359
-8.30199248790741
3.48659672737121
-6.07500783801079
7
7.61810118556023
-10.9904307663441
-0.822212833166127
2.58935167193413
5.49066553115845
7.1133138358593
6.78938789963722
2
7
-7.62899782657623
6.06897428035736
-24.9784798204899
-2.43065865039826
7.57368348836898
0.919303756952287
9.46155214309692
7
-0.240321117639539
0.411026585102087
3.05773967504501
6.13092372417449
-4.05211719274521
0.441435593366622
8.2440098285675
|FiveFeelerGenome 3
2
6
7
7.51425136923787
-0.798612880706791
-1.55218371748925
0.316474229097362
4.20867191553116
-0.19700996875763
-8.88689861893654
7
-15.0610315084458
-7.20650167465209
7.47471008896828
-12.646461969614
2.12320729494094
-2.56389694809915
1.36064013242723
7
7.91821365356445
-2.87726458907127
-7.62067857980728
0.487280768156057
10.087949103117
2.6454782307148
-2.79497023820877
7
8.78191711306571
-3.42852686047554
-7.04732798337936
1.03272002339363
-0.260490953922265
1.26537759304047
-1.20964447855949
7
-5.73379710912705
-3.80817281007767
-5.69420911073685
-10.0773923456669
-6.47898444533349
2.92812411785125
-6.06717596650124
7
4.82565802931786
-12.7392121613026
-1.65509513020516
2.07419502139092
5.79776274561882
7.9707291007042
7.60688041448593
2
7
-6.51937754154204
6.45503517389297
-23.8168705105782
-2.81491629481316
9.26860984563827
0.276546984910966
8.85576806664467
7
0.699719667434695
0.829121100902563
3.83556290864944
6.52449714541435
-5.34210342764855
0.997913551330565
8.86744959950447
|FiveFeelerGenome 3
2
6
7
7.87360500693318
-0.798612880706791
-1.55218371748925
0.0150451481342268
4.20867191553116
-0.19700996875763
-8.88689861893654
7
-14.6801348865033
-7.75619466304778
7.47471008896828
-11.516347104311
1.94887579679488
-2.29824016690255
0.871390473842631
7
8.17163535952568
-1.80265685915947
-6.22901926040649
0.124835044145589
10.0064846038818
2.20773263573647
-3.77947562932968
7
7.9596034169197
-4.84544860124588
-8.35251327753067
-0.672326272726064
-2.25086749792098
0.868774437904357
-2.13969911336899
7
-5.33084491491318
-3.91192973852158
-5.69420911073685
-10.0773923456669
-7.0695802628994
2.92812411785125
-6.06717596650124
7
4.48794345259667
-12.3902490437031
-1.65509513020516
1.54592358469963
5.79776274561882
7.9707291007042
7.60688041448593
2
7
-7.53422436714172
6.62947278022766
-24.9784798204899
-2.43065865039826
7.57368348836898
0.919303756952287
9.46155214309692
7
-2.00738207101822
-0.0860073983669229
4.20332938432693
6.5729751586914
-5.23090438842774
0.828939783573149
8.7756727039814
|FiveFeelerGenome 3
2
6
7
5.55682721137997
0.767950803041454
-0.270251244306568
-0.857989549636845
6.7620632648468
-1.2307527244091
-7.30857378840447
7
-15.0610315084458
-7.20650167465209
7.47471008896828
-12.646461969614
1.58498064279555
-2.56389694809915
1.47817331552506
7
8.39634709358215
-2.80514892935753
-7.35172255635261
1.3034771680832
9.70746538043022
1.55320969223976
-3.18099132776261
7
8.22221492528915
-3.15783852338791
-8.03493322134018
0.817806774377818
-2.59950560331344
2.44811732769012
-4.290151232481
7
-7.99328057765961
-0.988723599910744
-5.89387637972832
-9.41986184120178
-8.34443662166596
0.6268217921257
-7.78812577724457
7
6.95906771421433
-11.8965777993202
-1.45490230917931
1.4407342672348
5.91786652207375
5.38371005654336
5.28161854147911
2
7
-5.77508444190024
7.76748245954513
-23.5703678488731
-3.38604120612145
9.59698539972305
0.813997906446458
9.00532904267311
7
-0.240321117639539
0.373127543926244
3.05773967504501
6.13092372417449
-4.05211719274521
0.441435593366622
8.2440098285675
|FiveFeelerGenome 3
2
6
7
7.51425136923787
-0.724490141868595
-1.80743209719658
-0.180998277664189
5.70199435949326
0.16819953918457
-8.68363073468208
7
-15.3810506582261
-8.93320062160491
7.40988453030587
-11.9676847934723
1.18230133652686
-2.96306150555612
0.877023237943659
7
9.82780683636665
-2.61302968263626
-8.14185444712639
0.628233122825628
10.2027853429317
3.28390579223633
-4.83070771098137
7
8.78191711306571
-3.42852686047554
-7.04732798337936
0.587788897752757
0.00378838777542782
1.51205406188965
-1.75525671839714
7
-6.58391426205636
-3.02603758573533
-6.81855322122574
-10.023581725359
-8.30199248790741
3.48659672737121
-6.07500783801079
7
6.3207692027092
-11.3106860041618
-1.31734634637833
1.95928530693054
5.99338885545731
5.06224020719529
6.43179146647454
2
7
-6.56179256439208
6.46265600919723
-23.8168705105782
-2.96781386733056
8.1299526810646
0.7771202147007
8.33351536393165
7
0.699719667434695
0.829121100902563
3.83556290864944
6.52449714541435
-5.34144718050957
0.997913551330565
9.23712595105171
|FiveFeelerGenome 3
2
6
7
4.34512893557545
0.122065788507457
-0.886957687139515
-0.380924272537236
7.27348184585572
-1.95867844820023
-7.79613394141198
7
-15.0698194980622
-7.69911906123161
7.1151336491108
-12.3919699013233
1.74174519181251
-2.59446404576303
1.39239476919175
7
8.47785964012146
-2.87726458907127
-7.62067857980728
0.487280768156057
10.087949103117
2.6454782307148
-2.51551669239998
7
8.16282638311385
-4.56618765592575
-7.84460526108742
-0.631206363439565
-1.06641279458999
1.60241854190826
-2.8527223944664
7
-9.07953324317933
-1.80428056120873
-7.22925674915314
-8.76416975855827
-7.7077497959137
1.27253421545029
-8.6553744673729
7
7.51403154730797
-10.9904307663441
-0.822212833166127
2.58935167193413
5.49066553115845
7.61784328818322
6.38232541680336
2
7
-6.51937754154204
6.41638096570968
-23.4965751290321
-2.31244270205498
8.67272542715072
0.276546984910966
9.08796976208687
7
-0.915464758872984
0.148934173583989
1.87704839706421
6.31299457550049
-5.22568473815918
3.15779245495796
7.73686983585357
|FiveFeelerGenome 3
2
6
7
5.48452333211896
1.97904717326164
-0.501694411039356
1.11244527101516
7.54318527579308
-2.01882027983666
-8.32150785923005
7
-14.8241765201092
-8.59081606864928
6.75597634911538
-12.325803399086
1.79049950838088
-0.829288989305508
1.28150330781938
7
9.61606655120849
-2.33617537617683
-7.48176223635673
0.906029939651495
10.0756341159344
2.72716724872589
-3.19340795278549
7
7.90899935960769
-4.56618765592575
-8.27083865404129
-0.0375854432582904
-1.06641279458999
1.60241854190826
-2.2814066529274
7
-7.33670620918274
-1.63739832639695
-5.40570167899132
-8.73934857845306
-9.07300691604615
0.698246443271635
-6.71444494724274
7
4.85597376823425
-12.3902490437031
-1.44853964447976
1.54592358469963
5.98924226760864
8.06942695379258
8.92753567099571
2
7
-6.20206098556518
7.27777855992317
-21.9874783813953
-3.06203180551529
5.08176195025443
-0.357638090848922
7.38440366983413
7
0.311234682798388
0.438205730915075
3.36884523630142
7.45418455004691
-5.32894343733788
1.96575169563293
8.4184000313282
|FiveFeelerGenome 3
2
6
7
6.39856623411175
2.27516714334487
-1.8691501557827
1.76487258672714
8.63270624876023
-2.00081169605255
-9.5933193743229
7
-15.653278708458
-7.07013452053069
7.40491192936898
-12.646461969614
0.753478556871406
-2.56389694809915
1.47817331552506
7
8.47324337959289
-3.97301434874535
-7.09514707326889
-0.473313981294627
9.84716154932975
2.8352988243103
-2.20427183508873
7
8.87418175935745
-2.69242426156998
-8.03493322134018
0.476675993204112
-2.19950076341628
1.72239553928375
-4.290151232481
7
-9.2072197675705
-3.31437709331513
-6.66198402643204
-9.5174092054367
-8.11744626164437
1.39294662475586
-7.32519300580025
7
4.51667391657829
-12.7661229431629
-0.845826750993733
2.14516527056694
6.39942648410797
8.28111912012101
7.60688041448593
2
7
-6.34627907276153
6.21249195337295
-23.4638927340508
-2.98083211183548
8.45795944929123
-0.306289237737654
8.54740701317787
7
-0.293208575248715
1.74578198194504
2.42073425650596
5.74532200694084
-5.1701540350914
1.19205872416496
8.82181079387665
|FiveFeelerGenome 3
2
6
7
3.76815788149831
0.661870652437206
-0.886611217260364
-0.790253543853764
7.77040390968323
-1.07364045381546
-7.34471644759179
7
-15.5866359174252
-8.75410426855087
6.23462345600129
-10.998424756527
3.19883657097816
-1.88677873611451
0.151602464914332
7
8.28072573542595
-2.76942031383514
-7.1539613366127
0.129993772506719
9.61879841685295
2.20041251182556
-3.67158986926079
7
8.03657838106155
-2.61780558228493
-6.73378152251244
0.533376818895335
-0.247615635395043
1.50055194497108
-3.53957332372665
7
-8.42433404326439
-3.63902251720429
-6.74345176219941
-9.5452810049057
-7.86315003037453
1.92352747917175
-7.17231635451317
7
4.48794345259667
-12.3902490437031
-1.31860006451607
2.72227966189385
5.93927071094513
8.49560178518296
7.60688041448593
2
7
-6.65304183363914
7.20081284046173
-23.3332660973072
-1.88432228565217
6.74759621024131
-0.218351173400878
7.39418080449104
7
-0.0202290773391696
0.301383745670324
3.80344422459602
6.57158092856407
-5.09349337220192
2.31058396100998
7.97420910596847
|FiveFeelerGenome 3
2
6
7
6.39856623411175
1.07517615556717
-1.34353353381157
1.74360014796257
7.51409954428673
-1.818347042799
-8.47699485421181
7
-14.7276519536972
-8.10422401428222
7.84903388619423
-11.9938301801682
1.63745396733283
-0.829288989305508
1.26529611349107
7
9.24128068089485
-2.07113362550735
-8.20341529250145
0.628233122825628
10.2027853429317
3.21839707493782
-4.59387773871422
7
8.28446613550186
-4.08177741765976
-7.90773078203201
-0.0601037681102801
-1.06641279458999
1.60241854190826
-2.61931263208389
7
-7.27830287814141
-3.08418687582017
-7.05400967001915
-9.93858724236488
-7.76332983374596
3.51923887133598
-7.21683158278466
7
7.81173707842827
-10.7297916471958
-0.553688395023351
2.37684332728386
5.49066553115845
7.9080830514431
5.52961699962616
2
7
-6.52279381752013
6.76657627224922
-22.4363426983356
-1.91713934540749
5.08176195025443
-0.357638090848922
7.49580246210098
7
-0.209294396638867
0.829121100902563
2.54582148790359
6.47119306921958
-4.34149062037468
0.619003051519393
8.84368460178375
|FiveFeelerGenome 3
2
6
7
6.66907759904858
1.52326869368553
-0.576324981451038
1.24236561059951
6.66213021874428
-2.73070199489594
-9.04946217536927
7
-15.1486937522889
-7.72033132910728
7.40988453030587
-12.6545207738876
0.76244006752967
-1.93612836003305
1.69012395739556
7
9.93432336449623
-2.69803553819656
-7.10563064813614
-0.362224698066706
9.09586954712867
3.87286417484283
-3.53638707995415
7
7.80602606534957
-2.61780558228493
-7.26841551661491
0.199313050508494
-0.0219418823718957
1.66468189358711
-3.18222748041153
7
-8.62791984081269
-3.8279135465622
-6.97394678592682
-9.44381811618805
-7.86315003037453
1.72181921005249
-7.4610326230526
7
6.4022948384285
-11.2839356541634
-1.66618449091912
1.94259016513825
5.87542546391487
5.60086110830308
5.59998909831047
2
7
-7.8622993171215
7.36873700618743
-24.5868949532509
-2.3749569118023
6.34679042696952
-0.483402562141417
8.44646032452583
7
-0.240321117639539
0.215739452838903
3.24201270937919
6.35054097771644
-3.67351030111313
0.441435593366622
8.2440098285675
|FiveFeelerGenome 3
2
6
7
5.74678901433942
1.05494799017906
-0.306385535001758
2.05587753057479
7.51773440241814
-1.97447213530541
-8.44711332917214
7
-15.4441518068314
-7.42803289890289
8.16793158650399
-12.082003313303
0.821983677148811
-1.98191309571267
1.46855525374414
7
8.89818525314331
-2.80514892935753
-7.35172255635261
1.21222548484803
10.2055927932262
1.55320969223976
-2.69727345705033
7
8.16282638311385
-4.56618765592575
-8.4138939499855
0.145228558778758
-1.56482030153274
1.9612719297409
-3.2559712767601
7
-5.38296645879746
-3.80817281007767
-6.00142203569413
-10.0773923456669
-6.47898444533349
2.92812411785125
-6.06717596650124
7
7.16004164814949
-12.1403251171112
-1.88547853827477
2.18339787125588
7.02866291999817
7.36280442476273
5.02305019497872
2
7
-7.56818649768829
6.30366449356079
-24.8347801506519
-2.43065865039826
7.57368348836898
0.3689894258976
9.46155214309692
7
0.386827129125598
0.829121100902563
4.03406904935837
6.52449714541435
-5.32894343733788
1.58700633049011
8.25504606366157
|FiveFeelerGenome 3
2
6
7
6.39856623411175
1.54032469987869
-0.963092797994617
1.59337908029556
7.33974939584732
-1.93475503921509
-8.47699485421181
7
-15.5866359174252
-8.75410426855087
6.69271686077118
-11.5154565215111
3.61141582131385
-1.49036197662355
0.598661905527125
7
8.28072573542595
-2.76942031383514
-7.1539613366127
0.195846134424215
9.53360366225242
2.9710032761097
-2.83601366877556
7
8.38850035071372
-2.84787009358406
-7.04732798337936
0.332394820451732
0.00378838777542782
1.51205406188965
-1.75525671839714
7
-6.19655712842942
-3.67396758794785
-5.48315845727921
-10.0773923456669
-6.58509156107903
2.92812411785125
-5.69976904988289
7
6.91638904809952
-11.3106860041618
-1.60182456374169
2.49583768844605
6.21477268338203
4.95502546429635
6.52328898310662
2
7
-6.51937754154204
6.45503517389297
-24.0343924403191
-2.81491629481316
9.62741445302963
0.438864958286287
9.08796976208687
7
-0.209294396638867
0.829121100902563
2.54955269098282
6.47119306921958
-4.34149062037468
0.341232413053511
9.4427780687809
|FiveFeelerGenome 3
2
6
7
7.51425136923787
-0.724490141868595
-1.80743209719658
-0.180998277664189
5.66607822179795
0.360033917427063
-8.66147933602333
7
-15.6806935310364
-8.51137468814849
7.40988453030587
-11.6420059144497
1.76754646897315
-3.03979592919351
1.33488232493402
7
8.47785964012146
-3.09296061396599
-7.62067857980728
0.573818916082388
10.087949103117
2.75345988869667
-2.79497023820877
7
9.29539026618003
-5.22180808782578
-8.19908992052078
0.542029196023936
-0.915927994251244
2.02268650531769
-3.34581068754196
7
-8.16725709438324
-3.01687154769898
-6.71233921051026
-9.15199091434478
-7.86315003037453
1.8873291015625
-7.17231635451317
7
7.51403154730797
-10.5628342926502
-0.822212833166127
2.82825844287872
4.90570135116577
7.79888474345208
4.64957964420319
2
7
-6.84213413596152
7.37375937104225
-22.9465224564075
-1.96937127113343
6.23341202139854
0.0636308014392865
7.9574155151844
7
1.15468554496765
0.537594807147985
3.83556290864944
6.52449714541435
-5.24245778918266
0.997913551330565
9.23712595105171
|FiveFeelerGenome 3
2
6
7
6.22934695482251
2.16120263934135
-0.789668816328052
1.88158656954765
6.90072892904282
-2.17704083919525
-8.54867821335793
7
-14.4795385360718
-7.76745557785034
6.81995940804482
-12.3368055164814
1.74174519181251
-2.34559810757638
1.39239476919175
7
7.8986859023571
-2.7806409060955
-7.9376810669899
-0.083799153566355
10.3862663209438
1.63138744831085
-2.70037586092949
7
8.58864587545394
-4.56618765592575
-7.90150762796402
-0.396749323606496
-1.06641279458999
1.09807991981506
-2.36570919752121
7
-7.27830287814141
-2.64066780805588
-7.05400967001915
-10.4171255886555
-8.31577217578888
3.82063367366791
-7.78766302466393
7
6.4022948384285
-11.1465453982353
-1.66618449091912
1.94259016513825
5.87542546391487
5.60086110830308
6.04241589903832
2
7
-8.41897248625754
7.36873700618743
-24.0356650948524
-2.29218944907189
6.34679042696952
-0.282561486959456
8.44646032452583
7
1.17827698588372
0.547388017177587
3.64337914586067
7.93335287570953
-4.93610123991967
-0.191370469331743
9.39662898182869
|FiveFeelerGenome 3
2
6
7
5.68777848482129
1.7829338312149
-0.963092797994617
1.24236561059951
7.24187088608742
-2.97590553760529
-8.93155620098115
7
-15.1799399852753
-7.42803289890289
8.16793158650399
-12.082003313303
0.805807095766059
-2.420195633173
1.1937171638012
7
7.56241235136985
-2.7806409060955
-8.06003006696701
-0.083799153566355
10.3862663209438
1.63283956050873
-2.70037586092949
7
9.43971964716911
-5.40772315263748
-8.06314963102341
0.0137337982654522
-1.21522411108016
2.02268650531769
-2.95778688192367
7
-6.83152494430542
-1.068605363369
-5.09983715415001
-8.73934857845306
-8.90893833637238
0.49297283887863
-6.71444494724274
7
7.16004164814949
-12.3937333405018
-0.88898081183434
2.18339787125588
6.96815571784973
7.36280442476273
4.98326259255409
2
7
-7.67035430669784
6.90077571868896
-24.1799093604088
-3.22113540172577
6.28538228869438
-0.49682261943817
6.99925571084022
7
0.233712404966357
0.547388017177587
4.24714823961258
8.38987185955047
-4.93610123991967
0.282134550809859
9.37877784371376
|FiveFeelerGenome 3
2
6
7
6.16347025632855
1.60415360331535
-0.06886920332909
2.81125037074089
7.55975276231766
-2.17809205055237
-8.4624482691288
7
-14.2405946254731
-7.72033132910728
7.10378311276436
-11.9414899647236
1.23303371071815
-2.51886366009713
1.77106308341027
7
7.56241235136985
-3.30696627497673
-8.06003006696701
-0.083799153566355
10.3862663209438
1.63283956050873
-2.70037586092949
7
9.43971964716911
-5.40772315263748
-8.06314963102341
0.0137337982654522
-1.21522411108016
2.02268650531769
-3.49313362836838
7
-6.21478622555733
-2.69109870195389
-7.00863130688668
-9.6874939262867
-8.30199248790741
3.41846053600311
-6.10606889128685
7
7.16004164814949
-12.3937333405018
-0.88898081183434
1.89643605351448
6.96815571784973
7.36280442476273
4.98326259255409
2
7
-7.67035430669784
6.90077571868896
-24.1799093604088
-3.22113540172577
6.28538228869438
-0.49682261943817
6.99925571084022
7
0.233712404966357
0.547388017177587
4.24714823961258
8.38987185955047
-5.29649757742882
0.282134550809859
9.37877784371376
|FiveFeelerGenome 3
2
6
7
5.68777848482129
1.7829338312149
-0.963092797994617
1.31131719350814
7.24187088608742
-2.97590553760529
-8.93155620098115
7
-15.1415075063706
-7.42803289890289
8.16793158650399
-12.5037286818028
0.805807095766059
-2.23694498538972
1.1937171638012
7
9.95596635937691
-2.69803553819656
-6.9758066534996
-0.43662872910499
8.85580370426177
3.385981798172
-2.76799821257591
7
8.63828862905502
-4.77930375337601
-8.28366626501083
-0.613112467527394
-1.66836737394332
1.47900767326355
-2.61931263208389
7
-7.05143368244172
-1.06825896501542
-5.09983715415001
-8.73934857845306
-8.98882060050965
0.49297283887863
-6.76447215080262
7
7.07463406920433
-10.9904307663441
-0.965380781888966
2.32678651213646
5.49066553115845
7.16677011847497
6.41479008793831
2
7
-6.11334132552146
6.77559520006179
-23.5703678488731
-2.93008098006249
9.59698539972305
0.813997906446458
9.00532904267311
7
-0.240321117639539
0.829121100902563
3.05773967504501
5.93671535849571
-4.05211719274521
0.356055372953414
8.2440098285675
|FiveFeelerGenome 3
2
6
7
7.93218302130696
-0.724490141868595
-1.55218371748925
-1.02579283714295
4.76885033845902
1.4572998046875
-9.03383811116219
7
-15.0610315084458
-7.42803289890289
7.56159012913704
-12.8346649944782
0.838727313280097
-2.56389694809915
1.47817331552506
7
8.39786824584007
-2.76942031383514
-7.01485520005226
0.129993772506719
8.89625350832939
2.68398690223694
-2.53841551542282
7
8.22046805620193
-3.02249504327774
-9.09257208108902
1.08118008375167
-1.44015358686446
2.04459827542305
-3.09657737612724
7
-9.27570591568947
-1.30354525446893
-7.90240752696992
-8.90897884368896
-7.7077497959137
1.61562007665634
-9.00388432741166
7
7.437490940094
-11.2170015931129
-2.760606610775
3.65538355708122
3.36570081710815
4.99305673837662
7.99806690216065
2
7
-8.28743438124656
7.1327526807785
-24.2021889328957
-2.58862602710724
5.78718057870864
-0.124382233619689
7.19592670202255
7
0.386827129125598
1.3340251326561
3.67859810590744
6.77261719703674
-5.77895902991295
1.58700633049011
8.5738662302494
|FiveFeelerGenome 3
2
6
7
6.49477614164349
2.03055710196495
-0.789668816328052
1.68152154684066
7.27690066099167
-2.17704083919525
-8.54867821335793
7
-14.1007014751435
-9.05653012990951
7.38478277325631
-11.8696321368218
3.33561869859695
-0.75616970062257
0.0373137533664805
7
7.2098178088665
-3.36447111964226
-7.87493847608566
-0.083799153566355
10.0860390126705
3.41673529148102
-2.70037586092949
7
8.98975390791892
-3.877480083704
-6.91418300271034
1.17609789967536
1.27682529687882
0.279257959127425
-2.17008752226829
7
-7.27830287814141
-2.92685614824296
-6.66363396048546
-9.62877486348152
-7.98674938678742
3.95739532709121
-7.02301995158196
7
6.81208838224411
-10.5806252777576
-1.28989905118943
2.72115023732185
7.08445519208908
5.41009274721146
6.64399638175965
2
7
-7.24134811758994
8.3962879538536
-23.6901463806629
-1.84024677872658
6.1910898566246
-0.235559010505675
8.40075932741165
7
0.29780876040459
0.829121100902563
3.99793833494186
6.52449714541435
-5.32894343733788
2.23201007843017
8.45096655488014
|FiveFeelerGenome 3
2
6
7
7.51425136923787
-0.97661457061768
-2.00845450758934
-0.180998277664189
5.62061949968338
0.360033917427063
-8.68363073468208
7
-14.7509830236435
-8.00250349044799
8.00761656165124
-12.4182429075241
1.71624761223792
-3.62927415966989
2.00417712330819
7
8.47785964012146
-2.87726458907127
-7.47768973112106
0.487280768156057
10.087949103117
2.6454782307148
-2.79497023820877
7
8.31229430437087
-3.96692794561386
-8.27083865404129
-0.0601037681102801
-1.06641279458999
1.60241854190826
-2.61931263208389
7
-6.31598514914513
-3.34110766649247
-5.13142358064652
-9.57571413516998
-7.39365221261979
2.89570740461349
-6.15308059453965
7
4.48794345259667
-12.7661229431629
-1.31860006451607
2.14516527056694
6.39942648410797
8.28111912012101
7.60688041448593
2
7
-6.51937754154204
6.71606087088584
-23.8168705105782
-2.81491629481316
9.26860984563827
0.276546984910966
9.08796976208687
7
-0.326384997367857
0.645325374603277
1.54525184631347
6.04193532466888
-5.22568473815918
2.96272025704384
7.73686983585357
|FiveFeelerGenome 3
2
6
7
3.7747023284435
0.545906454324718
-0.886957687139515
-0.380924272537236
7.77040390968323
-0.910764706134797
-7.61813804507256
7
-15.3810506582261
-8.03642456531524
7.40988453030587
-11.9676847934723
1.76754646897315
-3.53134134411813
0.877023237943659
7
9.82780683636665
-2.21061192750931
-8.20341529250145
0.71135249137879
10.2027853429317
3.03505494594574
-4.16658446192742
7
8.78191711306571
-3.42852686047554
-7.04732798337936
0.587788897752757
0.0755974173545904
1.51205406188965
-1.75525671839714
7
-6.58391426205636
-2.92004648447037
-7.24960080385208
-10.5657314121723
-8.30199248790741
3.9922278881073
-6.07500783801079
7
7.51403154730797
-10.9904307663441
-0.822212833166127
2.58935167193413
5.49066553115845
7.16677011847497
6.38232541680336
2
7
-6.28079690933227
6.46265600919723
-23.2373685240746
-2.98083211183548
8.02475608587265
-0.785440486669539
8.40296648144722
7
0.699719667434695
0.829121100902563
3.83556290864944
6.52449714541435
-5.34210342764855
0.997913551330565
9.24440217614174
|FiveFeelerGenome 3
2
6
7
6.49477614164349
1.64719848036766
-0.789668816328052
1.68152154684066
7.70993744134903
-2.17704083919525
-8.54867821335793
7
-15.0610315084458
-7.42803289890289
7.4200005888939
-12.646461969614
1.36188274025916
-2.56389694809915
1.47817331552506
7
8.04099389910697
-2.81752614378929
-8.06617025136947
-0.083799153566355
10.0860390126705
2.67076504230499
-2.70037586092949
7
8.98975390791892
-3.537303596735
-6.45846889615059
0.68206775784492
1.27682529687882
0.335946482419967
-1.9229776084423
7
-7.4557197034359
-2.92685614824296
-6.48969220519066
-9.98496006131172
-7.98674938678742
3.95739532709121
-7.02301995158196
7
6.62621777057648
-11.2170015931129
-2.760606610775
3.65538355708122
3.36570081710815
4.99305673837662
8.33915133476258
2
7
-8.87668179869651
7.1327526807785
-23.6321964859962
-2.58862602710724
6.08014968633651
-0.124382233619689
6.92330992817879
7
0.386827129125598
0.829121100902563
4.03406904935837
6.52449714541435
-5.32894343733788
1.63641283512115
8.5738662302494
|FiveFeelerGenome 3
2
6
7
5.74678901433942
1.05494799017906
-0.75692912936211
2.05587753057479
7.51773440241814
-2.0933964908123
-8.44711332917214
7
-15.1486937522889
-7.72033132910728
7.40988453030587
-12.6545207738876
0.76244006752967
-1.93612836003305
1.69012395739556
7
9.93432336449623
-2.69803553819656
-6.9758066534996
-0.395812606811518
9.22325609326362
3.87286417484283
-3.53638707995415
7
8.16282638311385
-4.73382393121719
-8.4138939499855
0.145228558778758
-1.56482030153274
1.9612719297409
-2.46121128797531
7
-8.62791984081269
-3.31437709331513
-6.97394678592682
-9.44381811618805
-7.86315003037453
1.39294662475586
-7.4610326230526
7
6.4022948384285
-11.2839356541634
-1.66618449091912
1.94259016513825
5.87542546391487
5.60086110830308
5.59998909831047
2
7
-7.90972434878349
7.07339267730712
-24.5868949532509
-2.3749569118023
6.34679042696952
-0.483402562141417
8.44646032452583
7
0.386827129125598
0.829121100902563
4.61521247625351
6.52449714541435
-5.32894343733788
1.58700633049011
8.45094209313393
|FiveFeelerGenome 3
2
6
7
6.49477614164349
2.03055710196495
-0.789668816328052
1.68152154684066
7.27690066099167
-2.17704083919525
-8.54867821335793
7
-15.0610315084458
-7.29976630210876
7.47471008896828
-12.9886918127537
1.29492529034614
-2.95493255257608
1.47817331552506
7
7.08786785006523
-2.7806409060955
-7.9376810669899
-0.083799153566355
10.0860390126705
2.15882360935211
-2.78102402091027
7
9.0560460448265
-3.02249504327774
-8.03493322134018
0.476675993204112
-2.03541544675826
2.01374187469482
-4.01584028601646
7
-7.27830287814141
-2.64066780805588
-7.05400967001915
-9.98496006131172
-7.98674938678742
3.3685513138771
-7.02301995158196
7
4.25027562975884
-12.3902490437031
-1.65509513020516
1.54592358469963
6.22191168665886
7.9707291007042
7.60688041448593
2
7
-8.28256148695945
7.1327526807785
-24.1799093604088
-2.58862602710724
6.08014968633651
-0.124382233619689
6.99925571084022
7
1.09073209762574
0.904296910762792
2.56795631051063
7.2091453552246
-5.46048969626427
0.284458202123641
10.2635334551334
|FiveFeelerGenome 3
2
6
7
6.49477614164349
2.47172641158104
-0.789668816328052
1.68152154684066
7.13329383134842
-2.17704083919525
-8.54867821335793
7
-15.0610315084458
-7.74510533809661
7.4128459751606
-12.6805840313435
1.29492529034614
-2.678558665514
1.47817331552506
7
7.66828042864799
-2.7806409060955
-7.9376810669899
-0.083799153566355
10.0860390126705
2.15882360935211
-2.70037586092949
7
9.0560460448265
-3.02249504327774
-8.03493322134018
0.476675993204112
-2.03541544675826
2.50502743721008
-4.01584028601646
7
-7.27830287814141
-2.2508524298668
-6.93384749293328
-10.1816008150578
-7.98674938678742
3.3685513138771
-7.02301995158196
7
4.48794345259667
-12.3902490437031
-1.65509513020516
1.54592358469963
6.68186504244804
7.9707291007042
7.60688041448593
2
7
-7.84918689131736
7.52989900112152
-24.1799093604088
-2.58862602710724
6.08014968633651
-0.124382233619689
6.57475529313087
7
1.09073209762574
0.904296910762792
2.56795631051063
7.2091453552246
-5.46048969626427
0.284458202123641
9.76763191819191
|FiveFeelerGenome 3
2
6
7
4.34512893557545
0.545906454324718
-0.886957687139515
-0.380924272537236
7.77040390968323
-1.03217793703079
-8.04965383410454
7
-14.5625473439694
-8.00250349044799
8.00761656165124
-12.4182429075241
1.71624761223792
-3.62927415966989
1.80327610969544
7
9.82780683636665
-2.19418865442276
-8.73517417311668
0.628233122825628
10.2027853429317
3.22380219101906
-4.0682197034359
7
8.31229430437087
-4.56618765592575
-8.27083865404129
-0.0601037681102801
-1.06641279458999
1.60241854190826
-2.61931263208389
7
-6.19655712842942
-3.80817281007767
-6.00142203569413
-10.0773923456669
-7.12841641306878
2.67470922470093
-5.73468740582466
7
4.48794345259667
-12.7661229431629
-0.946804553270345
1.63741437792778
5.89908721446991
8.28111912012101
7.60688041448593
2
7
-6.11334132552146
6.9192974448204
-23.5703678488731
-2.93008098006249
9.59698539972305
0.813997906446458
9.00532904267311
7
-0.516310930252073
0.645325374603277
2.14352507591247
6.31299457550049
-5.62518224716187
2.65850875973701
7.73686983585357
|FiveFeelerGenome 3
2
6
7
6.49477614164349
1.97904717326164
-0.06886920332909
1.64186791181564
7.90345445871354
-2.17704083919525
-9.18828142285347
7
-14.637307214737
-7.65899149775505
7.40988453030587
-12.4359652101994
0.76244006752967
-1.93612836003305
1.69012395739556
7
9.93432336449623
-2.69803553819656
-7.31065090894699
-0.488455516099924
8.85580370426177
3.35186731815338
-3.03214408755303
7
8.63828862905502
-4.56618765592575
-8.51730047464371
-0.464620727300649
-1.66836737394332
1.47900767326355
-2.61931263208389
7
-6.31598514914513
-3.26104387044907
-5.13142358064652
-9.57571413516998
-7.39365221261979
2.89570740461349
-6.15308059453965
7
6.91638904809952
-11.3106860041618
-1.82610308527947
1.95928530693054
6.21477268338203
4.80700307488442
7.02994968295098
2
7
-6.28079690933227
6.46265600919723
-23.7767099738121
-2.98083211183548
8.02475608587265
-0.306289237737654
8.40296648144722
7
-0.240321117639539
0.907343256473546
3.05773967504501
5.93671535849571
-4.05211719274521
0.378528922796248
8.05847470760345
|FiveFeelerGenome 3
2
6
7
5.55682721137997
1.27283881306648
-0.713790911436085
-0.857989549636845
7.87890877723694
-0.756036776304246
-7.04197725057602
7
-13.6936681389809
-6.92337462902069
7.38504691720009
-13.0294991195202
3.17406182885169
-2.16705933213235
1.4827501654625
7
9.01327676773071
-3.19481853842735
-7.0398652434349
-0.197101527452463
9.93676828742027
2.8352988243103
-3.24989919066429
7
9.00522927045822
-3.99496799111366
-8.28366626501083
-0.307890743017202
-1.66836737394332
1.47900767326355
-2.0279688000679
7
-9.27570591568947
-1.33129038214684
-7.51841949820519
-8.45521917343139
-7.7077497959137
0.711012399196623
-8.21770833730698
7
6.95263241529465
-11.7763583302498
-1.45490230917931
1.94259016513825
6.36213803887367
5.38371005654336
5.76592764258385
2
7
-7.83041577339172
6.84745912551879
-24.4565820991993
-2.80317378044129
8.00940769910812
1.67062605023384
10.0640185415745
7
-0.240321117639539
0.426868569850927
3.05773967504501
5.93671535849571
-3.41640563607216
0.378528922796248
8.76902055740356
|FiveFeelerGenome 3
2
6
7
4.51101776957509
0.328961467742916
-0.228859233856205
1.01935078501701
8.67200908660889
-2.9879912853241
-6.97533907294274
7
-12.7480000078679
-6.90941405296325
7.67844439148903
-13.2198093414307
3.18750341534614
-2.4714932024479
1.57367841005326
7
10.1160463690758
-3.19858051538467
-6.04983414411545
-1.2227382004261
8.88706159591674
3.03538796901703
-3.03214408755303
7
7.99772518873214
-2.89601687192917
-8.97596386671066
0.874059474468226
-1.44015358686446
2.04459827542305
-3.49781281352043
7
-7.99328057765961
-0.988723599910744
-5.66618122458458
-9.11791563034057
-8.34443662166596
0.6268217921257
-7.25271930694581
7
6.91638904809952
-11.3106860041618
-1.49592029452324
2.03602137565613
6.21477268338203
4.88515420556069
7.02994968295098
2
7
-6.43903002142905
7.4080112338066
-23.5703678488731
-3.38604120612145
9.59698539972305
1.03563847541809
8.42960675358772
7
-0.907772684097288
0.855743098258977
2.23849101066589
5.99650376439094
-5.13407392501832
2.9729347705841
7.77227578163147
|FiveFeelerGenome 3
2
6
7
4.51101776957509
0.328961467742916
0.36023697853088
1.01933612227439
9.06299619674683
-2.9879912853241
-6.97533907294274
7
-15.1486937522889
-7.9848826110363
7.40988453030587
-12.6545207738876
0.76244006752967
-1.93612836003305
1.69012395739556
7
9.93432336449623
-2.69803553819656
-6.9758066534996
-0.395812606811518
9.22325609326362
3.87286417484283
-3.53638707995415
7
8.16282638311385
-4.73382393121719
-8.01770020723343
0.145228558778758
-1.56482030153274
1.9612719297409
-3.05595701932907
7
-9.27570591568947
-1.33129038214684
-7.17090935111046
-8.67270333766937
-7.7077497959137
0.711012399196623
-8.21770833730698
7
6.4022948384285
-11.2839356541634
-1.66618449091912
1.94259016513825
5.87542546391487
5.60086110830308
5.59998909831047
2
7
-7.44861614108085
7.07339267730712
-24.5868949532509
-2.3749569118023
6.34679042696952
-0.483402562141417
8.44646032452583
7
-0.0791900396347018
0.426868569850927
3.05773967504501
5.93671535849571
-3.69469989538193
0.825754445791243
8.76902055740356
|FiveFeelerGenome 3
2
6
7
5.54389206171033
1.05494799017906
-0.75692912936211
2.60191406011581
7.95841991305352
-2.0933964908123
-8.44711332917214
7
-13.4227088809014
-6.92337462902069
7.74956598877907
-12.8923885822296
3.17406182885169
-2.16705933213235
1.4827501654625
7
10.1160463690758
-3.19858051538467
-6.58755296468735
-0.089774256944651
8.85580370426177
3.03538796901703
-3.03214408755303
7
9.22008120417594
-4.50084169507027
-7.78864377737045
-0.115360134840017
-1.84833694696426
1.18430206775665
-2.0279688000679
7
-8.62791984081269
-3.31437709331513
-6.97394678592682
-9.84690749645233
-7.86315003037453
1.39294662475586
-7.4610326230526
7
7.22516623735428
-11.3106860041618
-1.49592029452324
2.94139094352722
6.21477268338203
4.82144101262093
6.84986638426781
2
7
-7.83041577339172
6.84745912551879
-24.42917714715
-2.80317378044129
8.00940769910812
1.30268004536629
10.0640185415745
7
0.386827129125598
0.829121100902563
4.61521247625351
6.6045969903469
-5.32894343733788
1.58700633049011
8.45094209313393
|FiveFeelerGenome 3
2
6
7
7.51425136923787
-0.798612880706791
-1.55218371748925
0.0150451481342268
4.20867191553116
-0.19700996875763
-8.88689861893654
7
-13.4227088809014
-7.05335412025451
7.74956598877907
-12.6769518375397
3.65866339802741
-2.16705933213235
1.4827501654625
7
10.0316226780415
-2.61302968263626
-8.20341529250145
0.504708957672125
10.2027853429317
3.44543857574463
-3.23186932802201
7
8.45290127992629
-3.15783852338791
-8.20962606668472
0.476675993204112
-2.59950560331344
2.44811732769012
-3.93260776400566
7
-5.73379710912705
-3.68453963994981
-5.69420911073685
-10.0773923456669
-6.47898444533349
2.92812411785125
-6.06717596650124
7
6.23445214033127
-11.016750317812
-1.71289886236191
3.11684201359749
6.98770240545273
4.82930094003678
7.00128865242005
2
7
-8.32338678240775
7.69570608139038
-24.0755685687065
-2.04245309829712
6.03249341249465
0.82824748158455
7.77769721150398
7
-0.512664127349851
0.396322178840642
2.37114899158477
6.31299457550049
-5.13407392501832
3.16356844902038
7.77227578163147
|FiveFeelerGenome 3
2
6
7
6.57576647996899
1.4783827483654
-1.78559955954552
0.717874944210048
8.00942338705063
-2.97124042510986
-8.05352100729943
7
-15.0610315084458
-7.65638880729675
7.47471008896828
-12.646461969614
1.89661899805068
-2.83363626599313
1.47817331552506
7
8.98203904628753
-2.80514892935753
-6.93965600132942
1.21222548484803
9.70746538043022
1.55320969223976
-2.66730996370316
7
8.97311233878135
-3.53771007657051
-6.785674649477
1.23766883015632
0.0316882252693243
-0.14004676938057
-1.96474232077598
7
-9.27570591568947
-1.37971298098565
-7.44243042469025
-8.90897884368896
-7.7077497959137
0.711012399196623
-7.87856739759446
7
4.48794345259667
-12.3902490437031
-1.65509513020516
1.54592358469963
5.79776274561882
7.9707291007042
7.60688041448593
2
7
-7.53422436714172
6.30366449356079
-24.8919514000416
-2.43065865039826
7.57368348836898
0.919303756952287
9.46155214309692
7
0.28146080374718
0.726570880413061
2.97178403139114
6.13092372417449
-4.05211719274521
1.03375188708305
8.2440098285675
|FiveFeelerGenome 3
2
6
7
6.49477614164349
2.03055710196495
-1.08993646502495
1.68152154684066
7.61766802072525
-2.0486201941967
-8.92779908776284
7
-15.5866359174252
-8.40070601105689
6.21057004928589
-11.8326610684395
3.26559517979621
-1.47663350105287
0.360657125711451
7
9.11494534611702
-3.13999325633049
-6.70618878602981
1.04798676371575
9.48562487959861
3.12292774319649
-2.79497023820877
7
9.37447589635848
-4.18399676084519
-8.04691053628921
-1.24757143259049
-0.240824103355401
1.50341205596924
-1.70932909250259
7
-7.57138013243676
-3.1835916876793
-7.05400967001915
-10.4171255886555
-8.57291870117188
3.63311972618103
-7.29990261793137
7
8.37264241576195
-12.6401684999466
-1.04486609697342
2.15453512072563
5.33368084430694
5.44322117567063
5.06286612153053
2
7
-8.15098145008086
7.41605296134948
-24.4565820991993
-2.48820576667786
7.67006918787956
1.33531773686409
10.4422351181507
7
-0.240321117639539
0.373127543926244
2.77236973047256
6.13092372417449
-4.05211719274521
-0.00130649209022671
8.2440098285675
|FiveFeelerGenome 3
2
6
7
6.49477614164349
2.03055710196495
-1.40868210196495
1.68152154684066
7.15532313585282
-2.26294956207275
-8.92779908776284
7
-14.9014940738678
-7.86060254573821
8.76550686955452
-12.082003313303
1.31183593869208
-1.98191309571267
1.99341849684716
7
9.00930917263031
-3.24329585433006
-6.70618878602981
1.30804400444031
9.48562487959861
3.00384674668312
-2.79497023820877
7
9.06175863146781
-5.22180808782578
-8.19908992052078
-0.0565900743007709
-1.1149238705635
2.02268650531769
-2.95778688192367
7
-5.73379710912705
-3.80817281007767
-6.42665687799454
-10.0773923456669
-7.01184353232384
2.92812411785125
-6.06717596650124
7
7.90889734625816
-12.6401684999466
-1.1699477493763
2.47888085246086
6.28108184337616
5.10014075040818
4.56163635849953
2
7
-7.43712947368621
6.30366449356079
-24.9784798204899
-2.43065865039826
7.57368348836898
0.919303756952287
9.46155214309692
7
1.02899184823036
0.904296910762792
2.56795631051063
7.2091453552246
-5.75636717677117
0.284458202123641
10.2635334551334
|FiveFeelerGenome 3
2
6
7
6.49477614164349
1.60415360331535
-0.06886920332909
2.55819534063339
8.22965041399003
-2.17704083919525
-7.94315815567971
7
-14.637307214737
-7.42893687486648
7.40988453030587
-12.0086516201496
0.76244006752967
-1.93612836003305
1.77106308341027
7
10.0628285706043
-2.69803553819656
-6.9758066534996
-0.113259178400034
8.85580370426177
3.35186731815338
-2.61729804873467
7
8.18264454603195
-4.56999376416206
-8.28366626501083
-0.613112467527394
-1.25990213155746
1.47900767326355
-2.32608454823494
7
-6.58391426205636
-2.69109870195389
-7.00863130688668
-9.88518496155739
-8.30199248790741
3.41846053600311
-5.57662829756737
7
7.30487610697746
-10.9904307663441
-0.822212833166127
2.58935167193413
5.49066553115845
7.16677011847497
6.41479008793831
2
7
-6.11334132552146
6.18313742876052
-23.5703678488731
-2.93008098006249
9.641337621212
0.813997906446458
8.41926637291908
7
-0.240321117639539
0.829121100902563
2.46505144834518
5.93671535849571
-4.05211719274521
0.519515484571456
8.78327918052673
|FiveFeelerGenome 3
2
6
7
4.34512893557545
0.545906454324718
-0.886957687139515
-0.380924272537236
7.77040390968323
-1.55988289117813
-7.34471644759179
7
-15.0698194980622
-7.69911906123161
7.1151336491108
-12.1726575434208
1.74174519181251
-2.29043071866037
1.39239476919175
7
9.82780683636665
-2.99519325494766
-8.20341529250145
0.474695396423345
10.2027853429317
3.28390579223633
-4.59387773871422
7
8.16282638311385
-4.56618765592575
-8.12450913190842
-0.631206363439565
-0.846632748842233
1.60241854190826
-2.8527223944664
7
-9.07411997318268
-1.80428056120873
-7.22925674915314
-8.76416975855827
-7.63926241397858
1.27253421545029
-8.6553744673729
7
6.3207692027092
-11.3106860041618
-1.31734634637833
1.95928530693054
6.40892797708511
4.78320508599282
6.92319876551628
2
7
-6.56179256439208
6.46265600919723
-23.8168705105782
-2.87574564814568
8.53182541131973
0.552616387605668
8.33351536393165
7
-0.915464758872984
0.645325374603277
1.87704839706421
6.81851272583008
-5.22568473815918
3.15779245495796
7.73686983585357
|FiveFeelerGenome 3
2
6
7
6.66907759904858
1.52326869368553
-0.963092797994617
1.24236561059951
7.44982160329819
-3.31205155849457
-9.29791004657746
7
-15.4441518068314
-7.42803289890289
8.02784824967385
-12.6005565702915
1.07492099404334
-1.98191309571267
1.83941435217858
7
8.89818525314331
-2.80514892935753
-7.35172255635261
1.21222548484803
10.2055927932262
1.55320969223976
-3.36407212018967
7
9.02522329688072
-3.08170550465584
-7.43737741112709
0.351641190052028
-0.942325723171227
2.0947657585144
-2.42429552674293
7
-8.71848396658898
-2.0499766111374
-6.74345176219941
-9.42251787185669
-7.86315003037453
1.05949411392212
-8.22889999747277
7
7.16004164814949
-12.1403251171112
-1.29976262450219
2.18339787125588
7.02866291999817
7.36280442476273
5.02305019497872
2
7
-7.56818649768829
6.75279088020324
-24.3040365040302
-2.64194784164429
7.57368348836898
0.919303756952287
9.46155214309692
7
-0.240321117639539
0.215739452838903
3.05773967504501
6.13092372417449
-3.67351030111313
0.441435593366622
8.2440098285675
|FiveFeelerGenome 3
2
6
7
7.29669727087018
2.00659905672073
-1.51555822491646
1.04359189271926
7.05347172021866
-1.91358740329742
-8.48191733360291
7
-13.6171337723732
-7.26898870468139
7.84694197773934
-13.1218743801117
3.39430852532386
-1.87054049968721
2.07646878957749
7
9.66890705227852
-2.69663327932358
-7.16677185297012
-0.762839204072947
9.20651533603668
4.85135017037392
-2.90424599051476
7
7.80602606534957
-2.61780558228493
-7.40499266982079
0.626845437288279
0.200613820552833
1.19768412709236
-2.63014811277389
7
-5.73379710912705
-3.80817281007767
-5.6506753563881
-10.6393194258213
-6.47898444533349
2.92812411785125
-5.75742302536965
7
6.4022948384285
-10.9412596344948
-1.97163261175156
1.57541778087616
6.19874916672707
5.3022188782692
7.31641652584076
2
7
-8.32338678240775
8.03020386695861
-23.5303012251854
-1.67304396629334
5.62848678827285
1.53411956429482
7.77769721150398
7
-0.964299631118772
0.396322178840642
1.79604732990265
6.44963136315346
-5.13407392501832
2.64893055558204
7.77227578163147
|FiveFeelerGenome 3
2
6
7
6.49477614164349
2.03055710196495
-0.910661119222645
1.68152154684066
6.97277520895005
-2.48259136676788
-8.54867821335793
7
-15.5866359174252
-8.75410426855087
6.69271686077118
-10.998424756527
3.19883657097816
-1.68945920467378
0.151602464914332
7
8.43742945194244
-3.53159382343292
-6.33617878556251
-1.30113473534584
10.3425631940365
2.73301846981049
-3.07737929224968
7
9.6839175581932
-3.78294900655747
-8.04691053628921
-1.24757143259049
-0.0746572315692834
1.50341205596924
-2.24581352472305
7
-6.74190804958344
-1.6512063920498
-5.46358467936516
-9.502810049057
-7.60035366415978
1.83966383337974
-6.57761443257332
7
7.85841128826142
-12.6401684999466
-1.39714857339859
2.36337613463402
5.85213253498077
5.10014075040818
5.06286612153053
2
7
-7.45125184059142
7.41605296134948
-24.3388653814793
-2.48820576667786
7.45784953832626
0.981394749879838
9.93411973118782
7
0.386827129125598
0.829121100902563
3.77344008684158
6.61070384383201
-5.32894343733788
1.58700633049011
8.73266924023628
