40
926
|2
6
5
-4.08619703650475
2.783726811409
-0.746221017837521
-1.21750427186489
-1.21981833577156
5
-5.37963525950908
3.17107068598271
-0.918220522999778
-0.979049798846254
-1.09388926327228
5
-3.09177710711955
3.06767796576023
2.09357111454009
-2.12769239246844
-3.83300185501576
5
4.18000487089157
-0.442733401060104
-0.473069342970848
3.04171477854252
-1.73985502421855
5
-0.99925710856914
-1.09954899549484
-3.88739953637123
0.748300042748454
1.03823850154876
5
-0.287548896670338
-0.276207965612412
2.33121750950813
1.88058320581912
-2.65425072312356
2
7
4.11795330047608
7.05208465754984
2.88434249758719
-6.57788565158844
0.690396028757091
0.574898424744606
-3.51567110121251
7
-2.01746937334537
0.688667887449268
-2.50797501504421
4.1627898335457
-0.0984383940696785
1.39555189609528
3.11987149119377
|2
6
5
-3.36846930384636
2.76631398200989
1.81264513134956
-1.52128362953663
-1.96251707673073
5
-4.92617365419865
3.90225450694562
0.146233060955986
-2.16686536371709
-1.94164076149463
5
-3.07409532368183
3.42510112822056
1.57744543552398
-2.67688906490802
-4.26754296123982
5
3.14265239834785
-1.05095562338829
0.827861753106118
3.36166596114636
-1.80846464335918
5
-0.67279295027256
-1.28834596872329
-2.53073714375495
0.757417407631877
1.18144099712371
5
-0.523360684514042
0.0911898672580714
1.1938886463642
2.38637973368167
-2.28642559647561
2
7
4.94979835152627
6.9947045534849
2.88434249758719
-6.38336028456688
1.27579935789108
0.574898424744606
-2.62380178868771
7
-2.2758083730936
1.51420423984528
-2.57236319482326
3.50505869984628
0.0944282412528923
0.153232002258301
2.96892393827439
|2
6
5
-3.36846930384636
2.76631398200989
1.26552456021309
-1.52128362953663
-2.44998174309731
5
-4.92617365419865
3.65609554350377
0.146233060955986
-2.16686536371709
-1.70084870159625
5
-3.07409532368183
3.42510112822056
2.04444663524627
-2.67688906490802
-3.78037970364094
5
3.14265239834785
-0.557166665792464
0.206992164254189
3.08820053637028
-2.15498115718364
5
-1.15217207968235
-1.28834596872329
-2.79420257806777
0.757417407631877
1.18144099712371
5
-0.523360684514042
-0.50314137339592
1.1938886463642
2.38637973368167
-2.28642559647561
2
7
4.85358451008797
6.9947045534849
2.56585041880607
-6.57788565158844
1.48176926374435
0.574898424744606
-2.59527896344663
7
-2.2758083730936
1.16989695429802
-2.57743750512599
3.98920472264291
0.0944282412528923
0.153232002258301
3.44549840688706
|2
6
5
-2.49345177412033
2.15601859092713
-0.633817148208617
-1.05255472958088
-1.5684839785099
5
-6.69502124488354
2.34760955870153
0.621293780207619
-0.990146991610536
-0.882999184727659
5
-4.22745414078235
3.93994639217853
2.5261440694332
-2.06963331401347
-4.08918591439725
5
3.12708033323287
-2.07137754559517
1.25127120912075
3.51023432314396
-0.193561401963228
5
-1.33458335697651
-1.05451148748397
-3.29566930532455
0.105137023329737
1.58840162754059
5
0.164692857861523
1.23468226790428
0.577671581506721
2.8739158540964
-2.1823827803135
2
7
5.39284284710885
6.9947045534849
2.88434249758719
-6.79438548088074
1.48937958478927
0.218133011460304
-2.01147092282773
7
-2.42808260023594
1.53256637454033
-2.45757437646389
5.08760495185853
0.0944282412528923
-0.527091145515442
2.30464626550674
|2
6
5
-2.03162015676498
2.15601859092713
-1.0379602432251
-1.51023541390896
-1.5684839785099
5
-6.69502124488354
2.83038493692876
-0.133281782269493
-1.54328472316266
-0.84344246685504
5
-4.74177544414997
3.93994639217853
2.35162331461906
-2.06963331401347
-4.08918591439725
5
3.3593067228794
-1.87721994519233
0.798738560080528
3.51023432314396
-0.685806551575655
5
-0.74875141084194
-0.644770443439471
-2.74911550283432
1.28335346281529
1.33939862847327
5
0.380978056788448
0.203352695703507
0.955691820383064
2.8739158540964
-2.31691444516183
2
7
3.43333210945129
7.80400545895098
3.12017940878867
-4.84789025187492
2.02798065543175
-0.291968640685081
-2.97077384889126
7
-1.74318882524967
1.53256637454033
-2.45757437646389
4.74522790908814
0.0944282412528923
-0.370318460464477
2.30464626550674
|2
6
5
-1.65825895071029
1.84854445457459
-1.0379602432251
-1.82688220441342
-2.22801964879036
5
-5.07989711463451
2.12860969603063
0.829264113306981
-1.6263954371214
-1.6490031927824
5
-2.69656632244587
4.21511147916317
1.63512138724326
-3.31674368679522
-3.59602697193623
5
3.51048281788826
0.271114552021027
-1.03057201206684
2.08123561441899
-1.37371155321598
5
-0.256370916962618
-1.20322738885879
-4.26539202332497
0.462874826788905
1.1269959449768
5
-0.523360684514042
-0.0407087981700902
1.15872660279273
2.44656714498996
-2.60765268802644
2
7
3.89495401382446
7.31779651343821
2.42272145152091
-5.86743294596672
2.11586096286773
1.18295839130878
-2.66217820942402
7
-1.5593437999487
1.34353207945824
-1.86651800572872
3.93596725463868
-0.278331434726722
0.444214701652527
1.6315457701683
|2
6
5
-2.49345177412033
2.15601859092713
-0.458731001615524
-1.05255472958088
-1.5684839785099
5
-6.69502124488354
2.34760955870153
0.621293780207619
-0.990146991610536
-1.14143274128436
5
-4.22745414078235
3.93994639217853
2.5261440694332
-2.34423021972178
-4.08918591439725
5
3.12708033323287
-2.07137754559517
1.25127120912075
3.82708174288273
-0.193561401963228
5
-1.33458335697651
-1.05451148748397
-3.29566930532455
0.105137023329737
1.58840162754059
5
0.164692857861523
1.23468226790428
0.577671581506721
2.8739158540964
-2.1823827803135
2
7
5.39284284710885
6.9947045534849
2.88434249758719
-6.79438548088074
1.38584080934524
0.218133011460304
-2.01147092282773
7
-2.53576056063175
1.60081872344017
-3.01759015023708
5.41289281845093
0.0944282412528923
-0.462291765213012
2.30464626550674
|2
6
5
-2.03162015676498
2.15601859092713
-1.0379602432251
-1.51023541390896
-1.5684839785099
5
-6.69502124488354
2.83038493692876
-0.462235048413292
-1.87943374812604
-0.84344246685504
5
-3.07409532368183
3.42510112822056
1.6558303117752
-2.97993376553058
-4.49244196712971
5
3.14265239834785
-0.720045560598372
0.507259240746499
3.95369729697705
-1.80846464335918
5
-2.42594341337681
-0.981121885776513
-2.50576298832892
1.20418945848942
1.29570531845092
5
-0.350583955645558
-0.154873842000962
1.68286665081977
2.38637973368167
-1.44475443363191
2
7
3.49675882458687
7.31694970428942
3.12017940878867
-5.38695761561394
0.766342347860334
0.0980821996927265
-2.67318667471409
7
-1.90243865549564
0.922557944059375
-1.67163043320179
4.60619943141938
0.213352006673806
-0.0613778531551359
2.66106570959091
|2
6
5
-3.36846930384636
2.76631398200989
1.81264513134956
-1.52128362953663
-2.44998174309731
5
-4.51563030779362
3.14425873458386
-0.395206376910225
-1.57276836931707
-2.48808741867541
5
-4.74177544414997
3.93994639217853
2.35162331461906
-2.06963331401347
-4.5389464467764
5
3.3593067228794
-1.87721994519233
0.798738560080528
3.51023432314396
-0.685806551575655
5
-0.74875141084194
-0.644770443439471
-2.74911550283432
1.28335346281529
1.33939862847327
5
0.380978056788448
0.203352695703507
0.955691820383064
2.38817495405673
-2.31691444516183
2
7
3.43333210945129
7.80400545895098
3.12017940878867
-4.84789025187492
2.02798065543175
-0.291968640685081
-2.97077384889126
7
-1.74318882524967
1.53256637454033
-2.45757437646389
4.74522790908814
0.0944282412528923
-0.370318460464477
1.83833299875259
|2
6
5
-2.03162015676498
2.15601859092713
-1.0379602432251
-1.51023541390896
-1.5684839785099
5
-6.69502124488354
2.83038493692876
-0.133281782269493
-1.54328472316266
-0.84344246685504
5
-4.74177544414997
3.93994639217853
2.76333023905753
-2.06963331401347
-4.08918591439725
5
3.3593067228794
-1.32642682194709
0.951853194832802
3.69595617949962
-0.685806551575655
5
-0.483651617169378
-0.644770443439471
-2.74911550283432
0.785741463303569
1.33939862847327
5
-1.5572031468153
1.0848466694355
3.67496243715285
2.81438504755496
-0.984800148010263
2
7
5.08023176193238
7.41935918033122
3.28608848452567
-7.56170132160187
1.41628531217575
0.636139765381813
-2.18723801076413
7
-2.63620592653751
1.25167328715325
-1.54830223023891
3.98920472264291
0.195488369464867
0.337646174430847
2.75242131948471
|2
6
5
-3.79503638148308
2.89736835956574
1.81264513134956
-1.52128362953663
-2.47459662556649
5
-5.44086381494999
3.09549697935582
0.323302397131905
-2.65285653173925
-2.32010917961596
5
-2.69656632244587
4.42978740632534
1.63512138724326
-2.76610405743121
-3.11455385982991
5
3.14983642697334
0.271114552021027
-1.30640230476856
2.08123561441899
-1.26647347509861
5
-0.896347489953036
-1.20322738885879
-3.60100563168526
0.462874826788905
1.1269959449768
5
0.0590129822492638
0.203352695703507
1.08973503708839
3.25069569647311
-2.31691444516183
2
7
3.33168332576752
7.80400545895098
2.54830684065818
-4.84789025187492
2.02798065543175
-0.291968640685081
-2.97077384889126
7
-2.09683608114719
1.08967809081078
-2.3302293151617
4.36354861855508
0.0944282412528923
1.76999492645264
3.30648173093796
|2
6
5
-1.96058340668678
2.15601859092713
-1.58819947242737
-1.23270138204098
-1.76437943577767
5
-6.08208892047405
2.5602877765894
-0.656697776913657
-1.01927900016309
-1.12804014980792
5
-2.63764121234416
3.20302337706089
2.28982139229773
-2.52597482502459
-3.84999590218068
5
4.2384106516838
-0.442733401060104
0.0745789438486097
2.70695864260197
-1.80771476924418
5
-1.1892161399126
-0.968932926654813
-4.35668903589249
0.638741031289103
1.72344053387641
5
-0.523360684514042
-0.961133927106858
2.43178997635841
1.99209622442721
-3.04274273514749
2
7
3.31325855255127
7.53804127871989
2.58545836806297
-6.27360364794731
1.89069733023643
0.989550682902336
-2.66217820942402
7
-1.79545928537846
1.34353207945824
-1.31725166738033
3.93596725463868
0.0944282412528923
0.0938995361328129
1.92102957963943
|2
6
5
-3.36846930384636
2.76631398200989
1.81264513134956
-1.52128362953663
-2.44998174309731
5
-4.89422682821751
3.90225450694562
0.146233060955986
-2.16686536371709
-2.29032149612903
5
-3.28137193024158
3.42510112822056
1.57744543552398
-2.67688906490802
-4.26754296123982
5
3.14265239834785
-1.05095562338829
0.507259240746499
3.36166596114636
-1.80846464335918
5
-0.676578441262245
-1.28834596872329
-2.79420257806777
0.757417407631877
1.18144099712371
5
-0.775047662854191
-0.0407087981700902
1.1938886463642
2.38637973368167
-2.28642559647561
2
7
5.39284284710885
6.9947045534849
2.62558621764182
-6.57788565158844
1.96511062383651
1.14386920034885
-2.32784169614316
7
-2.28218280375004
1.68447532057762
-2.45757437646389
5.08760495185853
0.0944282412528923
-0.0486839056015012
2.30464626550674
|2
6
5
-3.36846930384636
2.76631398200989
1.81264513134956
-1.52128362953663
-2.44998174309731
5
-4.51563030779362
3.631860730052
-0.395206376910225
-1.57276836931707
-1.6302673369646
5
-4.22745414078235
3.93994639217853
2.5261440694332
-2.06963331401347
-4.08918591439725
5
2.91413269639015
-2.42146890759468
0.689241847395897
3.51023432314396
-0.685806551575655
5
-1.38315401375294
-0.519552266597741
-3.29566930532455
0.528241977095606
1.58840162754059
5
0.164692857861523
1.23468226790428
0.577671581506721
3.09155370891093
-2.1823827803135
2
7
2.8159083366394
7.85646791160105
2.42849456667899
-5.76855620741844
1.40834023356437
0.27336520254612
-3.15330351889134
7
-2.25754889547825
0.869915980100635
-2.76482914388179
4.07987518906594
0.733865010738366
1.4189011156559
3.16176473498345
|2
6
5
-2.13232358694076
2.15601859092713
-1.0379602432251
-1.3445947021246
-1.08860860466957
5
-6.69502124488354
2.34760955870153
0.111492535471901
-0.990146991610536
-1.02293832600116
5
-3.07409532368183
3.42510112822056
1.17544667720794
-2.97993376553058
-4.49244196712971
5
3.14265239834785
-1.05095562338829
0.507259240746499
3.95369729697705
-1.80846464335918
5
-1.97181023657322
-1.10081657171249
-3.03314021229743
1.20418945848942
1.29570531845092
5
-0.350583955645558
-0.154873842000962
1.51540060639381
1.88766194880008
-1.44475443363191
2
7
3.49675882458687
7.31694970428942
3.12017940878867
-5.38695761561394
1.08696545958519
0.0980821996927265
-2.67318667471409
7
-1.88333453238011
1.28244101405144
-1.67163043320179
4.60619943141938
0.0296659111976555
-0.0613778531551359
2.15378409624099
|2
6
5
-2.13467448949814
2.15601859092713
-1.73895342350006
-1.23270138204098
-1.76437943577767
5
-5.75173361003398
2.5602877765894
-0.556299832463279
-1.01927900016309
-1.12804014980792
5
-2.63764121234416
3.20302337706089
2.28982139229773
-2.52597482502459
-3.84999590218068
5
4.2384106516838
-0.442733401060104
0.0745789438486097
2.70695864260197
-1.28197104632854
5
-1.1892161399126
-1.19992133378982
-4.35668903589249
0.638741031289103
1.16353476643562
5
-0.523360684514042
-0.516737669706345
2.43178997635841
1.99209622442721
-3.04274273514749
2
7
4.91272319555283
7.76288610398768
2.58892419338226
-5.01594251990318
1.11123766303062
-0.297315892577172
-2.11663220226765
7
-1.45576058924198
1.90696098208428
-2.20489426553249
4.06945233941079
0.671650278568261
0.804209923744202
2.39438933134079
|2
6
5
-2.01271746754647
1.72413001060486
0.256735825538636
-1.22363708913326
-2.17418857216835
5
-6.44465985000133
3.13699218332768
-1.07994206249715
-1.57801947295667
-1.41939714252948
5
-3.14056520164012
3.17264639437199
1.69417324066161
-2.12769239246844
-3.72190785109997
5
3.3593067228794
-2.54046857953071
0.608559069037437
3.51591100394725
-0.470529469847673
5
-1.94674182832241
-0.878874754905694
-3.40439516901969
-0.538357284665107
-0.223443579673773
5
0.975363835692414
-2.0944191634655
3.19739308357238
2.27634205520152
-1.45853721499444
2
7
5.39284284710885
6.9947045534849
2.88434249758719
-6.57788565158844
1.96511062383651
0.733346882462501
-2.47974706590176
7
-2.28218280375004
1.88046604990959
-2.45757437646389
5.08760495185853
0.686205232143395
-0.0486839056015012
2.30464626550674
|2
6
5
-3.53495544791222
2.783726811409
-1.4943742275238
-0.817616447806357
-1.74957736134529
5
-5.07989711463451
2.2306783348322
1.06241180598734
-1.68489055335523
-1.93053784668445
5
-3.59399454891682
3.39236852228642
1.57744543552398
-3.0995147973299
-4.01795041263104
5
3.14265239834785
-0.859948170185088
-0.180438908934593
3.32618977725506
-1.75922221839428
5
-0.647478261590004
-1.05706132054328
-2.79420257806777
0.501514855027202
1.14780609607696
5
-1.06809459030628
-0.516737669706345
3.22634774446487
1.88058320581912
-3.04274273514749
2
7
5.44430878758431
6.94784922301768
2.56585041880607
-6.57788565158844
0.931289708614345
1.14074009954929
-2.89426485598088
7
-2.2758083730936
1.16989695429802
-2.65687101781368
4.2179278433323
0.0944282412528923
0.198480725288391
3.91738723516464
|2
6
5
-3.36846930384636
2.76631398200989
1.81264513134956
-1.52128362953663
-2.44998174309731
5
-5.3458626896143
3.65609554350377
0.159825852513298
-2.16686536371709
-1.42049321830272
5
-3.07409532368183
3.42510112822056
1.57744543552398
-2.2179769784212
-3.78037970364094
5
3.02075887322425
-0.557166665792464
0.206992164254189
3.51961432993412
-1.72262701690197
5
-1.4914806753397
-1.28834596872329
-2.46376816034316
0.368445673584941
1.18144099712371
5
-0.438291814923283
-0.0407087981700902
1.08572173714637
2.38637973368167
-1.73309746384622
2
7
3.31325855255127
7.52724656760691
2.89093257784843
-5.86743294596672
1.89069733023643
0.989550682902336
-2.24854595959187
7
-1.54729546010495
1.66531361937523
-1.31725166738033
4.33384492397309
0.538882577419274
0.0246235132217411
1.92102957963943
|2
6
5
-1.24015048742294
2.15601859092713
-1.32264425754547
-1.31751912534237
-2.22801964879036
5
-5.07989711463451
2.13088485300542
0.829264113306981
-1.6263954371214
-1.6490031927824
5
-4.22745414078235
3.93994639217853
2.5261440694332
-2.40836898982524
-4.08918591439725
5
2.91413269639015
-2.42146890759468
0.689241847395897
3.51023432314396
-0.685806551575655
5
-1.33458335697651
-0.60286275148391
-3.29566930532455
0.105137023329737
1.58840162754059
5
0.164692857861523
1.23468226790428
0.577671581506721
2.8739158540964
-2.1823827803135
2
7
2.8159083366394
7.85646791160105
2.42849456667899
-5.76855620741844
1.40834023356437
0.27336520254612
-3.15330351889134
7
-1.8420373827219
0.963311356306079
-2.76482914388179
3.59042769074441
0.733865010738366
1.4189011156559
2.71776515841484
|2
6
5
-2.49345177412033
2.15601859092713
-1.0379602432251
-1.3445947021246
-1.5684839785099
5
-6.69502124488354
2.34760955870153
0.111492535471901
-0.990146991610536
-0.891224768757811
5
-3.07409532368183
2.98229667246342
1.57744543552398
-2.60259409248828
-3.78037970364094
5
3.05058060288429
-0.369635355472563
0.62082032263279
3.08820053637028
-2.16963066756725
5
-1.42022832930088
-1.30814074277877
-2.79420257806777
1.21927720606327
1.29570531845092
5
-0.523360684514042
-0.452109307050705
1.1938886463642
2.38637973368167
-2.03338379859925
2
7
3.42698562741279
7.31694970428942
2.5794613778591
-5.26450304389
1.536333745718
0.0980821996927265
-3.73433150351048
7
-1.5704237550497
1.6582982480526
-2.5839868158102
4.60137572884561
0.427500522136681
0.804209923744202
2.96892393827439
|2
6
5
-3.20591901540756
2.76631398200989
1.81264513134956
-1.52128362953663
-2.92900052666665
5
-4.67492607533932
3.90225450694562
0.146233060955986
-2.16686536371709
-1.94164076149463
5
-3.07409532368183
3.42510112822056
1.57744543552398
-2.67688906490802
-4.26754296123982
5
3.14265239834785
-1.05095562338829
0.507259240746499
3.36166596114636
-1.80846464335918
5
-0.67279295027256
-1.28834596872329
-2.79420257806777
0.757417407631877
1.18144099712371
5
-0.523360684514042
-0.0407087981700902
1.1938886463642
1.80479656755923
-2.28642559647561
2
7
3.43333210945129
7.80400545895098
3.20240857005118
-4.84789025187492
2.02798065543175
-0.291968640685081
-2.97077384889126
7
-1.74318882524967
1.53256637454033
-2.45757437646389
4.74522790908814
-0.428033173084266
-0.0379721641540525
2.30464626550674
|2
6
5
-2.03162015676498
2.15601859092713
-1.0379602432251
-1.51023541390896
-1.48861158490181
5
-6.69502124488354
2.83038493692876
-0.133281782269493
-1.54328472316266
-0.84344246685504
5
-4.74177544414997
3.93994639217853
2.35162331461906
-1.72386753261088
-4.08918591439725
5
3.3593067228794
-1.87721994519233
0.798738560080528
3.51023432314396
-0.685806551575655
5
-0.507020166516302
-0.644770443439471
-2.74911550283432
1.28335346281529
0.996683698892585
5
0.380978056788448
0.203352695703507
0.955691820383064
2.8739158540964
-2.23283434510232
2
7
3.31325855255127
7.53804127871989
2.57562195658683
-5.86743294596672
1.89069733023643
0.403658816218376
-2.66217820942402
7
-1.79545928537846
1.34353207945824
-1.31725166738033
3.93596725463868
0.0944282412528923
0.388824439048767
1.92102957963943
|2
6
5
-1.46511209607125
2.06007633209229
0.256735825538636
-1.22363708913326
-2.17418857216835
5
-5.89219631850719
3.09538554251195
-0.953310969471946
-1.57801947295667
-1.41939714252948
5
-3.06214234530925
3.20302337706089
2.69975433945655
-2.52597482502459
-3.84999590218068
5
4.32106610536575
-0.442733401060104
-0.136558470129967
2.82276162207127
-1.11352762281894
5
-1.1892161399126
-0.803810936212537
-4.35668903589249
0.638741031289103
1.16353476643562
5
-0.523360684514042
-0.00989829897880601
2.43178997635841
1.99209622442721
-3.37839408516885
2
7
3.12013805508613
7.31694970428942
2.5794613778591
-5.26450304389
1.536333745718
0.0980821996927265
-3.23806947767735
7
-1.5704237550497
1.57522079348564
-2.5839868158102
4.868939524889
0.427500522136681
0.325787806510926
2.96892393827439
|2
6
5
-1.65825895071029
2.15601859092713
-1.32264425754547
-1.31751912534237
-2.00349445343018
5
-5.07989711463451
2.13088485300542
0.829264113306981
-1.6263954371214
-2.20531623065471
5
-3.07409532368183
3.00390919744969
1.57744543552398
-2.60259409248828
-3.78037970364094
5
3.05058060288429
-0.680319273471831
0.62082032263279
3.08820053637028
-2.16963066756725
5
-1.56390310823917
-1.30814074277877
-3.09767500162124
1.29179090559483
1.29570531845092
5
-0.523360684514042
-0.452109307050705
1.1938886463642
2.38637973368167
-2.03338379859925
2
7
2.58253362178802
7.85646791160105
2.42849456667899
-5.81379620432854
1.40834023356437
0.27336520254612
-3.15330351889134
7
-1.2433584600687
0.506544822454456
-2.94698267877101
4.07987518906594
0.548120319843285
1.4189011156559
2.71776515841484
|2
6
5
-3.36846930384636
2.47696278095246
1.81264513134956
-1.10966539680958
-2.91982851624489
5
-5.02995997965336
3.92815119922162
0.0289829760789719
-2.73892482817174
-1.89187784492968
5
-2.79512657821178
3.80691007673741
2.25246887803077
-2.60259409248828
-3.78037970364094
5
2.42859042286872
-0.586488217115401
-0.150888475775718
3.42466640174389
-1.57201797664165
5
-1.22878312170506
-1.28834596872329
-3.33738623857497
0.365914168953899
1.18144099712371
5
-0.523360684514042
-0.0407087981700902
1.77748668789863
2.06696726381778
-2.28642559647561
2
7
3.33168332576752
7.80400545895098
2.04987415671347
-4.9557872235775
2.02798065543175
0.276739779114724
-2.97077384889126
7
-1.76363648474216
1.08967809081078
-2.3302293151617
4.36354861855508
0.0944282412528923
1.35353240966797
2.96892393827439
|2
6
5
-1.49660114049911
2.15601859092713
-1.0379602432251
-1.51023541390896
-1.5684839785099
5
-6.69502124488354
2.83038493692876
-0.133281782269493
-2.12588569819928
-0.84344246685504
5
-4.74177544414997
3.93994639217853
2.35162331461906
-2.06963331401347
-4.08918591439725
5
3.3593067228794
-1.87721994519233
0.798738560080528
3.69595617949962
-0.685806551575655
5
-0.483651617169378
-0.760762965679156
-2.74911550283432
1.28335346281529
1.33939862847327
5
0.380978056788448
0.203352695703507
0.955473023653023
2.8739158540964
-2.31691444516183
2
7
3.31325855255127
7.52417411506175
2.13721610903739
-5.86743294596672
1.89069733023643
0.989550682902336
-2.66217820942402
7
-1.56565557420254
1.46513061523438
-2.08452396690845
3.86696129441262
0.0695784687995842
0.47485089302063
2.64195708036423
|2
6
5
-4.63324779868126
2.783726811409
-1.4943742275238
-0.754536685347556
-1.74957736134529
5
-5.07989711463451
2.2306783348322
1.06241180598734
-1.720514652133
-1.93053784668445
5
-2.69656632244587
4.42978740632534
1.63512138724326
-3.00899918377398
-3.59602697193623
5
3.97012403607368
1.12107940912247
-0.843614980578421
2.62527786791325
-1.26647347509861
5
-1.33458335697651
-0.655808073282235
-3.10045443177223
0.553775301575663
1.24040389060974
5
0.154263481497768
0.184837156534195
0.638736110925667
2.58208915293216
-2.17123380303384
2
7
4.94979835152627
6.97519430816172
2.88434249758719
-6.21700998544693
1.34812873601913
0.574898424744606
-2.62380178868771
7
-2.2758083730936
1.77841227054596
-2.57236319482326
3.50505869984628
0.0944282412528923
-0.385793447494507
2.96892393827439
|2
6
5
-1.49828404784203
0.496652889251715
-0.134762835502624
-1.71017299592495
-1.30758994221687
5
-5.88076867759227
2.98845851123334
-0.356273487210288
-1.33929364383222
-1.31623983085155
5
-3.90992431342601
2.53479899466038
1.24049460887908
-1.89979834258555
-5.0812125235796
5
3.78119786977768
0.200653564929963
-0.794039496779442
2.9325904995203
-1.91970214545726
5
-1.03125135600566
-0.544460046291349
-4.57701827287674
0.462874826788905
1.00738644599914
5
-0.523360684514042
-0.500118917226792
2.89659577012062
1.64599885046481
-2.88792135715486
2
7
2.96250157356262
8.04127373993395
3.63399452567099
-4.96581861376762
1.94148942828178
-0.0219841510057446
-3.37564684450627
7
-1.74318882524967
1.53256637454033
-2.40835684239864
4.60619943141938
-0.155594909191138
-0.179086899757385
2.30464626550674
|2
6
5
-3.36846930384636
2.76631398200989
1.81264513134956
-1.52128362953663
-2.44998174309731
5
-5.3458626896143
3.65609554350377
0.146233060955986
-2.16686536371709
-1.42049321830272
5
-3.07409532368183
3.42510112822056
1.57744543552398
-2.67688906490802
-3.78037970364094
5
3.14265239834785
-0.557166665792464
0.206992164254189
3.74031448066235
-1.80846464335918
5
-1.91650079786777
-1.28834596872329
-2.46376816034316
0.359682574868205
1.18144099712371
5
-0.438291814923283
-0.0407087981700902
1.1938886463642
2.38637973368167
-1.73309746384622
2
7
3.31325855255127
7.53804127871989
2.57562195658683
-5.86743294596672
1.89069733023643
0.989550682902336
-2.24854595959187
7
-1.76363648474216
1.08967809081078
-2.3302293151617
4.36354861855508
0.0521289467811516
1.35353240966797
2.71553908586502
|2
6
5
-2.03162015676498
2.15601859092713
-1.0379602432251
-1.51023541390896
-1.5684839785099
5
-6.69502124488354
2.83038493692876
-0.133281782269493
-1.57471098601819
-0.84344246685504
5
-4.74177544414997
3.93994639217853
2.83760983347892
-2.06963331401347
-4.08918591439725
5
3.3593067228794
-1.87721994519233
0.798738560080528
3.69595617949962
-0.685806551575655
5
-0.483651617169378
-0.644770443439471
-2.74911550283432
1.28335346281529
1.33939862847327
5
0.380978056788448
0.203352695703507
0.955473023653023
2.8739158540964
-2.31691444516183
2
7
3.33168332576752
7.80400545895098
3.07081560492514
-4.84789025187492
2.02798065543175
-0.291968640685081
-2.45504413545132
7
-1.54729546010495
1.22942425608635
-1.31725166738033
4.51105489730836
0.538882577419274
0.0246235132217411
1.89800213575363
|2
6
5
-2.49345177412033
2.15601859092713
-1.0379602432251
-1.3445947021246
-2.08042941689491
5
-6.41182791292667
1.96690439283849
0.111492535471901
-1.29839689433576
-0.891224768757811
5
-4.22745414078235
3.79250650703906
2.5261440694332
-2.06963331401347
-4.08918591439725
5
2.91413269639015
-2.42146890759468
0.689241847395897
3.51023432314396
-0.685806551575655
5
-1.30901818573475
-0.716299253702157
-3.10045443177223
0.553775301575663
1.25298202037811
5
0.154263481497768
0.255200225114822
0.638736110925667
2.58208915293216
-2.08707511425019
2
7
2.96250157356262
8.04127373993395
4.05539945960044
-5.63746141791344
1.90593728423118
-0.348101714253425
-3.17714420855046
7
-1.74318882524967
1.53256637454033
-2.40747815072536
4.60619943141938
0.0944282412528923
-0.0971123695373533
2.30464626550674
|2
6
5
-3.36846930384636
2.50413491725922
1.24227231144905
-1.35073535144329
-2.72773543000222
5
-4.92617365419865
3.90225450694562
-0.124697443842903
-2.16686536371709
-1.3485454827547
5
-2.69656632244587
4.42978740632534
1.63512138724326
-2.68385865986346
-3.6768826276064
5
3.9947706758976
0.576997387409211
-1.41812176406383
1.74053298532963
-1.26647347509861
5
-1.33458335697651
-0.519552266597741
-3.29566930532455
0.663445052504542
1.58840162754059
5
0.164692857861523
1.23468226790428
0.577671581506721
2.8739158540964
-2.1823827803135
2
7
2.8159083366394
7.85646791160105
2.42849456667899
-5.76855620741844
1.20626468062401
0.596265688538552
-3.15330351889134
7
-1.8420373827219
0.506565064191822
-2.76482914388179
4.07987518906594
0.733865010738366
1.4189011156559
2.71776515841484
|2
6
5
-2.49345177412033
2.15601859092713
-1.53062882423401
-1.3445947021246
-1.5684839785099
5
-6.69502124488354
2.34760955870153
0.111492535471901
-1.1130787819624
-0.615351650118819
5
-4.25928323566913
3.93994639217853
2.5261440694332
-2.06963331401347
-4.08918591439725
5
2.91413269639015
-2.42146890759468
0.689241847395897
3.51023432314396
-0.685806551575655
5
-1.33458335697651
-0.519552266597741
-3.59400326013565
0.105137023329737
1.58840162754059
5
0.164692857861523
1.23468226790428
0.577671581506721
2.8739158540964
-2.1823827803135
2
7
2.8159083366394
7.85646791160105
2.42849456667899
-5.3993560731411
1.40834023356437
0.27336520254612
-3.15330351889134
7
-1.84635446965694
1.16989695429802
-2.3302293151617
3.86696129441262
0.0695784687995842
0.89574728012085
2.64195708036423
|2
6
5
-3.36846930384636
2.47696278095246
1.81264513134956
-1.10966539680958
-2.91982851624489
5
-5.02995997965336
3.92815119922162
0.0289829760789719
-2.73892482817174
-1.89187784492968
5
-2.79512657821178
3.42510112822056
2.25246887803077
-2.60259409248828
-3.78037970364094
5
2.42859042286872
-0.586488217115401
-0.165427693724632
3.42466640174389
-2.60179097354412
5
-0.67279295027256
-1.28834596872329
-2.79420257806777
0.862381115555766
1.18144099712371
5
-0.523360684514042
-0.570428198575974
1.77748668789863
2.38637973368167
-2.28642559647561
2
7
3.31325855255127
7.61862327754496
2.57562195658683
-5.86743294596672
1.86468297839164
0.989550682902336
-2.66217820942402
7
-1.84561773836613
0.506565064191822
-2.76482914388179
4.07987518906594
0.733865010738366
0.822339493036271
2.71776515841484
|2
6
5
-3.36846930384636
2.76717835068703
2.07451440095901
-1.01546106636524
-2.44998174309731
5
-4.65766641795635
1.93995124995709
0.431141898035985
-1.05562843978406
-2.07079191505908
5
-3.05486912429332
3.63497532904148
2.13521494865416
-2.13725350201129
-4.0915148049593
5
3.7456709742546
-0.291493308544159
0.0471028953790662
3.04171477854252
-1.73985502421855
5
-0.741604307293887
-1.32646781206131
-3.57320526838302
0.462874826788905
1.03823850154876
5
0.279002043604854
0.0338915884494777
2.33121750950813
2.39250414669513
-2.65425072312356
2
7
3.92858169078828
6.89274999797343
2.88434249758719
-5.2023912191391
0.690396028757091
0.0846424013376236
-3.31764475405217
7
-1.76363648474216
1.36114037036896
-2.06391387283802
4.32188890576364
-0.16413148641587
1.89708886146545
2.96892393827439
|2
6
5
-2.05815705657006
1.81401653885842
-0.472258043289184
-0.967699059844016
-1.61196087002754
5
-4.92617365419865
3.96340302526952
0.101872113347038
-2.16686536371709
-2.06255567371844
5
-3.88714391887188
3.5220505028963
1.81933314204215
-1.90755223333835
-3.5396313995123
5
2.42859042286872
-0.436107271909713
-0.249969205260276
3.13373128473759
-2.09217855632305
5
-0.692498120665551
-1.30160847306251
-3.77566425204276
-1.12563535273075
-0.390508794784552
5
0.729042920470246
-1.35321262478829
3.35260145068167
2.15657555758952
-1.36382355093957
2
7
2.88601419925689
8.04127373993395
3.19949826598166
-5.25451099276543
1.76894006133079
-0.689559492468834
-3.19252163469792
7
-1.76397708952427
2.34986662864685
-2.3705217808485
4.41144407391549
0.0296659111976555
-0.00953590273857093
2.6530801653862
|2
6
5
-1.81969401240349
2.40844190716744
-0.438690823316573
-1.32515276372433
-1.64329450726509
5
-4.72260641753673
1.796101680398
0.612194797396642
-1.38407823741437
-1.63459320366382
5
-3.9142674177885
4.07560315430164
1.81933314204215
-1.67065944373607
-3.91333392560483
5
2.42859042286872
0.0120531618595136
0.206992164254189
3.13373128473759
-2.44812757670879
5
-1.3541499465704
-1.27352631688117
-4.07870630621909
-1.12563535273075
-0.457676887512213
5
0.975363835692414
-2.0944191634655
3.19739308357238
2.41570255458354
-1.45640146136285
2
7
4.64549823403358
7.92918814122675
2.58892419338226
-5.01594251990318
0.264097636938092
-0.297315892577172
-2.11663220226765
7
-1.70984059870243
1.57522079348564
-2.3302293151617
4.56028321385385
0.671650278568261
0.825756645202637
2.96892393827439
|2
6
5
-3.36846930384636
3.05765193104744
1.86263528466224
-1.52128362953663
-2.26816718578339
5
-4.92617365419865
3.65609554350377
0.146233060955986
-2.16686536371709
-1.95027618706225
5
-3.05486912429332
3.17264639437199
2.15977210998534
-2.2688593417406
-3.72190785109997
5
3.3593067228794
-2.54046857953071
0.689241847395897
3.31726147234439
-0.898956784605974
5
-2.06478477418423
-1.42619416713714
-3.27040681242942
-1.13575845658779
-0.756455016136175
5
1.45358704030515
-2.05382797122002
2.78320531249045
2.15657555758952
-1.36382355093957
2
7
5.07160018086434
7.30865322053431
3.94382627010344
-4.32426044940948
-1.11955534219742
2.03019830286503
-3.90601435601712
7
-1.90098012387752
0.828107994794849
-2.2453386157751
4.42170627713205
0.0326459527015617
0.804209923744202
2.96892393827439
|2
6
5
-3.36846930384636
2.76631398200989
1.81264513134956
-1.52128362953663
-2.44998174309731
5
-4.51563030779362
3.631860730052
-0.395206376910225
-1.57276836931707
-1.94164076149463
5
-3.07409532368183
3.09269331991673
1.17544667720794
-2.97993376553058
-4.49596681892872
5
3.14265239834785
-0.557166665792464
0.206992164254189
3.08820053637028
-1.80846464335918
5
-1.15217207968235
-0.720997178554528
-2.79420257806777
0.426443400979045
1.56330044269561
5
-0.523360684514042
-0.0407087981700902
1.18513684868812
2.50655421316623
-1.73835287690164
2
7
3.31325855255127
7.80571413338183
2.57562195658683
-6.64120761752129
1.89069733023643
0.989550682902336
-2.95668955147266
7
-1.79545928537846
1.34353207945824
-1.67309583127498
3.93596725463868
-0.096515929698951
0.0246235132217411
1.36537543535232

