50
715
|FiveFeelerGenome
2
6
7
5.85170798301697
0.809714478254315
-1.04426221847534
-2.17751724123955
5.1485871553421
2.0197938323021
-5.29996010065079
7
-2.34781582355499
1.0535774409771
3.57608851194382
-3.76154227256775
-1.36354472637177
-1.27394742369651
-1.70549409389496
7
5.32944001555442
-4.50149800181389
-6.02030264735222
-2.05357123613357
7.22525397539139
4.38210510611534
1.84946494698525
7
2.30100912451743
-2.69385893940925
4.2024129152298
-2.18224104046821
1.85131055116653
3.36401694417
3.81850624084473
7
-9.05846486687661
-0.619592702388763
0.581454259157182
-3.0124530851841
3.16941841244698
2.68478882312775
-2.13500773310661
7
3.21599267721176
-8.31211136579513
-5.48241760134697
-0.872364592552185
5.24540957808495
3.46523954868317
5.64343289136887
2
7
-8.55801557302475
11.1466440320015
-7.93416119217873
-2.68312824368477
6.44191205501557
-7.62695225477218
6.03518362045288
7
-1.36219707727432
-4.56574266552925
-0.277360731363297
8.54904158115387
1.25896993875503
1.85387336015701
11.9133393526077
|FiveFeelerGenome
2
6
7
6.01652566790581
-0.315883243083957
-0.348213940858841
-2.16798164844513
5.81925885677338
1.43214082717896
-5.00892654657364
7
-3.33298439979553
0.489216649532319
3.56281545758247
-4.50971542000771
-1.27972242236137
-0.93213371634483
0.116881805658339
7
5.18633114695548
-3.44029552340507
-5.06762497425079
-3.38844000101089
7.35969730615616
4.26192713975907
1.43799936771393
7
2.30100912451743
-2.69385893940925
4.50715134143829
-2.18224104046821
1.5344415307045
3.36401694417
3.81850624084473
7
-9.41369097828865
-0.103063422441482
-0.0836724221706383
-3.1625260591507
3.18384605050087
2.70816445350648
-2.34705504179001
7
3.21599267721176
-8.31211136579513
-5.48241760134697
-1.01599473953247
5.25161120295525
3.28769950270653
5.64343289136887
2
7
-5.67564109563828
11.461849796772
-8.47197467684746
-0.962781125307081
5.63718313574791
-7.85602670907974
4.72513911128044
7
-1.08557571172714
-4.16546790599823
0.457371294498443
8.20583266019821
0.194614630937575
2.87060715556145
10.1021458148956
|FiveFeelerGenome
2
6
7
3.97762222290039
0.180295866727826
-2.09613606333733
-2.93106739521027
7.11552398204803
-0.423491889238354
-5.46777129173278
7
-2.16704437732696
1.39426571130753
2.84451518058777
-4.26121655106545
-0.950478887557984
-1.10229983329773
0.348810148239134
7
4.74481951594352
-4.2759634912014
-5.80813848376274
-2.16890659928321
7.442207634449
3.16766804456711
1.77074685096741
7
4.85548201203346
-4.13970268964767
-0.776783859729766
-0.847449988126754
2.06133504509926
1.55944256186485
2.43221856355667
7
-8.2482540845871
-0.573244059085846
0.188026624917985
-3.84813643097878
3.16941841244698
2.19793033599854
-2.13500773310661
7
1.65477656722069
-5.36313735246658
-6.21734312176704
3.76857783794403
4.48546239137649
2.68574937582016
2.45582247376442
2
7
-8.55801557302475
11.1466440320015
-7.73698762655258
-4.25275694131851
6.79813573360443
-8.25482848882675
6.1434061229229
7
-0.900542843341828
-3.3849562227726
-0.825663048028947
8.28142090439796
-0.234611624479296
1.07558633685112
8.97402459979057
|FiveFeelerGenome
2
6
7
4.11153494119644
1.7038722872734
-2.40874264240265
-2.35748243331909
7.55599720478058
-0.302428346872326
-5.86224629282951
7
-3.28048271536826
1.32482575178146
3.06097424030304
-3.86024116277695
-1.19951264262199
-1.70222837924957
0.300280654430388
7
4.18611695170402
-2.87971811294556
-7.35128154754639
-3.07612394094467
6.86387573480606
3.59476768374443
1.5475509762764
7
5.91150589585304
-3.73984662294388
-1.21719621419907
-0.055263918638229
2.16284821629524
2.15389266014099
1.48255971670151
7
-10.8188626408577
-0.19629310965538
-0.863699305057525
-1.3453696668148
2.3188546538353
2.26622372269631
-2.91424415111542
7
2.20979408025741
-7.78207140564918
-4.22437420487404
-0.00782976150512665
5.15944919586182
3.51550496816635
2.85518281459809
2
7
-6.46715071201325
12.2366169571876
-8.57623350024223
-1.50219077467918
6.62525041103363
-8.63397203683853
4.77531809210778
7
-1.45359211564064
-4.08582273125648
2.14028051495552
6.63709867596626
-0.305290138721468
1.5376887857914
11.5692056238651
|FiveFeelerGenome
2
6
7
4.72031441926956
2.01385875940323
-1.65238859653473
-2.88504755496979
8.14102094769478
0.182804936170582
-5.17586963176727
7
-3.0609482884407
0.387825572490693
3.46174283027649
-3.86024116277695
-1.41039190292358
-1.70222837924957
-0.0620754837989819
7
6.24125092625617
-3.14009201526642
-6.58675484657288
-2.96281620264053
6.91594601273536
3.32156903147698
0.214172554016114
7
4.25357299447059
-3.65185271501541
-0.621601974964141
-1.15835568904877
1.82837083339691
1.03906297087669
1.06157277822494
7
-8.90676606297493
-0.474475181102752
0.458354741334916
-3.36168737411499
3.16941841244698
2.68478882312775
-1.74013335108757
7
4.76850337386131
-6.95240402221679
-5.05977538228035
-0.336764162778854
6.42966849803924
0.997869217395785
5.36315286755562
2
7
-8.51785968542099
10.8224125802517
-7.87373722791672
-2.3521072268486
5.89792603850365
-8.19668964147568
5.60902218222618
7
-1.54385352730751
-4.08582273125648
2.14028051495552
6.90155926346779
-0.78775545358658
0.876133716106415
12.2131939947605
|FiveFeelerGenome
2
6
7
5.18465356230736
0.891833865642545
-1.95454030036926
-2.6726018846035
6.80743778347969
0.692959445714954
-5.28029434084892
7
-1.84916613101959
1.71375871896744
2.54580176472664
-3.6512413084507
-0.950478887557984
-1.10229983329773
-0.345584726333619
7
4.79364179968833
-4.26380770206451
-5.48083007335663
-2.41563512086868
7.99916969537735
2.64179257154465
1.07553043365479
7
4.25357299447059
-3.65185271501541
-0.865402472019195
-1.15835568904877
1.82837083339691
0.578941673040391
0.765822327136993
7
-7.98591305017472
-0.695261752605438
1.08570740818977
-4.11070924401283
3.35832844972611
2.33704575300217
-2.67941533923149
7
1.87360335588455
-5.6328359901905
-6.38529874086379
4.28239007592201
4.34086793661117
2.24687846899033
2.54460473656655
2
7
-8.86460837125779
10.7678820729256
-8.28766902685166
-3.3030767083168
6.6208537876606
-8.20358377695083
6.23047484755516
7
-2.01554129719734
-3.1949910223484
2.14028051495552
7.33486233353615
-0.278632986545565
0.608699184656143
11.7598403036594
|FiveFeelerGenome
2
6
7
6.36539546251297
0.248224508762357
0.176622265577316
-2.64124763011932
5.31763377189636
1.45451653003693
-4.14417744278908
7
-4.61996927857398
0.928314149379731
1.59159839749336
-2.63134790658951
-2.0698917388916
-1.12883734107017
2.94243089556694
7
5.54339210391044
-4.36010932326317
-5.81813067793846
-2.44314593076706
7.44635483026504
3.25581242442131
1.4332545042038
7
6.09187949895858
-3.35973089933395
-1.99006007909775
-0.118810385465622
2.16284821629524
1.31878881454468
1.82832742929459
7
-9.08438593149185
-0.511745584011078
0.839525610208512
-3.2671134531498
2.51586328148842
2.1643079161644
-2.16987888216972
7
2.62735914587974
-6.9431564450264
-4.92214269042015
-0.717629903554916
6.36445872187614
2.93258937001229
5.20284111499787
2
7
-6.46456516981125
11.4928858160973
-8.92358571887016
-2.03996887207031
5.97218174338341
-7.68161259889602
4.93244874477387
7
-1.23251835107803
-4.16818974018097
-0.0516016840934761
7.99530845284462
0.783527576923369
1.65953751802445
8.77417284846305
|FiveFeelerGenome
2
6
7
3.70755077600479
2.27450703382492
-2.40874264240265
-2.23217628002167
7.14224865436554
0.472450679540638
-5.63277265429496
7
-4.12715680599212
-0.563268738985061
3.17843934893608
-3.86394034028053
-2.30492094755173
-1.75521631240844
0.332039368152617
7
5.05483574271201
-4.50149800181389
-6.02030264735222
-2.01478370428085
7.22525397539139
3.46518644690514
1.69378411769867
7
4.52847751379012
-4.01662643551826
-0.172591960430145
-0.873709511756897
1.98513021469116
1.96618030071259
1.53724484443665
7
-11.4904760122299
-1.64266430735588
-0.241181141138076
-2.71243582963944
3.96428098678589
3.82923966646195
-3.42090939283371
7
1.127483689785
-5.36313735246658
-6.91532455682754
3.76857783794403
5.50320407152176
2.38696790337563
2.32761910557747
2
7
-6.4752600312233
12.0306720137596
-8.75741056799889
-1.97195804715156
5.40446709990502
-7.95649524927139
4.64863478541374
7
-1.61653516888619
-3.40324338078499
2.27857213616371
7.72351399064064
-0.598481547832491
0.359991443157196
11.7598403036594
|FiveFeelerGenome
2
6
7
4.80095034837723
1.05272248983383
-1.36808745861053
-3.34233372211456
7.29566162228584
-0.285531932115551
-5.19209238290786
7
-4.25861249566078
1.55670937299728
2.96118043661118
-4.08141456246376
-1.39068653583527
0.427024149894717
0.99338018298149
7
4.37801241278648
-3.46465085744858
-4.92102830410004
-3.23356576561927
6.63091138005256
5.09970484375954
0.65405302643776
7
4.42181487679481
-2.82115364670753
0.160317027568818
-0.126891130208969
2.24062099456787
1.25077823996544
0.911456191539764
7
-9.35386784672737
0.145687502622605
1.35404160618782
-4.47228439450264
2.698218947649
1.84213590025902
-1.9735980451107
7
1.35642381906509
-5.86878982782363
-6.91532455682754
3.17291014194488
4.64121483564377
2.17158378362656
3.02117019295693
2
7
-8.55801557302475
11.1466440320015
-7.75721473693848
-3.01857674717903
6.99934990406037
-7.95656421780586
5.92542828917504
7
-0.409289234876634
-4.97227602005005
-0.930625325441361
8.37845832705498
0.350161421298979
0.76273149251938
10.3582808971405
|FiveFeelerGenome
2
6
7
5.68717731237411
1.26884588003158
-2.17152893543243
-3.89036502838135
7.02685950398445
0.0668187797069585
-5.65083591938019
7
-3.33298439979553
0.376914989948273
3.56281545758247
-4.50971542000771
-1.27972242236137
-0.93213371634483
0.116881805658339
7
5.31991896033286
-3.44029552340507
-5.06762497425079
-3.38844000101089
7.35969730615616
3.74334484338761
1.43799936771393
7
3.64838354587554
-1.59961021542549
3.79643647670746
-3.69888704419136
1.8727893948555
3.45051938295364
2.93602353334427
7
-9.41369097828865
-0.103063422441482
0.273510843515397
-3.34806309342384
3.18384605050087
2.70816445350648
-2.34705504179001
7
2.01686133742332
-7.398605209589
-4.35626099705696
0.00133345127105747
5.15944919586182
3.68866321444512
3.12248924374581
2
7
-8.55801557302475
11.0462382912636
-7.84576607942581
-3.34918316602707
6.49400277137757
-7.99329474568367
6.55526375174523
7
-0.731817233562471
-4.16546790599823
0.457371294498443
8.20583266019821
0.398060756921766
2.31057049632073
10.1021458148956
|FiveFeelerGenome
2
6
7
6.01652566790581
-0.315883243083957
-0.348213940858841
-2.07576780319214
5.39149243831635
0.88309056758881
-5.00892654657364
7
-2.34781582355499
1.0535774409771
3.57608851194382
-2.94919285774231
-1.59247326850891
-1.03755220174789
-1.4606556892395
7
5.0206194102764
-2.90764636397362
-5.61210603713989
-2.86722499132156
7.29231985807419
3.78051566481591
1.60147512555122
7
3.55882143974304
-1.5390100300312
3.3350590467453
-3.20618649125099
1.88351637125015
3.87215019464493
2.78430033922195
7
-8.91906710267067
-0.140621626377105
1.17040084004402
-3.40711968541145
3.61572651267052
2.43683471083642
-2.13203520178795
7
1.36984380483627
-5.09300807714462
-6.91532455682754
4.15254142284393
5.10671705603599
2.38696790337563
2.7141504585743
2
7
-5.50940352082253
11.6441555917263
-8.47197467684746
-1.41528566479683
5.63718313574791
-7.5342335820198
4.72513911128044
7
-1.36219707727432
-4.51380937695503
-0.277360731363297
9.46477677822113
1.68870145082474
1.85387336015701
11.2670568883419
|FiveFeelerGenome
2
6
7
4.81423377394676
-0.0183975815773038
-2.1991402387619
-1.96145359277725
6.52350387573242
0.566034024953846
-5.43382691740989
7
-3.65760700702667
-1.01157386898994
2.5916612803936
-3.3718419611454
-2.79303549528122
-1.75521631240844
0.332039368152617
7
5.091801571846
-2.49037666320801
-7.08531849384308
-2.88685232400894
7.11332710981369
3.38873962759972
1.28807801008225
7
4.42913838028907
-2.82115364670753
0.160317027568818
-0.126891130208969
2.32178914546967
1.25077823996544
0.494140231609345
7
-11.4904760122299
-1.64266430735588
-0.49025033712387
-2.71243582963944
3.96428098678589
3.37122293710709
-3.26280289888382
7
1.35642381906509
-5.83040891885757
-7.41936684846878
3.17291014194488
4.64121483564377
1.96757169365883
2.87963631749154
2
7
-8.55801557302475
11.1466440320015
-7.68390123844147
-3.01857674717903
6.99934990406037
-7.95656421780586
6.07807078361512
7
-1.61653516888619
-3.40324338078499
2.14028051495552
7.75370071530342
-0.598481547832491
0.359991443157196
11.7598403036594
|FiveFeelerGenome
2
6
7
3.70755077600479
2.27450703382492
-2.40874264240265
-2.23217628002167
7.55599720478058
0.472450679540638
-6.13446840643882
7
-2.16626417636871
1.40454694032669
2.1243412733078
-4.17774570584297
-0.246484869718552
-1.10229983329773
0.496894389390944
7
5.09306766390799
-4.50149800181389
-6.02030264735222
-2.01478370428085
6.9546728014946
3.23981009721756
1.69378411769867
7
3.93915098905563
-3.89277718663215
-1.27739170789719
-1.60254967212677
2.30146486759186
0.131331914663316
1.10628362894058
7
-9.18913652896881
-0.114325678348541
-0.814216035604476
-2.939713793993
2.61598771214485
1.50204912424088
-2.97016872763634
7
1.21286319494247
-5.32818087339401
-7.65854300260543
3.32177560329437
4.92510477304458
2.16196802854538
2.39462798237801
2
7
-8.69254945516587
10.4145272493362
-7.37931998968124
-3.34141901135444
6.90057668089867
-8.14717280864715
6.081433147192
7
-1.08557571172714
-3.29059777259826
0.125222265720367
8.42533103823662
0.398060756921766
2.2625773370266
8.9924578666687
|FiveFeelerGenome
2
6
7
6.22969642877579
0.620504105091092
-2.07034292221069
-2.91622669696808
6.58901842236519
-0.31554663777351
-4.91615204811096
7
-2.12142334580421
1.04304410219193
2.38349945545197
-3.72908466458321
-0.799930733442307
0.282261592149738
-0.630623793601991
7
3.03763138651847
-2.75489237904549
-6.00437631607056
-2.76412445306778
7.64813666343689
3.20024307966233
0.197522670030595
7
5.91150589585304
-3.52646496891975
-1.03807073235512
-0.434609812498092
2.20280418992043
2.15389266014099
1.80433424711227
7
-8.41470900774002
-0.695261752605438
1.20086880326271
-4.26147063374519
2.77424832582474
2.61373955607415
-2.67941533923149
7
2.62735914587974
-6.9431564450264
-4.40511979460716
-1.01298530101776
6.15014090538025
2.92455211281777
4.649511551857
2
7
-7.90086592435837
9.7976495206356
-8.48628574609756
-3.65375708341598
6.43800012469292
-7.76831378936768
6.09760100245476
7
-1.21975230574608
-3.41396957039833
-0.271639704704285
8.33700224757195
1.25826104879379
1.65278162360191
11.0429937839508
|FiveFeelerGenome
2
6
7
3.4795491695404
0.44525741934776
-2.36471151709557
-2.93106739521027
7.11552398204803
0.154554337263111
-5.46777129173278
7
-4.58722601532935
1.11259147524834
1.59159839749336
-2.63134790658951
-1.85086643099785
-0.96386076211929
2.94243089556694
7
5.89332219362258
-3.93286275267601
-5.02569219470024
-0.557471793889995
5.29301345348358
3.72061471343041
-0.462723588943481
7
4.36061101555824
-3.70302118062973
-1.30656491518021
-0.379621076583862
1.45576500892639
1.02605304121971
0.971256577968597
7
-10.4050254881382
-0.5273970246315
-0.130751502513885
-0.924936908483505
2.02179907560349
2.87829788327218
-3.00445177555084
7
2.89867383241653
-7.76382199525833
-5.27166594266891
0.23263218998909
5.51283861994743
1.62959268689156
4.77684221863747
2
7
-8.55801557302475
11.1466440320015
-8.28766902685166
-3.3030767083168
6.60629940629006
-8.52315446138382
6.11463639140129
7
-0.900542843341828
-3.3849562227726
-0.825663048028947
8.20231440663338
-0.234611624479296
1.07558633685112
9.54723641276359
|FiveFeelerGenome
2
6
7
5.68717731237411
1.71249705553055
-2.7426647901535
-3.9616578578949
7.02685950398445
0.0668187797069585
-6.15712583065033
7
-4.25861249566078
1.55670937299728
2.95599619150162
-4.08141456246376
-1.39068653583527
0.338729047775271
0.99338018298149
7
4.37801241278648
-3.46465085744858
-5.36782624721527
-3.23356576561927
6.63091138005256
5.09970484375954
0.65405302643776
7
2.30100912451743
-2.3155716240406
4.37857689857483
-2.18224104046821
1.5344415307045
2.56467545628548
3.81850624084473
7
-10.7246249079704
-0.310362756252289
-0.803323352336883
-2.30550634860992
2.49381999373436
3.86911395788193
-3.68112919330597
7
1.127483689785
-5.36313735246658
-6.70630610585212
3.76857783794403
5.50320407152176
2.38696790337563
2.38448014855385
2
7
-8.55801557302475
11.5025010704994
-7.84576607942581
-2.91592637300491
6.49400277137757
-8.29841760396957
5.99833144545555
7
-0.409289234876634
-4.97227602005005
-0.930625325441361
8.77525345683098
0.350161421298979
1.24758261442185
10.3582808971405
|FiveFeelerGenome
2
6
7
4.80095034837723
0.486630618572232
-1.36808745861053
-3.04217522144318
7.29566162228584
-0.285531932115551
-5.19209238290786
7
-2.34781582355499
1.0535774409771
4.13650468587875
-3.16006619930268
-1.59247326850891
-1.0916057229042
-1.4606556892395
7
5.00461985468863
-4.01951450109482
-6.49098789691925
-3.57329348325729
7.12685529589653
3.17847897410393
2.20690198540688
7
4.52847751379012
-3.84987612962723
-0.172591960430145
-0.393961596488952
2.43282136917114
1.75999955534935
1.44568302631378
7
-9.35386784672737
-0.140621626377105
1.27477231621742
-4.02818539738655
2.698218947649
1.84213590025902
-1.55679292082787
7
3.21599267721176
-8.31211136579513
-5.97355496287346
-1.51752648353577
5.25161120295525
3.28769950270653
5.81435539126396
2
7
-6.59869121313095
11.4928858160973
-8.75741056799889
-1.95256581902504
5.40446709990502
-7.95649524927139
4.64863478541374
7
-1.61724261045456
-4.51380937695503
-0.0959741830825813
9.00362107753753
1.25896993875503
1.85387336015701
11.6882008969784
|FiveFeelerGenome
2
6
7
6.01652566790581
-0.315883243083957
-0.348213940858841
-2.07576780319214
5.39149243831635
1.45451653003693
-5.00892654657364
7
-2.81043143272399
1.89548724889755
3.56714854836464
-5.156981164217
-0.517688530683518
-0.93213371634483
0.569387131929396
7
5.66959609985351
-3.14009201526642
-6.01349668502808
-2.84462233781814
6.63728316426277
3.21803056001664
1.1343629360199
7
4.70718637704849
-3.95174258351326
-0.172591960430145
-0.102801942825317
2.78912329673767
1.88947557806969
1.29890434145927
7
-9.41369097828865
-0.103063422441482
0.273510843515397
-3.34806309342384
3.18384605050087
2.70816445350648
-2.34705504179001
7
2.27391167879104
-6.89993892312049
-4.6185575067997
0.00133345127105747
4.5702983379364
3.4707386136055
3.09615667462349
2
7
-5.67564109563828
11.5295102000236
-8.47197467684746
-1.41528566479683
5.17951788306237
-7.5342335820198
4.72513911128044
7
-1.08557571172714
-4.16546790599823
0.457371294498443
8.20583266019821
0.398060756921766
2.31057049632073
10.1021458148956
|FiveFeelerGenome
2
6
7
4.49436599016189
0.799284207820889
-1.95454030036926
-2.99360084533692
7.29566162228584
0.217878288030628
-5.28029434084892
7
-3.33298439979553
0.489216649532319
3.56281545758247
-4.65542080998421
-1.27972242236137
-0.756353485584256
0.116881805658339
7
5.18633114695548
-3.44029552340507
-4.68411071300507
-3.38844000101089
7.35969730615616
3.74334484338761
1.43799936771393
7
3.64838354587554
-1.59961021542549
3.79643647670746
-3.69888704419136
1.8727893948555
3.45051938295364
2.93602353334427
7
-12.0275189876556
-2.32992057204246
-0.459414088726043
-1.74752785563469
3.28623249530792
3.18360019922257
-3.98175092935562
7
2.01686133742332
-7.398605209589
-4.35626099705696
0.00133345127105747
5.15944919586182
3.51550496816635
3.12248924374581
2
7
-8.85186859369278
10.7783315122127
-7.70561372041702
-3.20976144075394
6.43800012469292
-8.24976100921631
6.25961036086083
7
-1.02768098115921
-3.74526903629303
0.125222265720367
7.79276975393295
0.398060756921766
2.2625773370266
9.53775010108947
|FiveFeelerGenome
2
6
7
6.01652566790581
-0.315883243083957
-0.348213940858841
-2.07576780319214
5.39149243831635
1.45451653003693
-5.00892654657364
7
-3.33298439979553
0.489216649532319
3.56281545758247
-4.50971542000771
-1.27972242236137
-0.93213371634483
0.116881805658339
7
5.18633114695548
-3.44029552340507
-5.06762497425079
-3.71060777902603
7.30069721937179
3.74334484338761
1.43799936771393
7
3.64838354587554
-1.59961021542549
3.79643647670746
-3.69888704419136
1.8727893948555
3.01001554727554
2.93602353334427
7
-9.41369097828865
0.345409220457077
0.273510843515397
-3.34806309342384
2.68762479424477
2.70816445350648
-2.34705504179001
7
2.01686133742332
-7.398605209589
-4.35626099705696
0.00133345127105747
5.15944919586182
3.51550496816635
3.12248924374581
2
7
-5.67564109563828
11.461849796772
-8.47197467684746
-1.41528566479683
5.63718313574791
-7.5342335820198
4.72513911128044
7
-1.08557571172714
-4.16546790599823
0.457371294498443
8.20583266019821
0.398060756921766
2.31057049632073
10.1021458148956
|FiveFeelerGenome
2
6
7
4.80095034837723
0.486630618572232
-1.74599239826202
-3.44883415699005
6.95311964154243
-0.331291490793225
-4.82848440408706
7
-4.25861249566078
1.61337429285049
4.44627139568329
-4.08141456246376
-1.24567494392395
-0.0649427115917177
0.99338018298149
7
5.04775685667991
-2.90764636397362
-5.63621094226837
-2.86722499132156
6.70840638875961
3.15609599351883
1.41597964763641
7
3.55882143974304
-1.5390100300312
3.79643647670746
-3.20618649125099
1.32342935800552
3.61569641232491
2.78430033922195
7
-8.56663213372231
-0.140621626377105
0.265275603532792
-3.34806309342384
3.44207659959793
2.43683471083642
-2.13500773310661
7
1.36984380483627
-5.16946948766708
-7.02480052709579
4.73488161563873
4.61339918375015
2.38696790337563
2.7141504585743
2
7
-5.78147678971291
9.56059948205947
-8.75286495685578
-2.3498849272728
5.03198181390762
-8.14068204164505
5.41848399043083
7
-2.50887352824211
-3.68950439095497
-1.80710855722427
8.17196095585823
2.17254384756088
0.828221863508225
9.68017325401306
|FiveFeelerGenome
2
6
7
6.01652566790581
-0.489939796924594
-0.348213940858841
-2.29723494052887
5.39149243831635
1.45208230018616
-5.00892654657364
7
-3.33298439979553
0.41381403207779
3.42171273827553
-4.50971542000771
-1.27972242236137
-0.93213371634483
0.116881805658339
7
6.54376605153083
-3.14009201526642
-5.54352695941925
-2.91841362714767
6.35747490525245
3.25299546122551
-0.24423656463623
7
4.49080156087875
-3.65185271501541
-0.697434604167938
-1.15835568904877
1.82837083339691
0.578941673040391
1.10628362894058
7
-9.41369097828865
-0.103063422441482
0.468474805355073
-3.58359573483467
3.18384605050087
2.49843981266022
-2.34705504179001
7
2.01686133742332
-7.398605209589
-4.68646910786629
0.00133345127105747
5.15944919586182
3.51550496816635
3.12248924374581
2
7
-6.49849361181259
11.6591630160809
-8.75741056799889
-2.82273436188698
5.50116266608239
-7.6365292429924
3.81674215197563
7
-1.65327061414719
-4.16546790599823
0.457371294498443
8.03477174043655
0.398060756921766
2.31057049632073
10.1021458148956
|FiveFeelerGenome
2
6
7
4.94389184713364
2.44688879847526
-2.40874264240265
-2.02248534560204
7.10496008396149
-0.0496200621128047
-6.35561046004295
7
-2.16116225719451
1.71375871896744
2.28584294319153
-4.42636252045632
-0.950478887557984
-1.10229983329773
0.11126034259796
7
6.24125092625617
-3.14009201526642
-6.50995090007782
-2.58009938001632
6.35747490525245
3.25299546122551
-0.24423656463623
7
4.49080156087875
-3.65185271501541
-0.697434604167938
-1.15835568904877
1.82837083339691
1.0441191136837
0.560076153278351
7
-8.6746997833252
-0.579213440418243
-0.404846137762069
-3.25930101871491
3.20142675042152
2.631427526474
-1.37879459261894
7
1.17532070875168
-5.36313735246658
-6.91532455682754
4.5692323744297
4.92510477304458
1.88785071969032
2.32761910557747
2
7
-6.4752600312233
12.1011494338512
-8.32707366347313
-2.52010937333107
4.95778087973595
-7.6365292429924
4.22571536898613
7
-2.01554129719734
-3.1949910223484
2.5256398499012
7.64690724015236
-0.660338652133944
0.608699184656143
12.1026233255863
|FiveFeelerGenome
2
6
7
5.85364010334015
0.809714478254315
-1.04426221847534
-2.17751724123955
5.1485871553421
2.0197938323021
-5.29996010065079
7
-2.1505174100399
0.72851044535637
3.57608851194382
-3.76154227256775
-1.89334452152252
-1.61520552039146
-1.70549409389496
7
6.24125092625617
-2.98184568881989
-6.01349668502808
-3.56562322378158
6.39217324852943
3.50635894536972
0.0120304822921762
7
4.6382602751255
-3.65185271501541
-1.17005628347397
-1.15835568904877
1.82837083339691
0.578941673040391
0.907357776165008
7
-9.05846486687661
-0.619592702388763
0.581454259157182
-2.5305303633213
3.16941841244698
2.68478882312775
-2.13500773310661
7
1.86633211970329
-4.6061144709587
-7.47879873514175
4.22177517414093
4.38807159662247
1.13715327382088
2.64632990956307
2
7
-5.40925775766373
11.2482186436653
-8.47197467684746
-1.99601953625679
5.84647018313408
-7.71928948163986
4.92720536589623
7
-1.36219707727432
-4.56574266552925
-0.277360731363297
8.54904158115387
1.25896993875503
1.85387336015701
11.9133393526077
|FiveFeelerGenome
2
6
7
4.94389184713364
2.27450703382492
-2.40874264240265
-1.20784870386124
7.10496008396149
-0.37317135930061
-6.35561046004295
7
-2.34429388642311
0.485155194997788
2.07888469696045
-3.86393640637398
-1.03502712249756
-0.245697206258771
-0.794877642393114
7
5.32944001555442
-4.50149800181389
-6.02030264735222
-2.05357123613357
6.67126151323318
4.38210510611534
1.84946494698525
7
2.30100912451743
-2.69385893940925
4.50072103142738
-2.18224104046821
1.85131055116653
3.20087676644325
3.81850624084473
7
-9.05846486687661
-0.573244059085846
0.127776128053666
-3.65810430049896
3.28766170144081
3.27729523181916
-2.13500773310661
7
3.21599267721176
-8.71418179273605
-5.48241760134697
-0.872364592552185
5.13406979441643
3.46523954868317
5.20264037847519
2
7
-8.55801557302475
11.1466440320015
-7.93416119217873
-2.68312824368477
6.44191205501557
-7.62695225477218
5.75181324481964
7
-1.23251835107803
-5.27844860553741
0.380683058500289
8.43528829216957
0.10856321454048
1.75193403959274
8.77417284846305
|FiveFeelerGenome
2
6
7
4.80095034837723
0.486630618572232
-1.74599239826202
-3.44883415699005
6.95311964154243
-0.331291490793225
-4.82848440408706
7
-4.25861249566078
1.61337429285049
4.44627139568329
-4.08141456246376
-1.24567494392395
0.132532513141635
0.99338018298149
7
5.04775685667991
-2.90764636397362
-6.1306530714035
-2.86722499132156
6.70840638875961
3.15609599351883
1.41597964763641
7
4.52847751379012
-4.18888002634048
-0.552990281581878
-0.393961596488952
2.43282136917114
1.54696385264397
1.53724484443665
7
-8.56694248318673
-0.140621626377105
0.268695026636124
-3.34806309342384
3.44207659959793
2.43683471083642
-2.13500773310661
7
0.969609868526457
-5.16946948766708
-6.55277765989303
4.73488161563873
4.61339918375015
2.38696790337563
2.7141504585743
2
7
-6.4752600312233
11.4928858160973
-8.75741056799889
-1.95256581902504
5.40446709990502
-7.95649524927139
4.64863478541374
7
-2.50887352824211
-3.68950439095497
-1.80710855722427
7.72372148633003
2.17254384756088
0.472885245084763
9.68017325401306
|FiveFeelerGenome
2
6
7
4.60577443838119
0.486630618572232
-1.36808745861053
-3.04217522144318
7.29566162228584
-0.285531932115551
-5.095851790905
7
-4.25861249566078
1.55670937299728
2.95599619150162
-4.08141456246376
-1.39068653583527
0.838880634307864
0.99338018298149
7
4.37801241278648
-3.46465085744858
-5.36782624721527
-2.76868987679481
6.63091138005256
5.09970484375954
0.65405302643776
7
3.55882143974304
-1.5390100300312
3.79643647670746
-3.20618649125099
1.32342935800552
3.61569641232491
2.78430033922195
7
-9.35386784672737
-0.140621626377105
1.52049919366837
-3.6483147919178
2.55518003106117
1.84213590025902
-1.82745334506035
7
0.94829703569412
-5.36313735246658
-6.91532455682754
4.08738663196564
5.35754503011703
2.38696790337563
2.32761910557747
2
7
-5.25245133042335
9.56059948205947
-8.82674007415772
-2.50438367128372
5.31220168471337
-8.14068204164505
5.41848399043083
7
-0.409289234876634
-4.97227602005005
-0.930625325441361
8.77525345683098
0.275809800624846
1.31446324586868
10.3582808971405
|FiveFeelerGenome
2
6
7
6.22969642877579
0.620504105091092
-1.73339495658875
-2.91622669696808
6.58901842236519
-0.31554663777351
-4.91615204811096
7
-1.84916613101959
1.71375871896744
2.06608183383942
-4.19231281876564
-0.950478887557984
-1.10229983329773
-0.874161291122438
7
5.89332219362258
-3.93286275267601
-5.02569219470024
-0.557471793889995
5.31728301048279
3.72061471343041
-0.462723588943481
7
4.36061101555824
-3.5035419523716
-0.972376477718353
-0.379621076583862
1.45576500892639
1.02605304121971
1.15088769197464
7
-10.4050254881382
-0.671422708034515
-0.303808557987212
-0.924936908483505
2.02179907560349
2.55982311367989
-3.00445177555084
7
2.9503126502037
-7.76382199525833
-5.27166594266891
0.67527421116829
5.33032159209251
2.15822303891182
5.19485912919045
2
7
-7.82881442308426
9.7976495206356
-7.96221214532852
-3.28703573942184
6.43800012469292
-7.60383071899414
6.09760100245476
7
-1.21975230574608
-3.7715396463871
-0.271639704704285
8.33700224757195
1.25826104879379
1.65278162360191
10.6973696947098
|FiveFeelerGenome
2
6
7
5.31307331323623
0.799284207820889
-1.97901973128319
-2.99360084533692
6.91397183537483
-0.106759911775585
-5.4337577342987
7
-3.81021896004676
-0.959440165758132
3.42893222570419
-2.77988293766976
-1.87423800230026
-2.0742014169693
-0.776929318904878
7
4.12264828681945
-2.76061809062958
-6.99620985984802
-3.09750822782516
7.66788247823715
3.59476768374443
1.5475509762764
7
2.52783558368682
-2.87865133881569
3.00407481193542
-3.28490312099457
3.17479666471481
3.08646438717842
2.70160483121872
7
-10.7735027313232
-1.5304645717144
0.0151407122612007
-2.43831996917725
3.16656638383865
2.45176427960396
-3.82706496715546
7
1.10505849123001
-5.07164202928543
-6.92008973360061
4.11978313922882
4.83636299371719
1.31907370686531
2.34862559437752
2
7
-5.54150958061218
9.58219369649887
-8.75286495685578
-2.2450399518013
5.03198181390762
-8.04364494085312
5.41848399043083
7
-0.953331166505814
-3.1949910223484
1.60393927693367
7.10837186574936
-0.274170076847078
0.0463124811649325
11.7598403036594
|FiveFeelerGenome
2
6
7
3.81280965209007
0.442295706272122
-2.30563902854919
-2.24453300237656
6.75525016784668
0.0686627805233037
-6.97050787806511
7
-1.84916613101959
1.71375871896744
2.06608183383942
-4.19231281876564
-0.950478887557984
-1.10229983329773
-0.874161291122438
7
5.27374119162559
-4.25488996505737
-5.48083007335663
-2.41563512086868
7.10279918909073
2.64179257154465
0.953151607513429
7
4.36061101555824
-3.5035419523716
-0.972376477718353
-0.379621076583862
1.45576500892639
1.02605304121971
1.15088769197464
7
-10.4050254881382
-0.671422708034515
-0.303808557987212
-0.924936908483505
2.02179907560349
2.55982311367989
-3.00445177555084
7
3.21599267721176
-8.31211136579513
-6.51887194514274
-1.51752648353577
5.25161120295525
3.28769950270653
5.81435539126396
2
7
-6.59778698682785
11.11212900877
-8.75741056799889
-1.95256581902504
5.40446709990502
-7.5342335820198
4.06837183833122
7
-0.801978367567063
-4.46988940238952
-0.930625325441361
8.77525345683098
0.941491162776945
0.293627870082856
10.3582808971405
|FiveFeelerGenome
2
6
7
6.2815864443779
0.620504105091092
-1.73339495658875
-2.91622669696808
6.58901842236519
-0.287519556283947
-4.91615204811096
7
-5.17500744462013
0.928314149379731
1.59159839749336
-2.63134790658951
-2.0698917388916
-1.12883734107017
2.94243089556694
7
5.89332219362258
-3.93286275267601
-5.02569219470024
-0.557471793889995
5.31728301048279
3.72061471343041
-0.577215361595153
7
2.30100912451743
-2.69385893940925
4.50715134143829
-2.18224104046821
1.5344415307045
2.90357249379158
3.81850624084473
7
-9.69454385042191
-0.191969764232635
0.839525610208512
-3.2671134531498
2.51586328148842
2.2033588051796
-2.16987888216972
7
2.9503126502037
-7.76382199525833
-5.27166594266891
0.67527421116829
5.33032159209251
2.67780254483223
5.19485912919045
2
7
-7.82881442308426
9.7976495206356
-7.96221214532852
-3.28703573942184
6.67613034248352
-7.60383071899414
6.09760100245476
7
-1.75129045844078
-3.7715396463871
-0.271639704704285
8.52047748565674
1.25826104879379
1.65278162360191
11.0209761381149
|FiveFeelerGenome
2
6
7
5.01444917917251
0.51279739141464
-1.98439258933067
-3.02586631774902
7.02685950398445
0.688867020606998
-5.21536848545074
7
-2.33118820190429
1.02726212739945
0.767715573310853
-3.64188554883003
-0.0587458133697518
-0.227931165695187
-1.10576195716858
7
4.30157846808433
-4.0936337351799
-6.23749527335167
-2.56406835317611
7.67329422831535
3.24608947038651
1.66958971619606
7
4.56964586377143
-3.65332707166672
0.17308555841446
0.100650691986084
1.8254909992218
1.1542064845562
0.494140231609345
7
-10.3833136677742
-0.310362756252289
-0.771092641353606
-2.40155832767487
2.49381999373436
4.0433120071888
-3.68112919330597
7
2.58393039107322
-6.55387480854988
-4.95772855877876
2.680608522892
4.58302111029625
2.24340332746506
4.55628755092621
2
7
-9.14920619726182
11.8505994439125
-7.73698762655258
-3.27246519327163
6.49400277137757
-8.20358377695083
6.55524744391442
7
-1.23251835107803
-3.44351937770843
-0.229406249523164
8.04446383118629
0.398060756921766
1.90097007155418
9.00087866187095
|FiveFeelerGenome
2
6
7
5.84025770425797
-0.0291827797889738
-0.348213940858841
-2.48844255805016
5.61385605931282
1.45451653003693
-4.01101325750351
7
-2.9563652575016
0.412713825702668
4.61621456742287
-3.53391011357308
-1.80357513427734
0.504257142543796
-0.84667975306511
7
5.18633114695548
-4.30038868784904
-5.14177964925766
-2.44314593076706
6.87907305955887
3.50495983362198
1.46852154731751
7
2.68273894786834
-3.26480382084846
4.40314700603485
-2.51917870640755
2.09067231416702
3.70367222428322
3.06213032603264
7
-13.019340211153
0.000298863649368875
0.117815154790879
-1.17405774593353
4.99571988582611
2.14365297555924
-4.72229896783829
7
1.35642381906509
-5.52553158998489
-6.91532455682754
3.76857783794403
4.92553535699844
1.47429786324501
2.54460473656655
2
7
-4.70748802423477
9.660854357481
-7.64598411917687
-1.88264411687851
4.12826650738716
-6.13202613592148
4.46470884680748
7
-1.87294980883598
-4.0246866941452
-0.314477872848511
7.61123711466789
1.83627201318741
1.65563792586327
9.77108692526817
|FiveFeelerGenome
2
6
7
4.81423377394676
-0.0183975815773038
-1.83428056240082
-1.67754391431809
6.52659163475036
0.566034024953846
-6.55374152064323
7
-2.34781582355499
1.0535774409771
3.32834287881851
-2.57773058414459
-1.73146898746491
-0.92552618384361
-1.04706814289093
7
5.091801571846
-2.49037666320801
-7.08531849384308
-3.315831387043
7.11332710981369
3.98135797381401
1.5475509762764
7
4.25357299447059
-3.65185271501541
-0.417883425951004
-1.15835568904877
1.82837083339691
1.03906297087669
1.06157277822494
7
-8.90676606297493
-0.474475181102752
0.458354741334916
-3.36168737411499
3.57155149579048
2.68478882312775
-1.74013335108757
7
2.55649761557579
-7.52527533769607
-5.34755806326866
-1.01298530101776
6.03043150305748
2.93258937001229
4.90994172692299
2
7
-8.30506216287613
11.3422023713589
-7.56820594072342
-2.3521072268486
5.46291708350182
-8.20380407571793
5.60902218222618
7
-1.54385352730751
-4.08582273125648
2.14028051495552
6.90155926346779
-0.78775545358658
0.876133716106415
12.2131939947605
|FiveFeelerGenome
2
6
7
5.15370975732803
2.01385875940323
-1.65238859653473
-2.88504755496979
8.14102094769478
0.182804936170582
-5.17586963176727
7
-3.0609482884407
0.387825572490693
3.46174283027649
-3.86024116277695
-1.41039190292358
-1.70222837924957
-0.0620754837989819
7
6.24125092625617
-3.14009201526642
-6.58675484657288
-2.96281620264053
6.91594601273536
3.32156903147698
0.214172554016114
7
4.25357299447059
-3.65185271501541
-0.621601974964141
-0.646995329856872
1.82837083339691
1.03906297087669
1.10628362894058
7
-8.90676606297493
-0.409507429599762
0.320862704515458
-3.55693452358246
3.47182410359383
2.68478882312775
-1.74013335108757
7
4.76850337386131
-6.95240402221679
-5.05977538228035
-0.336764162778854
6.42599129676819
0.997869217395785
5.36315286755562
2
7
-8.51785968542099
10.8224125802517
-7.87373722791672
-2.3521072268486
5.89792603850365
-8.19668964147568
5.92266182303429
7
-1.49643371701241
-3.1949910223484
2.37853162884712
7.33486233353615
-0.506851351261141
0.608699184656143
11.7598403036594
|FiveFeelerGenome
2
6
7
6.01652566790581
-0.315883243083957
-0.348213940858841
-2.16798164844513
5.81925885677338
1.43214082717896
-5.00892654657364
7
-1.84916613101959
1.71375871896744
2.28584294319153
-3.6512413084507
-0.950478887557984
-0.837328928709027
-0.345584726333619
7
5.54339210391044
-4.36010932326317
-5.81813067793846
-2.44314593076706
6.9230024933815
3.013904941082
1.46852154731751
7
4.25357299447059
-3.65185271501541
-0.865402472019195
-1.02956366539001
1.67743964195251
1.08861302733421
0.79522613286972
7
-7.98591305017472
-0.467376857995987
1.08570740818977
-4.11070924401283
3.35832844972611
2.33704575300217
-2.88874143958092
7
3.21599267721176
-8.31211136579513
-5.48241760134697
-1.01599473953247
5.25161120295525
3.28769950270653
5.64343289136887
2
7
-9.02779361009598
10.7678820729256
-8.28766902685166
-3.63091188669204
6.60629940629006
-8.20358377695083
6.11463639140129
7
-1.88876557946205
-3.1949910223484
2.14028051495552
7.33486233353615
-0.765197718143465
0.608699184656143
11.7598403036594
|FiveFeelerGenome
2
6
7
6.73938452005386
0.42069362401962
-0.577778846025467
-2.64124763011932
4.97757544517517
1.45451653003693
-4.14417744278908
7
-3.60138761997222
0.489216649532319
3.89170692563057
-4.50971542000771
-1.27972242236137
-0.93213371634483
0.116881805658339
7
4.86440283656119
-3.19509457349777
-5.06762497425079
-3.38844000101089
7.35969730615616
4.26192713975907
1.41765971183777
7
2.30100912451743
-2.69385893940925
4.50715134143829
-2.18224104046821
1.5344415307045
3.36401694417
3.41720943450928
7
-9.41369097828865
-0.103063422441482
0.0828551173210152
-3.1625260591507
3.19557273983955
2.70816445350648
-2.34705504179001
7
2.62735914587974
-7.11589964628219
-4.92214269042015
-0.717629903554916
5.95266138911247
2.93258937001229
5.20284111499787
2
7
-5.67564109563828
11.461849796772
-8.47197467684746
-0.962781125307081
5.63718313574791
-7.85602670907974
4.72513911128044
7
-1.08557571172714
-4.35846529006958
0.457371294498443
8.20583266019821
0.194614630937575
2.87060715556145
10.1021458148956
|FiveFeelerGenome
2
6
7
5.67148410081863
1.21043545007705
-2.7426647901535
-3.9616578578949
7.02685950398445
0.321867084503177
-5.65083591938019
7
-2.34781582355499
1.0535774409771
4.12243331670761
-3.16006619930268
-1.59247326850891
-1.0916057229042
-1.4606556892395
7
4.75219702124595
-4.01951450109482
-6.99829933643341
-3.57329348325729
7.67329422831535
3.17847897410393
2.20690198540688
7
1.74738087058067
-2.69385893940925
4.37857689857483
-2.18224104046821
1.5344415307045
2.90357249379158
3.61847689151764
7
-10.2181883692741
-0.310362756252289
-1.34565728902817
-2.30550634860992
2.49381999373436
3.7007795393467
-3.68112919330597
7
3.21599267721176
-8.31211136579513
-5.90821542143821
-1.51752648353577
5.25161120295525
3.28769950270653
5.81435539126396
2
7
-8.44850541353226
11.5025010704994
-7.84576607942581
-2.84820159673691
6.49400277137757
-7.89479278326034
6.52677840590477
7
-1.84796243906021
-4.51380937695503
-0.0959741830825813
8.29293632507324
1.15877970457077
1.85387336015701
11.6882008969784
|FiveFeelerGenome
2
6
7
4.80095034837723
0.733794945478436
-1.36808745861053
-3.04217522144318
7.29566162228584
-0.285531932115551
-5.58580504655838
7
-4.25861249566078
1.55670937299728
2.95599619150162
-4.27564504742623
-1.39068653583527
0.338729047775271
0.99338018298149
7
4.17165820002555
-3.69781371355057
-5.01062223911285
-3.23356576561927
6.91975666284561
4.72327848076821
1.05013776421547
7
4.68179656863212
-4.18888002634048
0.327354061603547
-0.393961596488952
2.43282136917114
1.50559074282646
1.53724484443665
7
-9.35386784672737
-0.37136777639389
1.70869758725166
-4.52607377171516
2.698218947649
1.84213590025902
-1.45568673014641
7
1.41432997584343
-5.36313735246658
-6.91532455682754
3.76857783794403
5.50320407152176
2.38696790337563
2.32761910557747
2
7
-6.39559406042099
11.4928858160973
-8.75741056799889
-1.95256581902504
4.90272192358971
-7.95649524927139
4.64863478541374
7
-0.409289234876634
-5.11053388118744
-0.930625325441361
8.77525345683098
0.350161421298979
1.24758261442185
10.3582808971405
|FiveFeelerGenome
2
6
7
6.01652566790581
-0.489939796924594
-0.348213940858841
-2.29723494052887
5.39149243831635
1.45208230018616
-5.00892654657364
7
-2.34781582355499
1.42970225214958
3.57608851194382
-2.97888221144676
-1.18875684142113
-0.794251292943951
-0.877690362930299
7
6.54376605153083
-3.14009201526642
-5.54352695941925
-2.91841362714767
6.35747490525245
3.25299546122551
-0.24423656463623
7
4.49080156087875
-3.65185271501541
-0.697434604167938
-1.15835568904877
1.82837083339691
0.578941673040391
1.10628362894058
7
-9.05846486687661
-0.493679654598236
-0.322418850660323
-3.34806309342384
3.16941841244698
2.68478882312775
-2.16913980841637
7
2.01686133742332
-7.398605209589
-4.68646910786629
0.00133345127105747
5.15944919586182
3.51550496816635
3.12248924374581
2
7
-6.49849361181259
11.3183726966381
-9.13851198554039
-2.82273436188698
5.50116266608239
-7.6365292429924
3.81674215197563
7
-1.79345866441727
-4.10648255348205
0.457371294498443
8.03477174043655
0.398060756921766
2.31057049632073
10.1021458148956
|FiveFeelerGenome
2
6
7
4.94389184713364
2.1197231888771
-2.40874264240265
-2.02248534560204
6.90183081626892
0.152322882413868
-5.84173290133476
7
-3.33298439979553
0.41381403207779
3.42171273827553
-4.50971542000771
-1.27972242236137
-0.93213371634483
0.116881805658339
7
5.66959609985351
-3.14009201526642
-5.66237006187439
-2.82768100500106
6.22667544484138
2.69202147722245
0.752475309371949
7
3.64838354587554
-1.59961021542549
3.75981101989746
-3.69888704419136
1.8727893948555
3.45051938295364
2.93602353334427
7
-9.41369097828865
-0.103063422441482
0.468474805355073
-3.58359573483467
3.18384605050087
2.49843981266022
-2.34705504179001
7
2.01686133742332
-6.90966554284095
-4.19665055274963
-0.205816555023193
4.57840962409973
3.51550496816635
3.39970704317093
2
7
-8.65852166414261
11.438499969244
-7.73698762655258
-3.3030767083168
6.35845293998719
-8.20358377695083
5.70168191790581
7
-1.36219707727432
-4.13588662743568
-0.277360731363297
8.91044871807098
1.25896993875503
1.85387336015701
11.6882008969784
|FiveFeelerGenome
2
6
7
5.33558509349823
1.05264651179313
-1.95454030036926
-2.68633865714073
6.80743778347969
0.692959445714954
-5.07348302602768
7
-4.61996927857398
0.928314149379731
1.59159839749336
-2.63134790658951
-2.0698917388916
-0.958503639698026
2.94243089556694
7
5.00836641788482
-4.25488996505737
-5.48083007335663
-2.41563512086868
8.01483184695243
2.15336273908615
1.52328424453735
7
6.09187949895858
-3.81398051977157
-2.15598675012588
-0.118810385465622
2.16284821629524
1.72207245826721
1.82832742929459
7
-9.57571326494217
-0.426509058475494
0.839525610208512
-3.2671134531498
2.51586328148842
2.1643079161644
-2.16987888216972
7
2.45361295938492
-5.6328359901905
-6.91532455682754
3.81011867523193
4.6463174700737
2.24687846899033
2.54460473656655
2
7
-6.46456516981125
11.0888169646263
-8.92358571887016
-1.62009328007698
5.97218174338341
-7.68161259889602
4.93244874477387
7
-1.09903911352158
-4.16818974018097
-0.133295691013337
8.43528829216957
0.783527576923369
1.15230561494827
8.77417284846305
|FiveFeelerGenome
2
6
7
4.94389184713364
2.27450703382492
-2.40874264240265
-1.73055344820023
7.10496008396149
0.152322882413868
-6.36190764307975
7
-1.83033700585365
1.03852080702782
2.30417650341988
-3.86393640637398
-1.03502712249756
-0.245697206258771
-0.886285394430162
7
6.24125092625617
-2.63854024410248
-6.01349668502808
-3.56562322378158
6.12143929600715
3.5213793873787
-0.513839697837829
7
4.6382602751255
-3.65185271501541
-1.17005628347397
-1.15835568904877
1.82837083339691
0.578941673040391
0.907357776165008
7
-9.05846486687661
-0.573244059085846
0.127776128053666
-3.8653104364872
3.28766170144081
3.27729523181916
-2.13500773310661
7
1.69322819709778
-5.15908340215683
-7.47879873514175
4.22177517414093
4.38807159662247
0.958835083246233
2.64632990956307
2
7
-5.40925775766373
10.90558167696
-8.47197467684746
-1.99601953625679
5.84647018313408
-7.71928948163986
4.86539403796196
7
-1.23251835107803
-5.27844860553741
0.380683058500289
8.43528829216957
0.10856321454048
1.75193403959274
8.77417284846305
|FiveFeelerGenome
2
6
7
3.81280965209007
0.539788997173307
-2.84490323066711
-2.55391100645065
6.75525016784668
0.0686627805233037
-6.30914337038993
7
-2.16116225719451
2.05836621522904
2.202947306633
-4.42636252045632
-0.950478887557984
-1.10229983329773
0.11126034259796
7
6.24125092625617
-3.14009201526642
-6.50995090007782
-2.58009938001632
6.53036578893661
3.58859960436821
-0.24423656463623
7
3.55882143974304
-1.82233276963234
3.79643647670746
-3.69888704419136
1.8727893948555
3.45051938295364
2.60851866006851
7
-9.57571326494217
0.256375044584274
0.839525610208512
-3.51116393208504
2.51586328148842
2.47243450880051
-2.12200302481651
7
1.17532070875168
-5.36313735246658
-6.91532455682754
4.5692323744297
4.92510477304458
1.88785071969032
2.32761910557747
2
7
-6.59778698682785
11.11212900877
-8.5420940041542
-1.95256581902504
5.40446709990502
-7.11826623678207
4.06837183833122
7
-2.01554129719734
-2.94286210536957
2.06028087735176
7.64690724015236
-0.660338652133944
0.375436908006668
12.1026233255863
|FiveFeelerGenome
2
6
7
4.94389184713364
2.44688879847526
-2.40874264240265
-2.02248534560204
7.10496008396149
-0.0496200621128047
-6.35561046004295
7
-4.61996927857398
0.928314149379731
1.43802590966225
-2.63134790658951
-2.0698917388916
-1.12883734107017
3.50785843729973
7
5.5933469235897
-3.76422939300537
-6.0555602312088
-2.41563512086868
7.55372921824455
2.64179257154465
1.60605578422546
7
4.49080156087875
-3.65185271501541
-0.697434604167938
-1.61315233707428
1.26684386730194
1.0441191136837
0.560076153278351
7
-8.76173059940339
-0.579213440418243
-0.404846137762069
-2.80801155567169
3.20142675042152
2.631427526474
-1.37879459261894
7
2.64377363920212
-6.89993892312049
-4.57747995853424
-0.621918243169784
5.89747257828712
3.51550496816635
3.78484511375427
2
7
-6.4752600312233
12.1011494338512
-8.32707366347313
-2.52010937333107
4.89165055155754
-7.6365292429924
4.22571536898613
7
-0.264854711294175
-4.70378038883209
-0.729873371124268
8.77525345683098
0.941491162776945
0.627659237384797
10.3582808971405
|FiveFeelerGenome
2
6
7
3.81280965209007
0.539788997173307
-2.84490323066711
-2.55391100645065
6.75525016784668
0.0686627805233037
-6.34299978613853
7
-4.25861249566078
1.61337429285049
4.44627139568329
-4.08141456246376
-1.24567494392395
-0.0649427115917177
0.99338018298149
7
5.27374119162559
-3.76422939300537
-5.54297914505005
-2.41563512086868
7.55372921824455
2.46568452119828
1.5588419675827
7
3.55882143974304
-1.5390100300312
3.79643647670746
-3.20618649125099
1.32342935800552
3.61569641232491
2.78430033922195
7
-8.56663213372231
-0.140621626377105
0.265275603532792
-3.34806309342384
3.44207659959793
2.43683471083642
-2.13500773310661
7
1.65666906237602
-5.16946948766708
-7.15407091379165
4.73488161563873
4.61339918375015
2.38696790337563
2.7141504585743
2
7
-5.78147678971291
9.56059948205947
-8.75286495685578
-2.3498849272728
5.03198181390762
-8.14068204164505
5.41848399043083
7
-0.487014788389207
-4.46988940238952
-0.930625325441361
8.77525345683098
0.941491162776945
0.736629951000214
10.3582808971405
|FiveFeelerGenome
2
6
7
4.80095034837723
0.486630618572232
-1.74599239826202
-3.44883415699005
6.95311964154243
-0.45131004452705
-4.82848440408706
7
-4.61996927857398
0.928314149379731
1.59159839749336
-2.63134790658951
-2.43040466308594
-1.12883734107017
3.50785843729973
7
5.34172422885894
-2.84384533762932
-5.63621094226837
-2.86722499132156
6.70840638875961
3.15609599351883
1.41597964763641
7
3.55882143974304
-1.52114744782448
3.93384203910828
-3.69888704419136
2.10971326231956
3.45051938295364
2.91745706796646
7
-9.57571326494217
0.256375044584274
0.839525610208512
-3.2671134531498
2.51586328148842
2.47243450880051
-2.12200302481651
7
2.64377363920212
-6.89993892312049
-4.58916401863098
-0.36693679690361
5.89747257828712
3.51550496816635
3.78484511375427
2
7
-6.59778698682785
11.11212900877
-8.75741056799889
-1.95256581902504
5.40446709990502
-7.02543069124222
4.06837183833122
7
-2.50887352824211
-3.68950439095497
-1.41652728319168
8.17196095585823
2.17254384756088
0.87920293211937
9.68017325401306
|FiveFeelerGenome
2
6
7
5.68060014247894
0.809714478254315
-1.26089571118355
-1.92293328046799
5.26392757892609
2.0197938323021
-4.71634646654129
7
-4.25861249566078
1.61337429285049
4.44627139568329
-4.35792949795723
-1.24567494392395
-0.0649427115917177
0.99338018298149
7
5.04775685667991
-2.74624148607254
-6.09016902446747
-2.86722499132156
6.36718863248825
3.15609599351883
1.41597964763641
7
5.91150589585304
-4.13035150766373
-1.22046128511429
-0.434609812498092
2.31870285272598
2.1001407623291
1.80433424711227
7
-8.56663213372231
-0.140621626377105
0.265275603532792
-3.34806309342384
3.44207659959793
2.43683471083642
-2.13500773310661
7
1.36984380483627
-5.16946948766708
-7.02480052709579
4.66295914649963
4.61339918375015
2.38696790337563
2.7141504585743
2
7
-5.78147678971291
9.56059948205947
-8.75286495685578
-2.3498849272728
5.03198181390762
-8.14068204164505
5.41848399043083
7
-2.50887352824211
-3.10171323418617
-1.80710855722427
8.17196095585823
2.17254384756088
0.633893674612046
9.68017325401306
|FiveFeelerGenome
2
6
7
4.80095034837723
0.815850961208341
-1.54302729964256
-3.44883415699005
6.95311964154243
-0.331291490793225
-5.06713083982467
7
-4.12715680599212
-0.563268738985061
3.17843934893608
-3.14054105877876
-2.30587524175644
-0.786905527114865
0.332039368152617
7
5.55387231707572
-4.36010932326317
-5.98664650321007
-2.72402657270431
6.9230024933815
2.58042069673539
1.25961072444916
7
3.55882143974304
-1.5390100300312
4.208753657341
-3.20618649125099
1.32342935800552
3.61569641232491
2.78430033922195
7
-11.2169573009014
-1.9735724568367
-0.0864382088184347
-1.37884528040886
4.56027262210846
3.19999021291733
-3.19865983724594
7
1.44892348051071
-5.79743248224258
-7.29000540971755
4.34267098903656
4.46073106527328
1.96830890774727
3.48557487130166
2
7
-8.6457446217537
11.1466440320015
-7.93416119217873
-2.93470269441604
6.44191205501557
-7.62695225477218
6.2227026283741
7
-1.2508752644062
-3.97321179509163
2.14028051495552
7.1671462893486
0.0456915736198407
0.608699184656143
11.4471769869328
|FiveFeelerGenome
2
6
7
5.31307331323623
0.799284207820889
-2.30212377905846
-3.0545291185379
6.62177391648292
-0.106759911775585
-5.27704593539238
7
-1.84916613101959
1.71375871896744
2.06608183383942
-4.17774570584297
-0.546181082725526
-1.37992141246795
-0.345584726333619
7
5.70026023983954
-2.63854024410248
-6.01349668502808
-2.37799772024154
6.87900997400283
3.34762374162674
-0.24423656463623
7
3.64838354587554
-1.59961021542549
3.79643647670746
-3.69888704419136
1.8727893948555
3.01001554727554
2.93602353334427
7
-9.41369097828865
0.788944309949875
0.273510843515397
-3.34806309342384
2.69914291501045
3.10827651023865
-2.79520539045334
7
2.44121899008751
-7.398605209589
-4.35626099705696
0.00133345127105747
5.15944919586182
3.51550496816635
3.12248924374581
2
7
-5.67564109563828
11.461849796772
-8.47197467684746
-1.41528566479683
5.63718313574791
-7.5342335820198
4.72513911128044
7
-1.85999087691307
-3.68950439095497
-0.801144421100617
7.84347088932991
2.47229420542717
0.828221863508225
9.13346747756004
