50
1602
|FiveFeelerGenome 3
2
6
7
7.52301085591313
-0.293883603811268
-1.13756892085076
-0.699884629249578
5.66337446570397
0.782492297887802
-5.63679475188256
7
-11.9725912988186
-5.79530873894691
5.13292326927186
-11.8978924274445
1.35740901231765
-1.39634422063829
-1.6563541650772
7
7.60182448029518
-1.96870959401131
-6.46103023290634
0.616106426715856
8.58553119897842
1.89388934373856
-3.16331331729889
7
4.28882787823677
-3.23149030208588
-8.49299472570419
-0.378780400753026
-1.39933483600616
4.05491888523102
-2.00471969842911
7
-4.69328395724297
-3.01370945572854
-2.14074724316598
-5.99182782769203
2.72884571552276
-0.448133802413942
-7.07746461033821
7
2.88194671869278
-10.8764203608036
-3.84297050237656
-3.48483536839485
5.36531844735145
2.81958373785019
6.89475612044335
2
7
-6.43138910531996
7.83116913437843
-16.5387252807617
-2.1416110932827
5.18378769159316
-0.107012176513671
6.67345021367073
7
-3.42304016947746
-3.23827077150344
7.70078075528145
5.8242374241352
-1.68009890913963
2.84182465672493
8.51096628308296
|FiveFeelerGenome 3
2
6
7
6.22274015545842
0.673944669961925
-1.58181492090226
-0.318567651510243
5.4318002641201
0.337413257360459
-5.28045319914818
7
-13.1701949775219
-7.2406088411808
4.43893778920175
-12.595277428627
2.14582768678664
-0.733995878696453
-0.813827466964711
7
6.62142385244369
-1.6841171681881
-5.78440694212913
0.615051066875463
8.17321371436119
1.36686254143715
-3.12851376533509
7
2.82370696663856
-2.05901389718056
-10.7159657299519
-0.652025401592259
-0.634452921152109
5.173158878088
-1.72091176509857
7
-4.55180635452271
-2.1459475517273
-0.171197372674947
-8.3752531349659
-0.306270658969885
-2.81802597045899
-8.12793009877205
7
4.78059670329094
-10.0454697012901
-4.52473120689392
-2.83432243466377
6.6456709742546
1.48448072671891
6.25587846636772
2
7
-5.27733563184737
7.25268395543098
-16.7748649060726
-2.87772617340088
5.92979273796081
-1.14541813135147
7.1438137948513
7
-5.30083254575729
-4.08707920312881
10.1469450235367
9.78861315846443
-1.37701125741005
3.49099362492561
9.1654578268528
|FiveFeelerGenome 3
2
6
7
6.90088542103764
0.486969381570812
-0.801968997716907
-0.885001862049108
5.54340403079987
1.17693645358086
-5.98094069361687
7
-11.8544074118138
-7.839775121212
3.77786097526551
-11.8528389692307
1.88825293779372
-1.27188972234727
-0.378845906257619
7
6.62142385244369
-2.16129052042961
-5.56928507089615
1.00083490610123
8.17321371436119
1.36686254143715
-3.12851376533509
7
2.89151800274849
-2.65802670121193
-10.5987272143364
0.256160753965373
-0.645610982179636
4.34262937903404
-1.7713472366333
7
-3.71332705616951
-2.70647058486939
-2.7425281405449
-5.76532368063927
-0.27651076316834
-1.96296927928925
-7.68148584961892
7
3.79105117321015
-12.0549603819847
-4.49133282303811
-2.56371536850929
5.40321877598762
2.46376632452012
5.91233205199242
2
7
-5.37053781747817
7.25268395543098
-15.9251476883888
-3.19801111221314
4.63151254057883
-0.735266745090484
7.49606222510338
7
-6.31328605413437
-2.75440920591354
8.77806389927864
9.34610029458999
-4.35132091641426
1.78470823764801
9.35010569095612
|FiveFeelerGenome 3
2
6
7
7.91646937131879
2.61992502212524
-2.04292640089989
-0.989442843198781
6.81896475553513
0.872422993183136
-9.34289612770081
7
-11.8675506293774
-6.99592713117599
4.4900996208191
-11.5719994008541
1.40661824941634
-0.938171350955974
-0.710190486907949
7
7.68230046033859
-1.89354894757271
-5.78978459239006
0.675124895572667
8.42346760630607
1.5350899040699
-3.27123925685883
7
3.01385171413421
-3.52119246125221
-9.48562933802605
-1.87304717898369
1.73122306466103
4.33605694770813
-2.44316172003746
7
-4.9792222082615
-3.33314526081086
-2.01029613018036
-6.92016776204109
-0.528396743536001
-0.578079479932787
-8.76149383187295
7
3.24991890192032
-10.2292382478714
-4.40285776257515
-1.3938962996006
6.78463906645774
2.07841559052468
6.88437198400498
2
7
-6.20038346052169
7.63047059178352
-16.1978317141533
-2.88337755203248
4.87686004638671
-1.02231782674789
7.01444091200829
7
-5.26775161027908
-4.00130723714828
9.3598950624466
9.81490486860275
-1.19948506951332
2.04503607749939
9.08680210113525
|FiveFeelerGenome 3
2
6
7
6.60660076141354
-0.128913605213169
-1.69682723879815
-2.54174143075943
5.48580706119538
1.25875375270844
-7.38516578674317
7
-11.8675506293774
-6.99592713117599
4.49627792835236
-11.7432045161724
1.40661824941634
-1.0407795071602
-0.658622622489919
7
7.32267781496048
-1.89354894757271
-5.78978459239006
0.541880548000341
8.4355467736721
1.61314404606819
-3.12851376533509
7
3.11316940784454
-3.59930489659309
-9.48562933802605
-1.57980098128319
1.60637810826302
4.05450303554535
-2.44316172003746
7
-4.93254061341286
-2.41329900622369
-2.35175026059151
-7.048267775774
-1.50830017924309
-0.781406158208849
-8.19957111477853
7
1.85917013883591
-10.7573731422424
-1.87982991337777
-2.31187582612038
5.80653403401375
2.94283503293992
7.93843824863434
2
7
-3.20946860313414
7.7887633383274
-15.9473087787628
-2.90309109091759
4.76238703131675
0.253798723220826
5.84872564077377
7
-3.59938082098961
-3.92102487683296
7.2958414375782
5.48094406723976
-1.68009890913963
2.84182465672493
7.95958629250526
|FiveFeelerGenome 3
2
6
7
7.64859336614606
2.48357009887695
-2.36597809195519
-1.39989592432976
6.76102095842362
0.795028012990951
-9.35325464010239
7
-12.3710695683956
-7.18432763814926
3.80980320572854
-13.1521073102951
1.7583651959896
-0.676341617107403
0.664413809776316
7
7.4665736079216
-2.02432158589363
-5.28361133933067
0.385736036300664
8.61086003184318
1.33255676627159
-3.0038898229599
7
2.81405902504921
-2.95098030567169
-10.6848624587059
-0.544037538766865
-1.24131208062171
4.9215507209301
-2.02457716464996
7
-4.87686546444893
-3.03244561553002
-1.41983626484871
-7.34834459424019
1.26907529234886
-1.2137282550335
-8.46254690289498
7
1.85917013883591
-11.5768324136734
-1.82814201116562
-2.2711332321167
5.39460681080818
2.99030734300614
7.73049965500832
2
7
-4.8936799108982
6.57969897389411
-16.9950246274471
-3.76251658201218
4.93006371855735
-0.364715617895125
6.70620787143707
7
-5.04706474542618
-1.56697147488594
7.71749708652496
7.89423223137855
-3.21563379764557
1.48169034123421
7.9785099029541
|FiveFeelerGenome 3
2
6
7
7.52301085591313
-0.293883603811268
-0.552682632207874
-0.699884629249578
5.20555922389031
0.782492297887802
-6.17683799266816
7
-11.3887044727803
-5.86298664808273
4.65614302158357
-12.2653152942658
2.10770053267478
-0.80192815065385
-0.664783906936635
7
7.60182448029518
-2.25007310509682
-6.82929452657699
0.616106426715856
9.09066025018691
2.31212760806084
-3.16331331729889
7
4.28882787823677
-3.21613683700562
-8.49299472570419
-0.408191645145421
-1.39933483600616
4.05491888523102
-2.56688767671585
7
-5.35671430230141
-2.35705208182336
-2.06264610886574
-8.09017480015755
-1.50830017924309
-0.297788709402086
-7.96374371647835
7
3.77990321516991
-10.197610282898
-5.60713964104653
-3.02260510325432
5.54914239048957
2.38688049912453
6.24929205179215
2
7
-6.88285809755324
8.49148500561714
-16.0076745033264
-2.1416110932827
5.18378769159316
-0.107012176513671
6.88730373978615
7
-4.28746629953384
-3.20850034356117
8.4131088078022
7.9827149271965
-0.780089449882508
3.27838256955147
10.3527443349361
|FiveFeelerGenome 3
2
6
7
7.06752577424046
1.74612115621566
0.0923821091651879
-2.52656833529473
5.04647631645203
0.314719122648239
-4.98230977058411
7
-12.3709294497967
-7.46744838953018
3.49866595864297
-13.1177603721619
1.71412183642387
-1.15115591287614
0.664413809776316
7
7.4665736079216
-2.21919222474098
-6.16028119921684
0.675124895572667
8.87313486933708
1.54397895932198
-3.197638297081
7
2.81405902504921
-2.95098030567169
-10.6848624587059
-0.544037538766865
-1.24131208062171
4.92774047255516
-2.02457716464996
7
-5.03531776666642
-3.03244561553002
-1.41983626484871
-7.93900693058968
1.26907529234886
-1.2137282550335
-8.46254690289498
7
2.23928450345993
-11.5768324136734
-1.46055649518967
-2.37193914055824
5.39460681080818
2.47206364870072
7.19108539223671
2
7
-3.44740841984748
7.31296828389167
-16.3754306793213
-2.0459263265133
4.83269488215446
-0.209778261184691
6.59439369440079
7
-5.22526125311851
-2.85037528276443
7.59106488823891
7.05976608991623
-0.116267377138139
2.93567579388618
11.0915486514568
|FiveFeelerGenome 3
2
6
7
7.52301085591313
-0.293883603811268
-1.13756892085076
-0.699884629249578
5.66337446570397
0.782492297887802
-5.63679475188256
7
-11.9725912988186
-5.79530873894691
5.13292326927186
-11.8978924274445
1.35740901231765
-1.39634422063829
-1.6563541650772
7
7.60182448029518
-1.96870959401131
-6.46103023290634
0.616106426715856
8.58553119897842
1.89388934373856
-3.16331331729889
7
4.28882787823677
-3.23149030208588
-8.49299472570419
-0.378780400753026
-1.39933483600616
4.05491888523102
-2.00471969842911
7
-4.69328395724297
-3.01370945572854
-2.14074724316598
-5.99182782769203
2.72884571552276
-0.448133802413942
-7.07746461033821
7
2.88194671869278
-10.8764203608036
-3.84297050237656
-3.48483536839485
5.36531844735145
2.81958373785019
6.89475612044335
2
7
-6.43138910531996
7.83116913437843
-16.5387252807617
-2.1416110932827
5.18378769159316
-0.107012176513671
6.67345021367073
7
-3.42304016947746
-3.23827077150344
7.70078075528145
5.8242374241352
-1.68009890913963
2.84182465672493
8.51096628308296
|FiveFeelerGenome 3
2
6
7
7.72719321250913
0.403574657440181
-2.21576179862023
-2.84998065829277
4.94999296665192
0.243956995010376
-6.85736863613129
7
-11.3603267014027
-6.33598900437354
5.37465057969094
-12.3725587368012
1.46747370958327
-0.906368577480328
-0.643254280090322
7
6.97312468290329
-2.74759805798531
-4.76429125666618
0.406440293788915
8.13900231719017
1.48972094655037
-2.97196731567383
7
1.66866896152496
-2.85748885273933
-8.95427516698837
-0.0812885701656387
0.651671934127813
3.55644378662109
-2.3459014415741
7
-4.95320528149605
-3.33473892211915
-2.97522259354592
-7.18320334553719
-1.14454299807549
-0.0892849743366262
-8.27611694335938
7
3.12274569869042
-11.7184020876884
-3.81786649227143
-2.62021070122719
5.23193905949592
2.22043446302414
5.91096355319023
2
7
-4.8291649699211
5.75258517861366
-16.1104905307293
-2.57044889330864
4.49606935381889
0.778280806541444
6.43426175713539
7
-2.86513740420341
-2.80719257593154
7.60886567234993
5.8242374241352
-1.13562278151512
2.84182465672493
8.55922285318374
|FiveFeelerGenome 3
2
6
7
5.90082286000249
-0.0318993031978648
-1.12236217260361
0.11390278935432
6.07282797694206
0.272017908096314
-5.28045319914818
7
-11.2702820658684
-7.37551149129867
4.27000834941865
-11.8978924274445
1.19198859930038
-0.7923950970173
-1.1097123146057
7
6.71541110277176
-1.6876790702343
-5.03818907141685
1.00035790205002
7.27488197684288
1.32532950043678
-2.79499402046204
7
2.81405902504921
-3.76160382628441
-10.2129394412041
-0.0030570089817093
-1.24131208062171
3.82246443629265
-2.08003430366516
7
-4.44168048501015
-2.19839239120484
-2.56115981340409
-5.20042841434479
-1.08109993934632
-1.96296927928925
-8.28505856990815
7
2.16165751218796
-11.0314612150192
-1.82814201116562
-1.91376519799232
5.63748121261597
3.01397701501847
7.54567514061928
2
7
-5.74608262777327
8.13658131361007
-18.0748942613602
-2.07669569849968
4.80051017999648
0.53384571671486
7.64832983613014
7
-3.63974255919456
-3.23827077150344
8.13445833325386
5.85394685864448
-1.57861177325249
3.21653512120247
8.78360186815262
|FiveFeelerGenome 3
2
6
7
7.52301085591313
-0.293883603811268
-0.620993632078174
-0.699884629249578
5.60609442591667
0.782492297887802
-6.17683799266816
7
-12.3710695683956
-7.18432763814926
4.24469142556191
-13.0509765148163
1.7583651959896
-0.617064583301556
1.13920972347261
7
7.60182448029518
-2.25007310509682
-6.46103023290634
0.616106426715856
8.58553119897842
2.31212760806084
-3.16331331729889
7
4.28882787823677
-3.21613683700562
-8.96153215169906
-0.378780400753026
-1.39933483600616
3.55239722728729
-2.56688767671585
7
-5.14861937165261
-2.68578016757966
-1.80186815857888
-6.84027205109596
-0.165942114591604
-0.553772586584093
-8.72997744679452
7
4.07507087588311
-11.7184020876884
-4.22808396816254
-3.18825822472572
4.75305145382881
2.65949805974961
6.45894686579705
2
7
-6.88285809755324
7.45507944226264
-16.0076745033264
-2.1416110932827
5.18378769159316
-0.107012176513671
6.88730373978615
7
-4.44873887300491
-1.56697147488594
7.71749708652496
7.89423223137855
-3.21563379764557
1.48169034123421
7.9785099029541
|FiveFeelerGenome 3
2
6
7
5.90082286000249
-0.0318993031978648
-1.12236217260361
-0.420363277196889
6.07282797694206
0.272017908096314
-5.28045319914818
7
-11.4728853166104
-7.07252758741378
4.65614302158357
-11.8978924274445
1.49403094053268
-0.464737230539333
-0.667015504837026
7
7.82044157385826
-2.39265053868294
-5.78978459239006
0.472454679012303
8.22349125742912
0.908620077371597
-2.95966627597809
7
2.1611626625061
-3.00846717953682
-9.72680734992027
-0.674786251783376
-0.298029953241342
4.5711317718029
-1.235391664505
7
-5.30853961110116
-2.35705208182336
-2.06264610886574
-8.09017480015755
-1.93968479037285
-0.781406158208849
-7.96374371647835
7
3.77990321516991
-10.6949999809265
-5.60713964104653
-2.47516939043999
5.54543729424476
2.38688049912453
6.24929205179215
2
7
-6.30726712942122
7.78194721937179
-18.0748942613602
-2.07669569849968
4.80051017999648
0.00297183990478633
7.64832983613014
7
-3.63974255919456
-3.23827077150344
8.16611319184303
5.79396114945411
-1.57861177325249
3.21653512120247
8.6721831202507
|FiveFeelerGenome 3
2
6
7
7.06752577424046
0.854609864950176
0.192882263660427
-2.08538157343865
4.91559789180756
0.314719122648239
-5.49337930679322
7
-11.8033114373684
-7.15446964502334
4.54442556500436
-13.0627647161484
1.91150552630424
-1.4646162390709
0.370150375366221
7
7.60182448029518
-2.25007310509682
-6.94626044034958
0.582481181621557
8.58553119897842
2.31212760806084
-3.16331331729889
7
4.28882787823677
-3.21613683700562
-8.49299472570419
-0.378780400753026
-1.39933483600616
4.05491888523102
-2.56688767671585
7
-5.35671430230141
-2.35705208182336
-2.06264610886574
-8.07352386116982
-1.50830017924309
-0.781406158208849
-8.43542984127999
7
3.60850490927697
-12.3866452813149
-4.49133282303811
-2.25936089158058
5.01674169301986
2.5817127108574
6.14353473186493
2
7
-3.44740841984748
7.31296828389167
-16.8555784225464
-2.08256415724755
4.76238703131675
-0.602203607559203
6.59236387014389
7
-4.44873887300491
-1.56697147488594
7.71749708652496
7.67731054425239
-3.21563379764557
1.01617429852486
7.9785099029541
|FiveFeelerGenome 3
2
6
7
7.52301085591313
0.103007084131237
-0.620993632078174
-0.699884629249578
6.14023725390434
0.782492297887802
-6.17683799266816
7
-12.3710695683956
-7.18432763814926
3.80980320572854
-13.445998954773
2.13023223280906
-0.676341617107403
0.664413809776316
7
7.07588804960251
-2.60794873833656
-5.78978459239006
0.675124895572667
9.37443649768829
1.70594094991684
-3.13615419864655
7
2.13519549965858
-3.62123435139656
-9.42318944334984
-0.835630816221242
0.0901437699794828
4.25738341212272
-2.00274119377136
7
-4.6599788248539
-1.67068443298341
-2.09213293790818
-5.92832129001618
-1.60240886211396
-1.43566086292267
-8.43559606671334
7
3.77990321516991
-10.6949999809265
-5.60713964104653
-3.02260510325432
5.54543729424476
2.38688049912453
6.24929205179215
2
7
-6.88285809755324
8.15572763681411
-16.0076745033264
-2.1416110932827
4.97142018079757
-0.107012176513671
6.88730373978615
7
-2.9322591483593
-3.3934688925743
7.70078075528145
5.27758806347847
-0.514459365606309
2.84182465672493
8.72744644284248
|FiveFeelerGenome 3
2
6
7
7.52301085591313
-0.293883603811268
-0.369722878932957
-0.699884629249578
6.07012345194817
0.782492297887802
-6.17683799266816
7
-10.9818918287754
-8.40516990423202
3.77786097526551
-11.8528389692307
1.88825293779372
-1.55544543862344
-0.408163166046133
7
6.57581957578659
-1.6876790702343
-5.44770495295524
1.00035790205002
7.69403657317161
1.38385966420174
-3.12851376533509
7
1.59509954452514
-3.01786842942238
-8.75501927733422
-0.674786251783376
-0.298029953241342
4.21231500506401
-1.97407410144806
7
-4.35478041768075
-3.07727609276772
-2.06466844081879
-6.48480375409127
2.69148333072662
-1.71199226379395
-7.06269767284394
7
3.77990321516991
-10.6949999809265
-5.40959646701813
-3.02260510325432
5.54543729424476
2.38688049912453
6.24929205179215
2
7
-6.88285809755324
7.7763233244419
-15.5741012096405
-2.1416110932827
5.18378769159316
-0.107012176513671
7.18966808915138
7
-4.44873887300491
-1.56697147488594
7.71749708652496
7.89423223137855
-3.21563379764557
1.99967768788338
7.9785099029541
|FiveFeelerGenome 3
2
6
7
5.90082286000249
0.182507973909374
-1.12236217260361
0.503286707401271
5.68581554293633
0.337413257360459
-4.99981991052628
7
-12.3710695683956
-7.18432763814926
3.80980320572854
-12.626590180397
1.7583651959896
-0.472500759363186
0.664413809776316
7
7.60182448029518
-2.25007310509682
-6.46103023290634
0.835635703802114
9.13366829156875
2.31212760806084
-3.16654777526856
7
4.28882787823677
-3.21613683700562
-8.49299472570419
-0.378780400753026
-1.57187719345092
4.64233710765838
-2.56688767671585
7
-5.35671430230141
-2.35705208182336
-2.06264610886574
-8.31069293618202
-1.50830017924309
-0.781406158208849
-7.96374371647835
7
3.47686150074005
-12.0549603819847
-4.16229830384255
-3.11074767708778
5.73401933312416
3.23654679059983
5.83742682337761
2
7
-5.40488806366919
7.65794149041175
-15.4781463265419
-4.20688905715943
4.63151254057883
-0.735266745090484
7.74416405558586
7
-5.330541908741
-2.4624822974205
9.04810684323311
8.36516361832618
-3.61058764457703
1.56460988521576
7.47465600967407
|FiveFeelerGenome 3
2
6
7
7.06752577424046
1.01506806612014
0.0811671137809716
-2.08538157343865
5.23148291707039
0.314719122648239
-5.29763213992119
7
-13.1701949775219
-7.2406088411808
4.79004037976266
-12.7115468263626
1.71748863458633
-0.565318191051495
-1.09271676540374
7
7.02697900533676
-2.52322707176209
-5.93272601962089
0.54428852796555
7.51886686682701
1.4172473013401
-3.83122255802155
7
2.13519549965858
-3.39528350830078
-9.42318944334984
-0.835630816221242
0.0901437699794828
4.25738341212272
-2.00274119377136
7
-4.77260900139809
-2.75427119731904
-1.27322520017624
-7.14600575566292
0.103572076559061
-0.389256274700167
-9.46953256726265
7
3.60850490927697
-12.3866452813149
-4.49133282303811
-2.25936089158058
5.01674169301986
2.5817127108574
6.14353473186493
2
7
-6.30726712942122
7.94783614277839
-18.1510237216949
-2.11941263079644
4.92510722875594
0.275229144096376
7.14610415101051
7
-2.72287663221359
-3.3934688925743
7.70078075528145
5.27758806347847
-0.67485153079033
2.84182465672493
8.72744644284248
|FiveFeelerGenome 3
2
6
7
7.72757945060727
-0.0823452174663585
-0.726810783147816
-1.62321435809136
5.54340403079987
0.37038516998291
-5.25344712734223
7
-11.8033114373684
-7.15446964502334
4.12861993908883
-12.5539725542069
1.91150552630424
-1.52996851205827
0.370150375366221
7
7.07588804960251
-2.60794873833656
-5.78978459239006
0.675124895572667
8.95465805530548
1.70594094991684
-3.13615419864655
7
2.44277708530426
-3.43910806775093
-8.07105799913406
-0.392536431550984
1.07962684035302
5.01390520334244
-0.758513659238814
7
-4.6599788248539
-1.67068443298341
-2.64469474554062
-5.92832129001618
-1.60240886211396
-1.96296927928925
-8.43559606671334
7
3.77990321516991
-10.9596579253674
-5.03955073952675
-3.72331309318542
5.58449805378913
2.38114572167397
7.02855507731438
2
7
-3.44740841984748
7.31296828389167
-16.8555784225464
-2.08256415724755
4.76238703131675
-0.209778261184691
6.59236387014389
7
-5.57515758275986
-3.66616958379745
8.35279231071472
8.19987123608589
-3.1936950981617
1.28924915790558
8.36639752388
|FiveFeelerGenome 3
2
6
7
7.06752577424046
1.74612115621566
-0.0709958195686377
-2.52656833529473
5.04647631645203
0.314719122648239
-4.98230977058411
7
-13.1701949775219
-7.2406088411808
4.62038334608079
-12.4001739025116
2.2284616112709
-1.28911880254747
0.353771018981944
7
7.4665736079216
-2.39265053868294
-5.95224248766899
0.947213113307958
8.42451059222221
1.68066847920418
-3.12851376533509
7
2.72144849896431
-3.57013962864876
-9.46119757890701
-1.61319519877434
-0.287694150209421
3.93337785601616
-1.59398913383484
7
-5.03531776666642
-3.03244561553002
-1.41983626484871
-7.93900693058968
1.27077209353446
-1.2137282550335
-8.94041240811348
7
2.75527326464653
-12.2145705580711
-3.82054187059403
-2.64275370240211
5.82819762825966
2.65949805974961
6.15597640872002
2
7
-3.44740841984748
7.31296828389167
-16.3754306793213
-2.0459263265133
4.83269488215446
-0.209778261184691
6.59439369440079
7
-5.22526125311851
-2.85037528276443
7.59106488823891
7.05976608991623
-0.116267377138139
2.93567579388618
11.0915486514568
|FiveFeelerGenome 3
2
6
7
6.65611119270322
-0.43874978423119
-1.00905541777611
-2.21245056390763
5.95879938602448
1.8676164150238
-5.42917351722718
7
-12.3709294497967
-8.06721321344375
3.49866595864297
-13.5577928543091
1.71412183642387
-1.15115591287614
0.664413809776316
7
7.4665736079216
-2.21919222474098
-6.16028119921684
0.675124895572667
8.29784538149834
1.54397895932198
-3.197638297081
7
2.81405902504921
-2.95098030567169
-10.6848624587059
-0.544037538766865
-1.24131208062171
4.92774047255516
-2.54461085796356
7
-5.31546922326089
-3.04592967033387
-2.73346536755562
-7.72445567250252
-0.65370318293572
-0.101065450906756
-8.75869283676148
7
2.23928450345993
-11.5768324136734
-1.46055649518967
-2.37193914055824
5.39460681080818
2.47206364870072
7.19108539223671
2
7
-4.54429885149001
6.28243225216865
-15.9864714622498
-2.53376213908196
4.65475313067435
0.912213373184205
6.43426175713539
7
-5.30083254575729
-4.27811628580093
9.53790812492371
9.61254459023475
-1.64725863933563
2.85194547176361
8.59752790927887
|FiveFeelerGenome 3
2
6
7
5.90082286000249
-0.0318993031978648
-1.12236217260361
-0.236501282453542
6.07282797694206
0.272017908096314
-5.28045319914818
7
-11.8033114373684
-7.61611121892929
4.234839707613
-13.1177603721619
2.40037552714347
-1.511614048481
0.664413809776316
7
7.32267781496048
-1.89354894757271
-5.78978459239006
-0.116217529773707
8.4355467736721
1.69870601296425
-3.00115160942078
7
2.68180017471313
-3.59930489659309
-10.3458792865276
-1.57980098128319
1.60637810826302
4.85137782096863
-2.63121225237846
7
-5.14861937165261
-3.06875154972077
-2.21485453248024
-6.84027205109596
-0.65370318293572
-0.553772586584093
-8.56763377785683
7
4.08052820563317
-11.7184020876884
-4.22808396816254
-3.18825822472572
4.75305145382881
2.65949805974961
6.45894686579705
2
7
-3.20946860313414
7.7887633383274
-16.4518889427185
-3.20354427695275
4.61986953616142
-0.273474645614623
6.10483304262161
7
-3.63974255919456
-3.23827077150344
8.13445833325386
5.79396114945411
-1.57861177325249
3.21653512120247
8.6721831202507
|FiveFeelerGenome 3
2
6
7
7.06752577424046
-0.363312762975697
-0.388031351566318
-1.5808723628521
4.78430297374726
0.216573661565781
-5.46936094760895
7
-11.5259316146374
-7.07252758741378
4.65614302158357
-12.2983219146729
1.19198859930038
-0.768882137537014
-1.1097123146057
7
7.82044157385826
-2.39265053868294
-5.78978459239006
0.472454679012303
8.22349125742912
0.908620077371597
-2.74380102157593
7
2.1611626625061
-3.00846717953682
-9.72680734992027
-0.674786251783376
-0.298029953241342
4.5711317718029
-1.235391664505
7
-5.35671430230141
-2.41329900622369
-2.06264610886574
-7.27983391284943
-0.675920456647878
-0.781406158208849
-8.46367257237435
7
1.93994933366776
-10.9284051835537
-1.87982991337777
-1.83726745247841
5.96354452371597
2.96687012910843
8.08943687081337
2
7
-6.30726712942122
7.78194721937179
-18.0748942613602
-2.07669569849968
4.80051017999648
-0.0820751428604115
7.64832983613014
7
-5.0700989305973
-4.85224570035934
10.380070400238
9.45411843061446
-1.49180043339729
2.01801114082336
9.63971064686775
|FiveFeelerGenome 3
2
6
7
6.60660076141354
-0.128913605213169
-1.69682723879815
-2.54174143075943
5.48580706119538
1.25875375270844
-7.38516578674317
7
-11.8675506293774
-6.99592713117599
4.49627792835236
-11.7432045161724
1.40661824941634
-1.0407795071602
-0.658622622489919
7
7.32267781496048
-1.89354894757271
-5.78978459239006
0.541880548000341
8.4355467736721
1.61314404606819
-3.12851376533509
7
3.11316940784454
-3.59930489659309
-9.48562933802605
-1.57980098128319
1.60637810826302
4.05450303554535
-2.44316172003746
7
-4.93254061341286
-2.41329900622369
-2.35175026059151
-7.048267775774
-1.50830017924309
-0.781406158208849
-8.19957111477853
7
1.85917013883591
-10.7573731422424
-1.87982991337777
-2.31187582612038
5.80653403401375
2.94283503293992
7.93843824863434
2
7
-3.20946860313414
7.7887633383274
-15.9473087787628
-2.90309109091759
4.76238703131675
0.253798723220826
5.84872564077377
7
-3.59938082098961
-3.92102487683296
7.2958414375782
5.48094406723976
-1.68009890913963
2.84182465672493
7.95958629250526
|FiveFeelerGenome 3
2
6
7
5.60534391999242
-0.0136634290218394
-0.53202513456345
0.503286707401271
6.32708806991577
0.337413257360459
-5.14973515272141
7
-10.9818918287754
-8.40516990423202
3.77786097526551
-11.8528389692307
1.61445583105086
-1.73771833181382
0.0131306171417336
7
6.71541110277176
-1.6876790702343
-5.44770495295524
1.21401750445366
7.50273348689079
1.38385966420174
-3.12851376533509
7
1.94468464851379
-3.01786842942238
-8.75501927733422
-1.19151875376702
-0.298029953241342
3.79454342722893
-1.97407410144806
7
-4.35478041768075
-2.55675931572915
-2.06466844081879
-6.48480375409127
2.69148333072662
-1.71199226379395
-7.06269767284394
7
3.47686150074005
-12.3600202441216
-4.16229830384255
-3.11074767708778
5.73401933312416
3.34925442934037
5.83742682337761
2
7
-5.40488806366919
7.65794149041175
-15.9251476883888
-3.75794763565064
4.63151254057883
-0.735266745090484
7.28000256419182
7
-5.42122896909714
-2.85184892416
8.08609817624092
8.36516361832618
-3.61058764457703
1.56460988521576
7.47465600967407
|FiveFeelerGenome 3
2
6
7
7.06752577424046
0.132376915216442
-0.662079423666004
-1.33998832106591
5.04647631645203
0.314719122648239
-5.42546162605286
7
-11.0599182903767
-8.86712826490401
3.64976904392243
-11.8528389692307
1.88825293779372
-1.27188972234727
0.116115498542796
7
7.26152321696281
-1.38116908073425
-6.14311763644218
1.1987119793892
9.17722189426422
0.354426127672196
-3.20240375995636
7
2.60553796291351
-3.75218930840492
-9.48562933802605
-1.57980098128319
1.60637810826302
4.33605694770813
-2.44316172003746
7
-4.39620538353921
-2.41329900622369
-2.41149464249611
-7.36790097355843
-1.15905439257622
-0.781406158208849
-8.19957111477853
7
4.1120399415493
-10.1257885932922
-5.09568808674813
-3.61297030448913
5.58449805378913
2.91391860246659
6.55470010042191
2
7
-3.20946860313414
7.7887633383274
-15.9473087787628
-2.90309109091759
4.28642224669456
0.253798723220826
6.10483304262161
7
-3.59938082098961
-3.66153216958045
7.2958414375782
5.48094406723976
-1.68009890913963
2.84182465672493
7.95958629250526
|FiveFeelerGenome 3
2
6
7
6.60660076141354
-0.128913605213169
-1.69682723879815
-2.54174143075943
5.48580706119538
0.856364464759827
-6.83336129188538
7
-11.8033114373684
-7.18432763814926
4.234839707613
-13.1177603721619
1.91150552630424
-1.15115591287614
0.664413809776316
7
6.71541110277176
-1.6876790702343
-5.27232360243797
1.46831840276719
7.69403657317161
1.38385966420174
-3.12851376533509
7
3.30806091427803
-3.88093927502632
-10.2129394412041
-1.01205318570137
-1.66476851105689
4.4310956954956
-2.62736530303955
7
-5.35671430230141
-2.41329900622369
-2.46086116433144
-7.38911747932434
-1.11158773303032
-0.781406158208849
-8.70606394410134
7
1.85917013883591
-10.7573731422424
-1.87982991337777
-2.16344609856605
5.80653403401375
2.94283503293992
7.93843824863434
2
7
-4.9346348106861
6.0888821363449
-16.4537922739983
-3.89227019548417
4.45804387331008
0.262624406814576
7.00056362748146
7
-5.16533929109573
-4.9428156197071
9.17384595870972
9.55116685032844
-1.87567353844643
3.40608296990395
8.56532688140869
|FiveFeelerGenome 3
2
6
7
7.20496439933774
-0.336813628673558
-1.59414312243462
-2.84433437585831
5.48580706119538
1.26184916496277
-6.97351744174958
7
-11.8675506293774
-6.99592713117599
4.4900996208191
-12.2189992129803
1.46496559381484
-1.0407795071602
-1.18680651187896
7
7.26152321696281
-1.176172798872
-6.14311763644218
1.1987119793892
9.26945633888244
0.354426127672196
-2.47146847248078
7
3.58655753731727
-3.88093927502632
-9.89633070230484
-1.25028405785561
-1.24131208062171
4.4310956954956
-2.69629907608032
7
-4.71996970176697
-1.9409734427929
-2.79425666928292
-7.53175991177559
-1.05337864756585
-0.781406158208849
-8.62658465504647
7
4.08052820563317
-11.7210863888264
-4.22808396816254
-2.10981565117836
4.75305145382881
2.65949805974961
6.55976065993309
2
7
-4.75793476104735
5.3270928621292
-16.4537922739983
-3.89227019548417
4.43342970609664
0.0652115345001232
7.00056362748146
7
-4.15333911180496
-3.09039701223373
8.16023486256599
7.47015701532363
-0.116267377138139
2.93567579388618
10.3421489655972
|FiveFeelerGenome 3
2
6
7
7.61913058757779
-0.955450743436817
-0.687279099226002
-1.49417564272881
5.6644348859787
0.484467262029648
-5.33102914690972
7
-12.4628670990467
-7.08639800548553
5.56124275922776
-12.8590498864651
1.86982551813125
-0.868953835964214
0.122871232032786
7
7.58854960203171
-2.32166748642921
-5.78978459239006
-0.35853322744369
8.34742197394371
1.62200799584389
-3.15490097999573
7
2.72218235135078
-2.7668072283268
-10.9831338822842
-0.688846266269688
-0.899921679496759
4.84424166083336
-2.23490891456604
7
-5.32488656640053
-2.10672693252564
-1.71100478768349
-7.22698629498482
-0.886867469549184
-0.578079479932787
-8.24032745957375
7
3.67166799902916
-10.1257885932922
-4.70066371560097
-3.61297030448913
5.58449805378913
2.91391860246659
6.55470010042191
2
7
-3.44740841984748
8.10183726549148
-16.8555784225464
-1.85312377810479
4.76238703131675
1.2662887096405
6.59359046220779
7
-5.16533929109573
-4.49469688534736
9.17384595870972
10.1352154314518
-1.90200617909432
3.21075637340546
8.56532688140869
|FiveFeelerGenome 3
2
6
7
6.90088542103764
-0.0256195008754773
-0.801968997716907
-0.885001862049108
5.54340403079987
0.783928030729294
-5.98094069361687
7
-11.8544074118138
-7.839775121212
3.77786097526551
-11.8528389692307
1.88825293779372
-1.27188972234727
0.0342262983322243
7
7.4665736079216
-1.68085327744484
-5.85783724188804
0.174128502607351
9.25933690071106
1.97776343226433
-3.49149260520935
7
2.89151800274849
-2.65802670121193
-10.5987272143364
0.256160753965373
-0.645610982179636
4.34262937903404
-1.7713472366333
7
-3.71332705616951
-2.81080672740937
-2.7425281405449
-5.76532368063927
-0.27651076316834
-1.96296927928925
-7.7035394012928
7
3.21839239597321
-12.0549603819847
-5.08513069748879
-2.56371536850929
5.40321877598762
2.46376632452012
5.91233205199242
2
7
-5.37053781747817
7.25268395543098
-15.9251476883888
-3.19801111221314
4.63151254057883
-0.735266745090484
7.49606222510338
7
-6.31328605413437
-2.75440920591354
8.77806389927864
9.34610029458999
-4.35132091641426
1.78470823764801
9.35010569095612
|FiveFeelerGenome 3
2
6
7
7.88692480325696
3.08748784065246
-1.34610781073571
-1.12186836600304
6.76102095842362
0.954755884408951
-9.06400287747383
7
-11.7005289375782
-5.92369612455367
5.09865214824677
-12.3738355398178
1.10142619013785
-0.475737488269817
-0.959446382522573
7
6.62142385244369
-2.16129052042961
-5.56928507089615
1.00083490610123
8.17321371436119
1.88063302636147
-3.12851376533509
7
2.90431199669838
-2.84582031369209
-10.2129394412041
0.218914401531215
-1.05824809670448
4.17606598734855
-1.7713472366333
7
-5.03531776666642
-2.56355985999108
-1.22615016102791
-6.91846774220467
0.701162594556803
-1.57861502170563
-8.46254690289498
7
3.78201443552971
-11.9743993401527
-4.49133282303811
-2.26180327534675
5.1497684597969
2.59131680727006
5.51394075751305
2
7
-4.8936799108982
6.35446081161498
-16.588667100668
-3.89227019548417
4.17483800649642
0.0407494127750408
6.70620787143707
7
-5.16508229970932
-4.09033733606338
9.3598950624466
9.81490486860275
-1.78496974110603
2.38071475028992
9.02047298550606
|FiveFeelerGenome 3
2
6
7
7.06752577424046
0.132376915216442
-0.388031351566318
-1.33998832106591
5.04647631645203
0.314719122648239
-5.46936094760895
7
-11.3887044727803
-6.01227918863296
4.65614302158357
-12.2653152942658
1.73156241774558
-1.33005224466325
-0.0986046314239402
7
6.80619994401932
-1.89354894757271
-5.54089993238449
0.142407000064855
8.4355467736721
1.69870601296425
-3.49977469444275
7
3.23182096481323
-4.12676509022713
-10.2709888637066
-1.57980098128319
1.60637810826302
4.85137782096863
-2.63121225237846
7
-3.92521995902062
-2.20728545188905
-2.03449349999428
-5.75797982811928
3.03866973519325
-0.317019432783129
-8.41399448513985
7
1.85917013883591
-11.1655918359757
-2.25573033094407
-2.9388180077076
5.39460681080818
3.01397701501847
6.92593515515328
2
7
-4.44700933694838
8.06257165670394
-15.5917634308338
-1.97093119025231
4.76367241740226
-0.683215975761412
6.6896784722805
7
-5.0700989305973
-4.27334624528884
10.7912222862244
9.45411843061446
-1.49180043339729
2.38071475028992
9.63971064686775
|FiveFeelerGenome 3
2
6
7
6.05707793235776
1.10473154187202
-0.252135264873508
-1.31243988871575
5.77359256744385
0.780133455991746
-5.81445515751839
7
-11.8033114373684
-7.61611121892929
4.234839707613
-12.7136415958405
1.91150552630424
-1.26799844503404
0.664413809776316
7
7.4665736079216
-2.02432158589363
-5.65102104544639
0.224095964431768
8.74775860309601
1.33255676627159
-3.0038898229599
7
2.81405902504921
-2.95098030567169
-9.91433764100075
-0.47861087918282
-1.33173177838325
4.9215507209301
-2.02457716464996
7
-5.35671430230141
-2.41642588973046
-2.06264610886574
-7.19528889656067
-0.675920456647878
-0.781406158208849
-7.99401991963387
7
1.85917013883591
-11.1788502454758
-1.86179795861245
-1.83726745247841
5.80653403401375
2.94283503293992
8.08943687081337
2
7
-3.20946860313414
7.7887633383274
-16.4518889427185
-3.20354427695275
4.61986953616142
-0.273474645614623
6.10483304262161
7
-5.5885120511055
-3.12048667669296
7.95692393779755
8.19987123608589
-2.84774206280708
0.442714738845825
8.36639752388
|FiveFeelerGenome 3
2
6
7
6.29342337250707
0.673944669961925
-1.58181492090226
-0.318567651510243
4.89320926070214
0.337413257360459
-5.37832028269768
7
-11.8033114373684
-8.06343830823898
4.234839707613
-13.1177603721619
1.91150552630424
-1.15115591287614
1.18840558528901
7
7.4665736079216
-2.02432158589363
-6.07782682180404
-0.333048737049098
8.51707577109337
2.33989557027817
-3.23003825545311
7
3.23182096481323
-3.59930489659309
-9.85096594691277
-1.57980098128319
1.26533802151681
4.85137782096863
-2.63121225237846
7
-4.78819585442544
-2.96148645281792
-2.41181135773659
-7.048267775774
-1.50830017924309
-1.1547723710537
-8.46367257237435
7
4.78059670329094
-10.0454697012901
-3.98368215560913
-2.83432243466377
5.86417568922043
1.19651254415513
6.61201574206353
2
7
-6.30726712942122
8.51726267933845
-17.1423878192902
-2.1416110932827
4.46239041090011
1.13009479045868
7.09393375515938
7
-5.0700989305973
-4.3510203719139
10.7912222862244
9.45411843061446
-1.49180043339729
2.38071475028992
9.25333736538887
|FiveFeelerGenome 3
2
6
7
7.06752577424046
-0.382679456472401
-0.388031351566318
-1.33998832106591
4.55440783500672
0.314719122648239
-5.46936094760895
7
-11.9611836135388
-6.52091177701949
4.2670491218567
-11.8470369040966
1.5051163136959
-1.52491451501847
-0.877212071418752
7
7.32267781496048
-1.89354894757271
-5.78978459239006
0.142407000064855
8.4355467736721
1.69870601296425
-3.49977469444275
7
2.82370696663856
-2.74447358250618
-10.3047174274921
-0.968554604053502
-0.487858611345285
5.12779378294945
-1.62012772560119
7
-5.35671430230141
-2.41329900622369
-2.06264610886574
-7.72292082309723
-0.656202787160879
-0.781406158208849
-8.46367257237435
7
1.85917013883591
-11.1788502454758
-1.87982991337777
-1.79595621228218
5.80653403401375
2.94283503293992
8.08943687081337
2
7
-3.20946860313414
7.7887633383274
-16.1646918952465
-3.20354427695275
4.61986953616142
-0.273474645614623
6.10483304262161
7
-3.59938082098961
-3.82843979597091
7.2958414375782
5.94324825406074
-1.68009890913963
2.73575679063797
8.31704865097999
|FiveFeelerGenome 3
2
6
7
7.15061204433438
-0.128913605213169
-1.91480578780175
-2.62626854777337
5.48580706119538
1.71955182552338
-7.1030027627945
7
-12.8731055140496
-7.08639800548553
5.56124275922776
-12.2622623860836
3.24287148714065
-1.32563675642015
0.778170442581187
7
7.7966483771801
-1.09474606513977
-5.8619076192379
0.0893146395683338
9.72099857330322
1.21910136342049
-3.08710246086121
7
2.57340500950813
-3.1604934990406
-10.8128727257252
-0.904231154918675
-0.341274529695505
4.80566048026085
-1.6538155734539
7
-3.25983700156213
-3.01952950954438
-2.1730655014515
-6.12256498932839
2.01486756801605
-0.827096104621889
-7.6829107105732
7
2.88194671869278
-10.7749957382679
-4.36961086988449
-3.48483536839485
5.36531844735145
2.65273333191872
6.89530228972435
2
7
-5.21388500928878
7.88532207608222
-14.7722937703133
-2.59700832366944
5.45870193839072
-0.825740444660186
7.5378809928894
7
-3.53378972411156
-3.47642706036567
7.70078075528145
5.8242374241352
-0.838179391622544
2.84182465672493
8.51096628308296
|FiveFeelerGenome 3
2
6
7
5.90082286000249
0.198178869485851
-1.12236217260361
0.267564612627025
6.20111789107323
0.0369879662990573
-5.28045319914818
7
-11.5313152194023
-6.57331162691116
4.65614302158357
-11.7619630813599
0.683505213260642
-0.946086585521709
-0.872280526161184
7
8.0359047293663
-2.10254826545715
-5.55564898848533
0.675124895572667
7.92377657294273
1.4172473013401
-2.87637712359429
7
2.27799174785614
-3.0813483774662
-9.87409288287163
-0.617230194807057
-0.971524125337595
4.58848598599434
-1.13636488318443
7
-3.92521995902062
-2.20728545188905
-2.34774749279023
-5.75797982811928
2.7801862001419
-0.940736669301989
-8.07785146832466
7
3.77990321516991
-10.8462308645248
-5.03955073952675
-3.8739723443985
5.58449805378913
1.98348048329354
7.11899780631066
2
7
-5.94482086896895
8.04453092217445
-17.6057235479355
-2.41080273985863
4.81070543527603
0.80117542743683
7.46292567849159
7
-5.30178900361061
-3.12048667669296
8.44014055728912
7.62969582676887
-2.84774206280708
0.71128761768341
8.36639752388
|FiveFeelerGenome 3
2
6
7
6.90011222958562
0.132376915216442
-1.00905541777611
-2.26304196119309
5.95879938602448
1.67393891215324
-5.42917351722718
7
-11.5259316146374
-6.03285044431686
4.95402141213418
-12.4355404376984
0.386265885829917
-0.94322670698167
-0.796153998374929
7
8.55436126589775
-1.65878213047981
-4.91190237402916
1.7137864291668
8.41451889872551
1.18472180962563
-3.24742381572724
7
2.16272848248482
-3.02568946480751
-10.6629704475403
-0.665554821491246
-0.341274529695505
5.70310429930687
-1.85058369636536
7
-5.32488656640053
-2.62093272209168
-2.60304628014565
-7.22698629498482
-0.755700939893728
-0.578079479932787
-8.55383563637734
7
4.66644532084465
-11.3408384680748
-3.36777613759041
-1.76680117249489
5.57084401845932
1.60175713300705
6.38318511843682
2
7
-4.51049352288245
6.90548374652862
-17.3724747180939
-3.49507985115052
4.71388019323348
-0.185974478721617
7.00073680877686
7
-4.45977133512497
-3.71665905714034
7.98170631527901
7.12111693620681
-0.116267377138139
2.93567579388618
10.5312294661999
|FiveFeelerGenome 3
2
6
7
5.90082286000249
-0.0318993031978648
-1.12236217260361
-0.236501282453542
6.07282797694206
0.272017908096314
-5.28045319914818
7
-11.5259316146374
-7.07252758741378
4.65614302158357
-11.8978924274445
1.19198859930038
-0.509815239906322
-1.1097123146057
7
7.64886552691459
-2.39265053868294
-5.78978459239006
0.303012812137609
8.22349125742912
0.908620077371597
-2.74380102157593
7
2.1611626625061
-3.00846717953682
-9.72680734992027
-0.674786251783376
-0.298029953241342
4.5711317718029
-1.235391664505
7
-5.14861937165261
-3.06875154972077
-2.21485453248024
-7.30474424958229
-0.65370318293572
-0.553772586584093
-8.56763377785683
7
4.08052820563317
-11.7184020876884
-4.22808396816254
-3.18825822472572
4.75305145382881
2.57699538469315
6.45894686579705
2
7
-6.30726712942122
7.78194721937179
-18.0748942613602
-2.07669569849968
4.80051017999648
0.275229144096376
7.64832983613014
7
-3.63974255919456
-3.23827077150344
8.13445833325386
5.97277334928512
-1.88147494196892
3.21653512120247
8.6721831202507
|FiveFeelerGenome 3
2
6
7
6.94739606976506
1.74612115621566
0.0923821091651879
-2.52656833529473
5.04647631645203
0.314719122648239
-4.98230977058411
7
-11.0599182903767
-8.78042789697646
3.64976904392243
-11.8528389692307
1.88825293779372
-1.27188972234727
-0.378845906257619
7
6.91242851018905
-2.21919222474098
-6.14602865576744
0.675124895572667
8.34374205470085
1.54397895932198
-2.85403316020966
7
3.11316940784454
-3.75218930840492
-9.48562933802605
-1.57980098128319
1.73729129433632
4.33605694770813
-2.44316172003746
7
-5.03531776666642
-3.03244561553002
-1.13331255912781
-7.93900693058968
1.29544541239738
-1.2137282550335
-8.11168850064278
7
1.85917013883591
-10.7573731422424
-1.87982991337777
-1.83726745247841
5.80653403401375
2.94283503293992
7.93843824863434
2
7
-3.44740841984748
7.31296828389167
-16.7119676589966
-2.0459263265133
4.83269488215446
-0.209778261184691
6.59439369440079
7
-4.78357939124107
-2.85037528276443
8.08604174256325
7.05976608991623
-0.116267377138139
2.93567579388618
11.0915486514568
|FiveFeelerGenome 3
2
6
7
6.60660076141354
-0.128913605213169
-1.69682723879815
-2.54174143075943
5.48580706119538
1.25875375270844
-6.83336129188538
7
-12.3709294497967
-7.46744838953018
3.75499485731126
-13.1177603721619
1.71412183642387
-1.24141525030137
0.664413809776316
7
6.71541110277176
-1.6876790702343
-5.27232360243797
1.00035790205002
7.69403657317161
1.38385966420174
-3.29509332180023
7
2.81405902504921
-2.95098030567169
-10.6848624587059
-0.544037538766865
-0.872584873437876
4.92774047255516
-2.02457716464996
7
-3.85972738862038
-2.41329900622369
-2.41149464249611
-7.32427316308022
-1.50830017924309
-0.781406158208849
-8.19957111477853
7
2.23928450345993
-11.5768324136734
-1.46055649518967
-2.37193914055824
5.39460681080818
2.47206364870072
7.19108539223671
2
7
-3.20946860313414
7.7887633383274
-15.4492334365845
-2.90309109091759
4.76238703131675
0.253798723220826
6.10483304262161
7
-3.59938082098961
-3.66153216958045
7.2958414375782
5.48094406723976
-1.68009890913963
2.31504152417183
7.95958629250526
|FiveFeelerGenome 3
2
6
7
7.72719321250913
0.403574657440181
-2.21576179862023
-2.84998065829277
4.94999296665192
0.243956995010376
-6.85736863613129
7
-11.3603267014027
-6.33598900437354
5.37465057969094
-12.3725587368012
1.46747370958327
-0.906368577480328
-0.643254280090322
7
6.97312468290329
-2.74759805798531
-4.76429125666618
0.406440293788915
8.13900231719017
1.48972094655037
-2.97196731567383
7
1.66866896152496
-2.85748885273933
-8.95427516698837
-0.0812885701656387
0.651671934127813
3.55644378662109
-2.3459014415741
7
-4.95320528149605
-3.33473892211915
-2.97522259354592
-7.18320334553719
-1.14454299807549
-0.0892849743366262
-8.27611694335938
7
3.12274569869042
-11.7184020876884
-3.81786649227143
-2.62021070122719
5.23193905949592
2.22043446302414
5.91096355319023
2
7
-4.8291649699211
5.75258517861366
-16.1104905307293
-2.57044889330864
4.49606935381889
0.778280806541444
6.43426175713539
7
-2.86513740420341
-2.80719257593154
7.60886567234993
5.8242374241352
-1.13562278151512
2.84182465672493
8.55922285318374
|FiveFeelerGenome 3
2
6
7
6.75935091972348
0.959087538719173
-0.845054930448536
-3.52918566465378
4.44043068885803
2.19670806527138
-6.07708379626274
7
-12.3709294497967
-7.07220429182052
3.71059616208077
-13.1177603721619
2.19667861461639
-0.959664517641079
0.447365093231211
7
7.4665736079216
-2.70287390351296
-5.60973319411278
0.675124895572667
8.87313486933708
1.54892295002937
-3.197638297081
7
3.01411433815956
-3.8601676762104
-10.1619904875755
-0.101360327005391
-0.9430026769638
4.4310956954956
-2.34092590808868
7
-4.76405475735665
-2.77544600367547
-0.171197372674947
-7.3970389187336
-0.114189517498022
-2.38672003746033
-8.2526036798954
7
3.94030787944794
-10.488416904211
-5.07007928490639
-3.32438035011291
5.69535754323005
2.60347023606301
7.31877617239952
2
7
-3.00531099438666
8.16488963365554
-15.9473087787628
-2.77457236647606
4.58682686686515
-0.509734773635863
5.58144594430923
7
-6.31328605413437
-3.09706026315689
8.82496901154518
9.34610029458999
-4.02349374890327
2.18895761966705
8.86279480457306
|FiveFeelerGenome 3
2
6
7
6.41993387341496
0.182507973909374
-1.12236217260361
-0.096668070554738
6.07282797694206
0.279827374219895
-4.80988845229149
7
-11.0727624058724
-6.50106241106987
6.9002478837967
-11.7851400136948
2.44843586683272
-3.73984309434892
-0.212294244766225
7
7.15473626852035
-2.02432158589363
-5.91706649661064
-0.333048737049098
8.39677018523216
1.26695739030838
-3.0038898229599
7
2.89151800274849
-2.65802670121193
-10.1044405817986
-0.229019153118138
-1.26967320442199
4.00294298529625
-1.7713472366333
7
-3.92521995902062
-2.20728545188905
-2.03449349999428
-5.69459908604622
2.44836690425872
-0.34317783713341
-8.25960446000099
7
3.19795176386834
-12.067748939991
-3.37702112197876
-2.85228815674782
5.57084401845932
2.46057463884354
6.24708318114281
2
7
-5.27733563184737
7.25268395543098
-16.7748649060726
-3.27614307403565
5.18262373805045
-1.14541813135147
7.69773587584495
7
-6.31328605413437
-2.61823202371597
8.77806389927864
9.34610029458999
-4.09259052872658
2.33420803546905
9.46998090744019
|FiveFeelerGenome 3
2
6
7
7.20453989505765
0.254105895757671
-0.845054930448536
-3.45798429846764
4.86694140434265
1.89792602062225
-6.16346623301506
7
-12.5318630099297
-7.08639800548553
5.56124275922776
-12.2622623860836
2.14290751218795
-1.32563675642015
-0.21980299949645
7
7.7746974825859
-2.06943455338478
-6.16445457339286
0.896718972921376
8.20993328094482
1.67618990540504
-1.94287089705467
7
2.46720385551452
-3.55476642251015
-9.05462604761124
-0.291171997785573
-0.298029953241342
4.72905693054199
-1.81806387901306
7
-3.92521995902062
-2.20728545188905
-1.58895340561867
-5.75797982811928
2.7801862001419
-0.0692238926887533
-8.07785146832466
7
4.28635069727898
-11.8472577691078
-4.49133282303811
-2.91304369568825
5.17328284978866
2.68144139051438
6.9933628320694
2
7
-6.30726712942122
7.94735003709792
-17.8154155731201
-2.07669569849968
4.80051017999648
0.275229144096376
7.64832983613014
7
-3.03756548166275
-3.23827077150344
8.39156242609024
5.30401590466499
-1.69611105322838
3.37146316170692
8.67524305582046
|FiveFeelerGenome 3
2
6
7
6.65611119270322
0.132376915216442
-0.990635508298878
-2.48752397298813
5.95879938602448
1.74992160201073
-5.42917351722718
7
-10.9818918287754
-7.76301244497299
4.84444632530213
-11.7287792205811
2.14894360899924
-1.27749482393266
-0.286534643173208
7
6.71642581820488
-1.74054008126259
-6.53047725558281
0.306189191341405
8.78504146933555
0.444641959667206
-3.12851376533509
7
2.72144849896431
-3.57013962864876
-9.46119757890701
-1.61319519877434
-0.194901251792902
3.42840601801872
-1.59398913383484
7
-4.55550828576089
-3.04592967033387
-2.73346536755562
-7.54009594917298
-0.65370318293572
-0.101065450906756
-8.27611694335938
7
2.75527326464653
-12.2145705580711
-3.99179982542992
-2.37129927277565
5.82819762825966
2.65949805974961
6.15597640872002
2
7
-3.74757823944091
8.26226077675819
-17.3739653110504
-2.40218734145165
4.49927555918693
0.253798723220826
7.16393946409225
7
-5.30083254575729
-4.27811628580093
9.53790812492371
9.61254459023475
-1.87567353844643
2.85194547176361
8.59752790927887
|FiveFeelerGenome 3
2
6
7
6.65611119270322
-0.416808599233631
-1.00905541777611
-2.21245056390763
5.95879938602448
1.67393891215324
-5.42917351722718
7
-13.1701949775219
-7.2406088411808
4.62038334608079
-12.5406612157822
2.2284616112709
-1.84763168096544
0.353771018981944
7
7.4665736079216
-2.39265053868294
-5.95224248766899
0.947213113307958
8.42451059222221
1.68066847920418
-3.12851376533509
7
2.72144849896431
-3.57013962864876
-9.46119757890701
-1.61319519877434
-0.36717801690101
3.93337785601616
-1.59398913383484
7
-4.9792222082615
-3.34078319072724
-2.14409764409066
-7.72445567250252
-0.65370318293572
-0.614454990625384
-8.27611694335938
7
2.75527326464653
-12.2145705580711
-3.99363123774529
-2.50889652371406
5.82819762825966
3.12080296278
6.21561722159386
2
7
-4.54429885149001
6.39495678544044
-16.3056693553925
-1.89531893134118
4.46141834259032
0.626330018043519
6.9585486471653
7
-5.30083254575729
-4.51570886373519
9.53790812492371
9.61254459023475
-2.13418305516243
2.85194547176361
8.96325633525849
|FiveFeelerGenome 3
2
6
7
6.65611119270322
-0.213019508123402
-0.990635508298878
-2.21245056390763
5.95879938602448
1.67393891215324
-5.6948089838028
7
-10.9818918287754
-7.54153085947036
4.24910764694215
-12.0244502782822
2.04598905444144
-1.21188405752183
-0.245327687263479
7
6.71642581820488
-1.74054008126259
-6.99036595225334
0.306189191341405
8.67912032008171
0.375128328800202
-3.12851376533509
7
2.72144849896431
-3.57013962864876
-9.46119757890701
-1.61319519877434
-0.36717801690101
3.93337785601616
-1.59398913383484
7
-4.9792222082615
-3.04592967033387
-2.14409764409066
-7.72445567250252
-0.65370318293572
-0.614454990625384
-8.27611694335938
7
2.75527326464653
-12.2145705580711
-3.99179982542992
-2.50889652371406
5.82819762825966
2.65949805974961
6.15597640872002
2
7
-3.74757823944091
7.93370662331581
-17.3739653110504
-2.40218734145165
4.28381742835044
0.253798723220826
7.04334985017776
7
-5.30083254575729
-3.95183035135269
9.53790812492371
9.61254459023475
-1.87567353844643
2.85194547176361
8.59752790927887
|FiveFeelerGenome 3
2
6
7
6.75935091972348
0.959087538719173
-0.845054930448536
-3.52918566465378
4.44043068885803
2.19670806527138
-6.07708379626274
7
-12.3709294497967
-7.07220429182052
3.71059616208077
-13.1177603721619
2.19667861461639
-0.959664517641079
0.447365093231211
7
7.4665736079216
-2.70287390351296
-5.60973319411278
0.675124895572667
8.87313486933708
1.54892295002937
-3.197638297081
7
3.01411433815956
-3.8601676762104
-10.1619904875755
-0.101360327005391
-0.9430026769638
4.4310956954956
-2.34092590808868
7
-4.76405475735665
-2.77544600367547
-0.171197372674947
-7.3970389187336
-0.114189517498022
-2.38672003746033
-8.2526036798954
7
3.94030787944794
-10.488416904211
-5.07007928490639
-3.32438035011291
5.69535754323005
2.60347023606301
7.31877617239952
2
7
-3.00531099438666
8.16488963365554
-15.9473087787628
-2.77457236647606
4.58682686686515
-0.509734773635863
5.58144594430923
7
-6.31328605413437
-3.09706026315689
8.82496901154518
9.34610029458999
-4.02349374890327
2.18895761966705
8.86279480457306
|FiveFeelerGenome 3
2
6
7
7.13881554603574
0.124347275495525
-1.8463323533535
-2.84998065829277
5.29584600925446
0.306953072547913
-6.85736863613129
7
-11.3603267014027
-6.13247998952865
5.17443263530732
-12.6782598972321
1.07430628538131
-0.914458334445965
-0.643254280090322
7
8.0087071120739
-1.65878213047981
-5.30465802550316
1.55006526708603
8.41451889872551
1.18472180962563
-3.24742381572724
7
1.90715517997741
-3.01567280888557
-8.21783870458603
-0.392536431550984
1.07962684035302
5.16961387395859
-0.226267474889754
7
-5.32488656640053
-2.62093272209168
-2.21485453248024
-7.22698629498482
-1.33344160914422
-0.578079479932787
-8.02109270691872
7
3.77990321516991
-11.2986086606979
-5.03955073952675
-3.72331309318542
5.58449805378913
2.38114572167397
7.11899780631066
2
7
-6.30726712942122
7.94783614277839
-17.7678260326386
-2.11941263079644
4.92510722875594
0.275229144096376
6.71334381699562
7
-5.57515758275986
-3.43317846059799
8.35279231071472
8.73142426609992
-3.1936950981617
1.25962748527527
8.36639752388
