50
2200
|FiveLongFeelerGenome 30
3
6
7
1.93110496401787
1.49906292557716
10.9526849150658
4.25503904223442
-17.2471038758755
-0.687457031011581
-1.5688317835331
7
-11.7770597815514
8.41581470966339
5.51049017906189
-14.2688626170159
-6.59107339978218
7.16531871557236
-2.99722586870194
7
-0.0811415076255804
-6.7937087237835
0.771734213829039
3.49557635784149
0.628404366970065
6.48170495033264
0.389645397663115
7
4.65795897841454
10.7530198574066
-2.61686525940895
11.9771797001362
-1.18184959292412
6.06789072751999
-8.85201629400253
7
4.44036195278167
-6.85352907776833
0.18414571881295
3.06201823949813
4.34610788226128
7.35359085202217
4.05010012984276
7
1.34123601913452
-13.4144713521004
-0.990031677484513
-4.4709888279438
8.49166518449782
2.90648739337921
0.137631422281268
6
7
8.59244959950447
-2.35212916731835
10.9112085402012
2.33763375878334
0.052165746688848
-0.985717135667804
-4.983737885952
7
6.38896846175194
5.15479840040207
9.55612758994103
-4.70690672993659
-2.91884890198708
-3.86779143214226
2.09707265496254
7
-6.22397962212562
-11.0365625858307
6.18866077065468
-6.52247723340988
6.33218041658401
3.6545979499817
1.30057109594345
7
-11.7909319102764
-10.0893091380596
-3.30321037769318
4.54107382893562
1.93230121135711
3.1556786775589
2.06328716874122
7
-4.39290916323662
0.480295896530149
-17.2715867459774
-6.0382050216198
2.84709765315056
-8.24648994803428
3.34071061611176
7
-2.59384309053421
2.52469165921211
-6.75636211633682
11.28352470994
-9.91445865035058
0.222911298275
9.42426812648773
2
7
-5.8798575937748
4.87917667031288
-3.17389804124832
-8.05279846787453
-6.99060586690903
1.30805997252464
7.28672868609428
7
5.03101291060448
2.84154242873192
4.44234747886657
3.49350073933602
3.72732249498369
4.02621021270752
-3.16535693407059
|FiveLongFeelerGenome 30
3
6
7
2.2070474088192
1.78982976078987
10.89673153162
4.3839420735836
-17.5622587144375
-0.687457031011581
-1.69553275704384
7
-11.9486272454262
7.76448590159417
5.63150401115418
-14.4668386101723
-6.23187792301178
8.00370894670487
-3.49700294733048
7
-1.16227090358734
-7.60791757106781
1.46119112372398
1.66336495876312
1.25294030308724
8.60839536190033
0.18035915493965
7
4.61371247172356
11.527364641428
-3.57163010239601
12.0848682463169
-0.992387002706527
5.90893216729164
-9.35448373556137
7
3.66744766235351
-7.26696076989174
-0.318640512228004
3.63686827421188
4.02437582015991
7.89449327588082
4.05010012984276
7
1.95398359298706
-13.5854827046394
-0.803111499547959
-4.51547982692719
7.87223143577575
3.75056528449058
0.512981843948367
6
7
9.48548245429993
-1.64481627345085
10.4818663239479
1.90942502617836
-0.452449393272395
0.0408061325550046
-5.80392249822617
7
8.71017009615899
2.49693025350571
9.42534223794938
-5.05477970838546
-2.34751908779144
-2.98477124571801
1.01649287939072
7
-5.80988810658455
-12.2529662787914
6.28139770030976
-5.85010597705841
6.0037625014782
5.34540214538575
1.63034973144531
7
-13.0252298533916
-8.94790524840355
-2.19716123938561
3.10763958692551
0.875232911109921
1.45019562840462
2.21295650601387
7
-4.48715998530388
1.20636587142944
-17.4738102138042
-6.0382050216198
3.31075124144554
-8.73221039175987
3.37994582653046
7
-2.82754004597664
3.03647795319557
-6.82345741391182
11.28352470994
-10.3652465760708
-0.274901759624475
9.42426812648773
2
7
-6.47172261476517
4.42936056256294
-2.88057731389999
-8.98449486494065
-6.74583984613419
0.466049492359162
7.55554847121238
7
4.96261495351791
2.80935220122337
5.63215043544769
3.62427602410317
4.81822460889818
4.19740688800812
-3.13519839048386
|FiveLongFeelerGenome 30
3
6
7
2.2070474088192
1.78982976078987
10.89673153162
4.25503904223442
-17.5622587144375
-0.687457031011581
-1.29325783848763
7
-11.6925314307213
7.66254586577416
6.02436866760254
-14.4668386101723
-7.05793734192848
7.23509598970413
-2.99722586870194
7
-0.273881936073304
-7.60791757106781
1.88235844969749
1.09235012531281
0.674944716691974
9.23175554275513
0.115718990564344
7
4.61371247172356
11.3338170289993
-3.57163010239601
11.6905514776707
-0.546232646703719
5.90893216729164
-9.35448373556137
7
3.62534763813018
-7.26696076989174
-0.300345200300209
3.63686827421188
3.78793804049492
7.35359085202217
4.05010012984276
7
1.18445296287537
-13.5546460986137
-0.890125793218613
-5.23619294762612
8.43782502412795
3.526376080513
0.191192293167117
6
7
9.48548245429993
-2.21675820350647
10.980785381794
1.72296443581581
-0.130858111381526
0.0408061325550046
-5.42647117376328
7
7.4805075109005
2.57568091154099
9.12856609225274
-4.50576499700546
-1.56647235751152
-1.53577897548676
1.0030675470829
7
-5.80988810658455
-12.5208901882172
6.28139770030976
-6.09914541840553
6.12049052119255
5.46202352046967
1.63034973144531
7
-12.1749568641186
-9.35569886565209
-2.77407248020173
4.54107382893562
1.93230121135711
2.6770491361618
1.63193817734718
7
-4.48715998530388
1.20636587142944
-16.9938784778118
-6.0382050216198
3.31075124144554
-8.73221039175987
3.39124336242676
7
-2.59384309053421
2.7155374109745
-7.05973783731461
11.28352470994
-9.91445865035058
0.760742628574377
9.42426812648773
2
7
-6.79824744462967
4.90579426884651
-3.33015574216842
-8.6374111533165
-6.74583984613419
1.03005267381668
7.85811123251915
7
4.710357183218
2.84154242873192
3.93199763298034
3.49350073933602
3.02615759968759
4.0563027381897
-3.04460037946702
|FiveLongFeelerGenome 30
3
6
7
1.66228737831115
3.06230438947678
10.6457525670528
4.18982080817222
-16.65677973032
-0.0104211986064904
-0.959155303239823
7
-11.1957802414894
7.91433675289154
5.83289182782173
-13.987785923481
-7.24080999493599
8.11321023702622
-2.93544265031815
7
-0.388708233833313
-7.42808899283409
1.65474862456322
1.36044176220894
0.221087127923968
8.95789606571198
0.283821111917494
7
3.95689082145691
11.2019234597683
-1.84252254962921
10.486072832346
0.527496176958085
6.689465290308
-8.30451726317405
7
2.90514848232269
-7.45623124241829
-0.41175751090049
3.06203290224075
3.45249854922295
7.39480431675911
4.59372853636742
7
0.828608351945877
-12.1909662783146
-1.79572426080704
-4.72074347138405
8.94796916246413
4.00320496559143
0.992833060026171
6
7
9.61260814666748
-2.512422144413
10.5202391147613
1.52152941226959
0.00253078937531059
-0.606127804517749
-6.43170560598374
7
9.04222725033761
2.7900689303875
10.4589778125286
-5.38333740234375
-3.00576558113098
-1.34927681088448
1.49886413812637
7
-5.93193977475166
-11.8566546440124
6.65039656162262
-6.68343632817268
5.54244958758354
5.38561480641366
1.10320181846619
7
-12.1192196309566
-9.37523857951165
-2.72498676776886
4.65749157071114
2.0752060174942
2.31099333763123
1.97151213288307
7
-3.923554199934
0.214873719215391
-16.9938784778118
-6.0382050216198
3.52203513979912
-8.61392025351524
3.10333597660065
7
-2.17171961069108
2.48567832112312
-7.05973783731461
11.9453577816486
-10.1298953235149
2.05255770087243
7.98111901283264
2
7
-6.98028296232224
2.39282602667808
-2.5848394870758
-9.70470739603043
-8.00327089428902
-1.58031215667725
9.89802070260047
7
5.7299431502819
4.75941061973572
6.23340747952461
4.15468922257424
3.4973234653473
1.0423616528511
-2.43733316659928
|FiveLongFeelerGenome 30
3
6
7
1.66228737831115
3.06230438947678
10.6457525670528
4.18982080817222
-16.65677973032
-0.0104211986064904
-0.959155303239823
7
-11.1957802414894
7.91433675289154
5.83289182782173
-13.987785923481
-7.24080999493599
8.11321023702622
-2.93544265031815
7
-0.388708233833313
-7.42808899283409
1.65474862456322
1.36044176220894
0.221087127923968
8.95789606571198
0.283821111917494
7
3.95689082145691
11.2019234597683
-1.84252254962921
10.486072832346
0.527496176958085
6.689465290308
-8.30451726317405
7
2.90514848232269
-7.45623124241829
-0.41175751090049
3.06203290224075
3.45249854922295
7.39480431675911
4.59372853636742
7
0.828608351945877
-12.1909662783146
-1.79572426080704
-4.72074347138405
8.94796916246413
4.00320496559143
0.992833060026171
6
7
9.61260814666748
-2.512422144413
10.5202391147613
1.52152941226959
0.00253078937531059
-0.606127804517749
-6.43170560598374
7
9.04222725033761
2.7900689303875
10.4589778125286
-5.38333740234375
-3.00576558113098
-1.34927681088448
1.49886413812637
7
-5.93193977475166
-11.8566546440124
6.65039656162262
-6.68343632817268
5.54244958758354
5.38561480641366
1.10320181846619
7
-12.1192196309566
-9.37523857951165
-2.72498676776886
4.65749157071114
2.0752060174942
2.31099333763123
1.97151213288307
7
-3.923554199934
0.214873719215391
-16.9938784778118
-6.0382050216198
3.52203513979912
-8.61392025351524
3.10333597660065
7
-2.17171961069108
2.48567832112312
-7.05973783731461
11.9453577816486
-10.1298953235149
2.05255770087243
7.98111901283264
2
7
-6.98028296232224
2.39282602667808
-2.5848394870758
-9.70470739603043
-8.00327089428902
-1.58031215667725
9.89802070260047
7
5.7299431502819
4.75941061973572
6.23340747952461
4.15468922257424
3.4973234653473
1.0423616528511
-2.43733316659928
|FiveLongFeelerGenome 30
3
6
7
1.66228737831115
2.710753262043
10.4670560061931
4.30366262793541
-16.65677973032
-0.0104211986064904
-0.959155303239823
7
-11.6756383955479
7.78067698478699
5.59597346782685
-13.9730919957161
-7.05793734192848
8.23847612142563
-2.63581830263138
7
-1.50887224674225
-8.54949967861176
1.46119112372398
1.33779563903809
1.25294030308724
8.85101860165596
0.18035915493965
7
4.5385514497757
10.8500243604183
-1.78905818462372
10.5731987774372
-0.0609733462333671
6.78360188603401
-8.28093385100364
7
3.62534763813018
-7.26696076989174
0.00447304844857022
3.4837163567543
3.78793804049492
7.35359085202217
3.51921564936638
7
1.18445296287537
-13.2885223448277
-1.46008769869804
-5.23619294762612
8.62243766188621
3.22484657764435
0.508065319061282
6
7
8.88777842521668
-2.21675820350647
10.980785381794
2.766773468256
0.435933423042302
0.46330226063728
-5.26844516396523
7
9.40832203030587
2.7900689303875
10.5348547875881
-5.19139110445976
-3.00576558113098
-1.64106780290604
0.931400835514069
7
-5.80988810658455
-11.9519847869873
5.68810021877289
-6.09914541840553
6.15711669325829
5.46202352046967
1.63034973144531
7
-13.0515798032284
-9.37523857951165
-2.72498676776886
4.65749157071114
2.01087169647216
2.82190508842468
1.97151213288307
7
-4.57737712264061
1.22484214305877
-16.9938784778118
-5.68512360453606
3.53363564014435
-8.73221039175987
3.39124336242676
7
-3.43859559297562
2.7155374109745
-6.5136879324913
11.5240644812584
-10.2408045232296
0.760742628574377
8.98951795101166
2
7
-6.36826008558274
2.07117030024528
-2.84931461215019
-9.75857174992561
-8.32957805395126
-0.853183549642562
9.12245195508003
7
5.67596451640129
4.75941061973572
6.23340747952461
3.60719256997109
3.4973234653473
1.0423616528511
-2.43733316659928
|FiveLongFeelerGenome 30
3
6
7
2.17619132995605
2.50244489908218
10.6753927648067
4.07488443255424
-16.3159615874291
-0.609321707487106
-1.20805421471596
7
-11.6087721943855
7.76448590159417
5.63150401115418
-14.1171907067299
-5.81193211078644
8.00370894670487
-3.49700294733048
7
-1.39634413719177
-7.43317537307739
1.97345005869865
0.991394066810608
0.363810831308368
9.66078186631203
-0.319835561513903
7
4.82435240745544
11.0817442238331
-3.60545361638069
12.0848682463169
-1.55946907401085
5.74239295125008
-9.35448373556137
7
3.66744766235351
-7.26696076989174
-0.813118404150001
3.63686827421188
4.02437582015991
8.22247408032418
4.38300361037254
7
1.95398359298706
-13.5854827046394
-0.803111499547959
-4.51547982692719
7.87223143577575
3.75056528449058
0.512981843948367
6
7
9.48548245429993
-1.64481627345085
10.4818663239479
1.90942502617836
-0.452449393272395
0.0408061325550046
-5.80392249822617
7
8.94633951187135
2.46628519296646
9.42534223794938
-5.05477970838546
-2.34751908779144
-3.25871669650078
0.982764780521394
7
-6.20803907513618
-11.9180535018444
5.75989158153534
-6.6997540295124
5.07532908320427
5.88412926197053
1.58485860824585
7
-11.6785514473915
-9.94895622134209
-1.95243412852288
3.77994938492775
2.61377218365669
2.02281805276871
1.26754227280616
7
-4.48715998530388
1.30351898670196
-17.7915191590786
-6.0711514890194
3.82579216361046
-9.13297347426414
3.40670483112336
7
-3.03712142109871
3.01979768872261
-7.52488459348679
11.6108888030052
-9.08380807638169
1.05005339980126
9.28632962703705
2
7
-6.36826008558274
3.94712809920311
-2.9179011285305
-9.88916519880295
-8.32957805395126
-0.544822067022323
9.26710734963417
7
5.31488230228424
2.62066594958305
5.63215043544769
3.73712700009346
4.81822460889818
4.19740688800812
-2.76531132459641
|FiveLongFeelerGenome 30
3
6
7
1.33212363123894
1.47466383576393
10.6755831122398
3.9365632712841
-17.8551434934139
-0.610481351613998
-1.36544497013092
7
-11.4203117489815
7.7077242076397
5.79055727124214
-14.4485295653343
-6.76806116104126
8.00370894670487
-3.49700294733048
7
-0.406929016113282
-8.46567406654358
1.79213301539421
-0.306278824806213
1.35749331116677
9.26401607990265
0.844866782426832
7
3.53765060901642
10.8093613564968
-1.83906400203705
10.5955915749073
1.11469066739082
7.30457764267921
-8.30451726317405
7
3.62822466492652
-7.24335613250732
-2.90590285062789
2.95489327907562
4.10763731002808
8.04521369934082
3.57371441721916
7
1.18445296287537
-13.1025713562965
-1.54831258058548
-5.18729212880135
8.78702043890952
2.90583772659301
0.5613085269928
6
7
9.48548245429993
-1.5858948647976
10.4818663239479
1.90942502617836
-0.478755015134806
0.0408061325550046
-5.80392249822617
7
8.99467043280602
2.49693025350571
9.42534223794938
-5.37466210126876
-2.63833899497986
-2.98477124571801
0.382257860898972
7
-5.80988810658455
-12.6332779288292
6.77029173374176
-5.85010597705841
6.0037625014782
5.23732721805573
1.8767130613327
7
-12.410682785511
-9.4926829636097
-2.39838258028031
2.40641825795174
2.19179132580757
1.09587224125862
1.37309499382972
7
-4.7813737809658
1.77687487602234
-17.2020361363888
-6.0382050216198
3.57071285247803
-8.94458441138267
3.71740276813507
7
-2.61940107345581
3.46325832009315
-6.96219549775124
11.28352470994
-10.624802583456
-0.274901759624475
9.22127118110657
2
7
-6.79824744462967
4.90579426884651
-3.74607065916061
-7.98628740906716
-6.53833442926407
1.62210530638695
7.82787556648254
7
5.10336417555809
2.24807249903679
5.63215043544769
3.93653307557106
4.81822460889818
4.19740688800812
-2.94742425084115
|FiveLongFeelerGenome 30
3
6
7
1.66228737831115
3.06230438947678
10.0910880506039
4.18982080817222
-16.65677973032
-0.0104211986064904
-0.959155303239823
7
-11.585336124897
7.91433675289154
5.83289182782173
-13.987785923481
-7.24080999493599
8.23519603013992
-2.93544265031815
7
-0.388708233833313
-7.42808899283409
1.65474862456322
1.36044176220894
0.62688875794411
8.95789606571198
0.722309499979017
7
4.32753863334656
10.6342524468899
-1.41059834957123
9.92933092713357
0.527496176958085
6.58839486241341
-8.30451726317405
7
2.90514848232269
-7.26958155632019
-0.41175751090049
2.49064370393753
3.45249854922295
7.39480431675911
4.15045508742332
7
0.675016140937805
-13.8482236921787
-2.44891466498375
-6.61716766953469
7.69661562442779
4.50347181558609
0.0141100645065332
6
7
10.3110262453556
-1.64481627345085
10.2012787222862
1.9044014275074
-0.452449393272395
0.883805042505261
-6.03845192193985
7
8.86752825379372
2.7200662791729
10.6362896919251
-5.83712153434753
-3.00576558113098
-1.34927681088448
1.49886413812637
7
-6.50034285187721
-11.0226535797119
6.77185900211334
-6.09914541840553
6.70321680903435
5.86951787471772
1.52117938995361
7
-11.7067456662655
-9.37523857951165
-2.72498676776886
4.65749157071114
2.0752060174942
2.47617991566658
1.97151213288307
7
-3.77221339941025
0.214873719215391
-16.9938784778118
-6.0382050216198
3.52203513979912
-8.61392025351524
3.10333597660065
7
-1.82135916948319
2.75668712854385
-7.05973783731461
11.5758583843708
-10.1298953235149
2.05255770087243
7.98111901283264
2
7
-6.88092750310898
3.43540803790092
-3.39761528372764
-9.98646122217179
-7.98968867063522
-1.24488434195518
10.105911552906
7
4.00695573687553
3.48401862382889
4.93043191432953
4.26389394998551
2.56105391979219
2.03541368842125
-2.77628476023675
|FiveLongFeelerGenome 30
3
6
7
2.0061059653759
1.95981493592262
11.1362005650997
4.29603134989738
-17.4957703471184
-0.661905592679977
-1.41460192203522
7
-12.2195948004723
7.66254586577416
6.04156677722931
-14.2368221104145
-7.06341934800148
7.45024875998497
-2.88025215864182
7
-1.16227090358734
-6.8581803560257
1.83139361739159
1.66336495876312
1.17830043435097
9.96459205150605
0.18035915493965
7
4.28376972079277
12.0010249614715
-4.45205169320107
11.7623154461384
-0.546232646703719
5.61884754300117
-9.85882714986801
7
3.8047334909439
-6.97887263894081
-0.703647083044045
4.13418058156967
4.02437582015991
8.50601997971535
3.0174954354763
7
0.998319101333618
-12.8716906487942
-1.78541912436485
-6.13222910761833
6.48997336626052
3.21341026425361
0.636434608697894
6
7
8.73664681911469
-2.58071481585503
10.9883134484291
2.07034218907356
-0.14993720054626
0.105053532123562
-5.87120333313942
7
8.18677926063538
2.24573572874069
9.12856609225274
-4.48467260599136
-1.22286986708641
-1.97137951850892
1.40756240487099
7
-5.93193977475166
-11.8566546440124
6.77286143302918
-6.83896031975746
5.67064780592918
5.38561480641366
1.10320181846619
7
-11.500135409832
-8.10329681634903
-3.79117100238801
4.54107382893562
1.93230121135711
3.28769307136536
2.54167230725288
7
-5.95421494841576
0.214755862951276
-19.2677939832211
-7.48083686232567
4.86937065124511
-12.8841361045837
2.30680240392685
7
-2.59384309053421
2.7155374109745
-7.50680156946182
10.7639926970005
-10.223557561636
0.70561627745629
9.74339964389801
2
7
-6.98028296232224
2.43368864059448
-2.5848394870758
-9.70470739603043
-8.00327089428902
-2.00346975326538
9.89802070260047
7
5.29021763801575
2.4777474462986
5.45334435105324
3.71363971829415
4.25668977499009
4.75469524860382
-1.45198327302933
|FiveLongFeelerGenome 30
3
6
7
1.79630700945854
2.47373076081276
10.6422023415565
4.51411840319633
-17.5622587144375
-0.400121080875396
-1.72084882259369
7
-11.3705767273903
8.15190803408623
5.76082532405853
-14.7418081641197
-5.64787635207176
8.00370894670487
-3.21663988232613
7
1.05607711672783
-7.71703299880028
0.178041124343871
3.66564655900002
-0.265042316913602
6.48170495033264
0.771607124805449
7
3.43159236311912
11.5317445814609
-3.0278003692627
10.9656257688999
-1.08055221438408
6.09362099766731
-10.2022092878818
7
3.62515493035316
-7.32361469268799
-0.393120735883705
4.18368164300918
4.43172554969788
7.97315073609352
3.47827090620994
7
0.76449499130249
-12.8850105881691
-1.54831258058548
-4.64720638394356
8.94796916246413
3.80864331722259
-0.146139550209043
6
7
9.48548245429993
-1.42248748540879
10.846162378788
1.90942502617836
0.425358366966253
0.358219891786572
-5.80392249822617
7
9.7741859972477
2.74163338541985
10.4589778125286
-5.65467236638069
-2.75835239887238
-1.9301657140255
0.982886159420014
7
-6.61044695973396
-12.3424134433269
6.28139770030976
-6.8271309196949
7.03716704845429
5.03542668819428
1.63899867534637
7
-13.6846462905407
-11.061316293478
-3.84134170413018
4.64666059613228
2.30490193963051
3.04357362389564
2.43637925982475
7
-4.93652033209801
1.20636587142944
-16.7756154894829
-5.80938700437546
3.73445125222206
-7.90600808262825
2.57426180839539
7
-2.75200365781784
2.60280879735947
-7.03317466974258
10.6849186003208
-10.2281077325344
1.13741754293442
9.2714120388031
2
7
-6.36203221082688
1.94571923613548
-3.16425902247428
-9.15397371053696
-8.08320830464363
-1.34363498091698
10.3542276024818
7
5.11621574759483
2.84154242873192
4.26910915970802
3.77621322274208
3.55269697308542
4.78220074772835
-2.40406297445298
|FiveLongFeelerGenome 30
3
6
7
2.34046398997307
1.99656963944435
10.1167996525764
4.51411840319633
-17.5622587144375
-0.400121080875396
-1.72084882259369
7
-11.721177226305
7.64292389750481
6.26363987922669
-14.4668386101723
-5.95568622946739
8.00370894670487
-3.21663988232613
7
-0.273881936073304
-7.60791757106781
1.88235844969749
1.36525493264198
1.38294053673744
9.03900005817414
0.53695197701454
7
4.65795897841454
11.6920426905155
-3.44638238549233
11.6905514776707
-0.538423413038253
6.21491560339928
-10.0972702383995
7
3.62515493035316
-7.33227306008339
-0.393120735883705
4.64593068361282
4.64730103611946
7.97315073609352
3.80393964648247
7
1.04493610858917
-12.8896662592888
-1.67080019712448
-4.65130529999733
8.43498874902724
3.80864331722259
-0.146139550209043
6
7
9.48400421738625
-2.27313553690911
10.9590879023075
1.9102708876133
-0.989339303970332
-1.04525273442269
-5.19282623529435
7
10.3667338907719
2.58837804198265
10.7628741502762
-6.14924109578132
-3.31269311904907
-2.0743120610714
1.26835910081863
7
-5.41148179173469
-12.3937698602676
6.51901584863663
-6.68480305671692
5.79647716879845
5.71226975917817
1.29479937553406
7
-12.5549174487591
-8.82145869135857
-2.77407248020173
3.67238829731941
2.65723993778228
1.49063091278076
1.50666447877884
7
-4.26826562285423
1.20636587142944
-17.3322416484356
-5.60386368632317
3.82426337599754
-8.95532619357109
3.2800523519516
7
-3.28543959856034
3.08237410783768
-7.75488365888596
11.3444805026054
-10.2642378032208
1.59489210844041
9.31194808483124
2
7
-6.67574902772904
1.94571923613548
-3.16425902247428
-9.15397371053696
-8.08320830464363
-1.34363498091698
10.0720260441303
7
4.65045465826988
2.84154242873192
4.26910915970802
3.31665289998055
3.55269697308542
4.78220074772835
-2.97466810941697
|FiveLongFeelerGenome 30
3
6
7
2.2070474088192
1.78982976078987
10.4802459836006
4.3839420735836
-17.5622587144375
-0.493227994441985
-1.21714718937874
7
-11.9486272454262
7.76448590159417
6.0518517613411
-14.4668386101723
-5.63478888869285
7.4555569767952
-3.65834711790085
7
-0.157005000114441
-7.60791757106781
1.28780390620232
2.039763712883
1.11914620995522
8.89382172226906
0.221372848749159
7
4.65795897841454
11.8290393948555
-3.49702156186104
11.7107291996479
-0.538423413038253
6.21491560339928
-9.35448373556137
7
4.091312199831
-7.35278859734535
0.0654955923557358
5.26686087250709
4.26365847587585
8.54048674106598
5.588501226902
7
1.64951277971268
-13.250974547863
-0.412174457311631
-4.73099744915962
8.43782502412795
3.45044589042663
0.475657421350482
6
7
9.98443148136139
-1.93122181892395
11.119926995039
2.07316609025001
-0.879864263534541
-0.951177972555164
-5.33451761007309
7
7.66264679431916
4.6563264131546
11.693161046505
-4.22444865703582
-1.10832377076149
-3.70616337656975
2.46784554719925
7
-5.80988810658455
-12.9926150083542
6.28139770030976
-5.81968629360199
6.12049052119255
5.59453358650208
2.00596199035645
7
-14.2015252053738
-11.153370565176
-3.83220989108086
4.04953764081001
2.66054554581642
3.30518105626106
2.78825504183769
7
-4.42861460447311
1.20636587142944
-17.907608383894
-5.60386368632317
3.31075124144554
-8.73221039175987
3.57120077610016
7
-2.80999720096589
3.20972088575363
-7.35798540711403
11.28352470994
-10.9333271443844
-0.70979613065719
9.55979356765747
2
7
-6.47172261476517
4.59843384027481
-2.88057731389999
-8.45983175039292
-6.74583984613419
0.466049492359162
7.55554847121238
7
5.2948004424572
2.49745664000511
4.06880667209625
3.64848213791847
3.55269697308542
4.35742724537849
-3.47065798044205
|FiveLongFeelerGenome 30
3
6
7
1.7523906648159
2.62250288128853
10.5065804123878
3.30189647078514
-17.8247863411903
-1.19034032225609
-1.472082644701
7
-12.3648256540298
6.19192526340485
5.71151178479195
-13.4458818733692
-6.51512489914894
6.87120326757431
-4.17705308198929
7
-0.257379877567292
-5.55691655874253
1.26091189980507
2.05443460941315
0.159528124332431
7.71223728656769
0.0882810473442059
7
4.7678427875042
10.7679905176163
-3.56323843598366
11.950431406498
-2.02543730139732
5.08547347187996
-8.77741769552231
7
3.71992565393447
-7.27580905556679
-0.27558590769767
4.29729974865913
5.07355400919914
8.64832119941712
4.88690383434295
7
-0.249578213691711
-11.6382858097553
-2.13199400305748
-6.76232066750527
7.46588222384452
5.26254719495773
0.0304610967636132
6
7
9.48548245429993
-2.3051023721695
11.5200395703316
0.781459718942641
0.289974904060369
0.284420806169507
-5.42647117376328
7
7.88019549250603
2.15544449090958
8.44940494894982
-4.4673696398735
-1.09294187426567
-2.01083710193635
1.40756240487099
7
-5.96650472283363
-11.0239095687866
6.57297728061676
-5.63833904862404
6.57573692202568
5.86951787471772
1.52117938995361
7
-11.944564139843
-9.65705000162125
-2.70458161234856
2.17977252602577
2.5742684662342
1.58543575406074
1.48615954518318
7
-4.48715998530388
1.17218372821808
-17.4443846642971
-6.44672269225121
3.31075124144554
-8.64811283946037
3.70822989940644
7
-1.27383329868317
2.20001819729805
-5.22501900196075
9.17244344949722
-7.46755055189134
2.66646527647973
10.5458887398243
2
7
-6.82544525861741
2.97437536120415
-2.28049933314323
-9.1691336452961
-8.46408811807633
1.13850641846657
10.0157755255699
7
5.18915981650352
3.2148333966732
4.63548605442047
3.76861892342568
3.88830276131631
4.78220074772835
-3.38417261838914
|FiveLongFeelerGenome 30
3
6
7
1.99314095377922
1.78982976078987
10.662760579586
4.21018320918083
-17.5622587144375
-0.905296963453292
-1.69553275704384
7
-12.0230466008186
7.66254586577416
5.71258432865143
-14.2368221104145
-7.61474190354347
7.45024875998497
-2.88025215864182
7
-1.10284495353699
-6.8581803560257
2.20520443320274
1.66336495876312
1.17830043435097
9.51424043178559
0.18035915493965
7
4.24280423521996
11.9413206338882
-4.45205169320107
11.6905514776707
-0.546232646703719
5.61884754300117
-9.85882714986801
7
3.62822466492652
-7.71227285861969
-2.54048799276351
3.52481527328491
4.10763731002808
8.04521369934082
3.57371441721916
7
1.24565331935883
-12.4373554110527
-1.78541912436485
-6.18028263449669
6.48997336626052
2.64336846470832
0.552843171358111
6
7
8.73664681911469
-2.58071481585503
10.9883134484291
1.2661126434803
-0.14993720054626
0.105053532123562
-5.87120333313942
7
9.33633261322976
3.71620208621025
10.4589778125286
-5.65467236638069
-3.29697694778443
-2.00286267995835
0.931400835514069
7
-5.21015983223915
-12.4405762851238
6.47659049034119
-5.27552418112755
5.61833006739616
4.67350606918336
1.11007127761841
7
-11.7909319102764
-8.64301420450211
-3.79117100238801
4.54107382893562
1.93230121135711
3.28769307136536
2.54167230725288
7
-5.95421494841576
-0.362024074792864
-19.2677939832211
-7.48083686232567
4.86937065124511
-12.8841361045837
2.30680240392685
7
-3.03712142109871
3.28350731134415
-7.03930934667587
11.3887628436089
-9.08380807638169
1.47670201659203
9.20180106163025
2
7
-6.32621313333512
1.78058456778526
-2.38746411204338
-8.55700010061264
-8.26322442293167
-1.80475289821625
10.3067665398121
7
5.29021763801575
2.4777474462986
5.45334435105324
3.71363971829415
4.25668977499009
5.10636103153229
-1.83256684541703
|FiveLongFeelerGenome 30
3
6
7
1.95568937659263
0.869729429483415
9.20326830148696
4.38739246726036
-17.45341553092
0.388816529512406
-0.754875725507737
7
-11.9486272454262
8.15190803408623
6.26363987922669
-14.1435649037361
-5.95568622946739
8.00370894670487
-3.21663988232613
7
0.459552401304244
-7.72697355151177
0.178041124343871
3.66564655900002
0.300782334804538
6.48170495033264
0.771607124805449
7
5.04248782992363
12.2380009531975
-4.13672168850899
12.0848682463169
-0.992387002706527
5.94490600824356
-9.26141587495804
7
2.02866664528846
-7.57795811295509
0.448700165748604
3.36378120183944
5.46367376446724
7.09633385539055
3.87790876626968
7
0.738520550727844
-12.8850105881691
-1.54831258058548
-4.65130529999733
8.94796916246413
3.62311234474182
-0.146139550209043
6
7
9.05590879917145
-2.0389903485775
11.5193709492683
1.83086312413215
-0.281884288787837
-0.135933792591098
-5.36776722073555
7
9.78836937546731
2.58837804198265
10.7628741502762
-6.14924109578132
-3.22660014629364
-2.0743120610714
0.989572227001191
7
-6.15211394429206
-12.3424134433269
6.28139770030976
-6.31827123761177
6.52627131938934
5.30003118515015
1.63899867534637
7
-11.7234018266201
-9.83546151518822
-3.28016176223755
4.04412665963173
1.65086967945099
2.50611052513122
2.56364449858665
7
-4.59354533553123
1.20636587142944
-16.9938784778118
-5.59819632172585
3.73445125222206
-7.90600808262825
2.57426180839539
7
-2.86708356738091
3.28773456215858
-5.59179470539093
7.92348469495774
-7.27286494970323
1.56723238229752
9.13927803635597
2
7
-5.23703315854073
3.0091960132122
-3.80294532775878
-8.03089474439621
-8.16688226461411
-0.556571412086486
9.43728428483009
7
5.11621574759483
2.84154242873192
4.26910915970802
3.77621322274208
3.55269697308542
4.78220074772835
-2.97466810941697
|FiveLongFeelerGenome 30
3
6
7
2.29358711242676
2.20603412389755
11.898699516058
3.75798719525337
-18.0298714220524
-0.674217057228088
-1.80487347245216
7
-11.6925314307213
7.32186161875725
6.02436866760254
-14.4668386101723
-7.05793734192848
6.91928762197495
-2.57850128412247
7
0.459552401304244
-7.72697355151177
0.178041124343871
3.66564655900002
0.647042071819308
6.61319978237152
0.172155296802519
7
5.48905031085014
12.2380009531975
-3.67361384034157
12.0848682463169
-0.834981834888457
5.94490600824356
-9.26141587495804
7
4.27671988010406
-7.56459985375404
-0.474001783132545
2.91811085939407
3.44998328089714
6.82703860402108
4.499255412817
7
1.67487360239029
-13.5546460986137
-0.412174457311631
-4.73099744915962
8.43782502412795
3.4544941663742
0.892743641138079
6
7
8.48138762116432
-2.12440098524094
11.346704441309
2.2517945587635
0.609406900405889
-1.14762628674507
-5.12289189100266
7
5.83366971015931
6.20302297472954
9.59470006227494
-4.95798853039741
-2.63554747700691
-4.13841189146042
1.34008339047432
7
-6.15211394429206
-12.8742223203182
6.28139770030976
-6.01763766407966
6.52627131938934
5.13912611007691
1.64755020141602
7
-13.8181801736355
-11.061316293478
-3.84134170413018
4.51192772984505
1.99270825982093
3.16194894909859
2.78825504183769
7
-4.23233088850975
1.20636587142944
-16.6145015418529
-6.36775182485581
3.54759905934334
-7.90600808262825
2.46303961277008
7
-2.59384309053421
2.14676862359047
-6.9990358710289
11.0512851059437
-9.91445865035058
0.879553687572485
9.22793900966644
2
7
-5.99010511040688
2.19909314513206
-3.19372947216033
-9.46550150513649
-7.95457068681717
-0.894629597663879
11.0837234199047
7
4.56767179965973
1.94136188030243
5.04044445157051
2.86064653992653
3.20090430378915
4.59607089161873
-2.87290554642678
|FiveLongFeelerGenome 30
3
6
7
2.19978990554809
2.52750366926193
11.1263621687889
4.11900911331176
-17.5336346805096
-1.66986815333366
-1.64736850857735
7
-12.2531628608704
7.27848234176636
5.09637861847878
-13.709198909998
-6.90853295326233
4.52507117986679
-3.42453983426094
7
-0.854071998596192
-8.22195632457733
1.8225911796093
0.033555126190186
0.978343683481219
9.69153172969818
0.779570442438124
7
4.85597586631775
11.2476036965847
-2.24299169778824
10.8858326077461
0.872751820087434
6.85437220335007
-8.30451726317405
7
1.73212056159973
-7.08933966755867
-0.694584649801247
3.93481978178024
5.00453293919563
6.98306831717491
4.48497948050499
7
2.32876615524292
-12.2260438680649
-0.498873108625413
-4.34410297870636
7.36423617601394
2.76240110993385
0.727830862998965
6
7
10.1575697898865
-2.3051023721695
10.980785381794
0.860867482423781
-0.115125346183772
0.324637705087658
-5.42647117376328
7
7.95489272475243
1.89730061292648
8.80490069389344
-3.95304483175277
-1.5935842692852
-2.56414864063263
1.91765232682228
7
-7.31756188869476
-12.1132261395454
6.44251558184624
-6.26253273487091
6.1945760846138
4.95464720726014
2.71340749263763
7
-11.6785514473915
-10.0434693276882
-1.95243412852288
3.77994938492775
2.12551744580268
1.29604262113571
1.26754227280616
7
-4.48715998530388
1.30351898670196
-17.5138711154461
-5.99658743739128
3.82579216361046
-9.42818376421928
3.40670483112336
7
-1.95671300292015
2.35196598172188
-5.47554819583893
9.17244344949722
-6.93735421895982
2.4993928551674
9.43430786728859
2
7
-6.79824744462967
5.4174873650074
-2.9085667014122
-9.06827677488327
-6.74583984613419
1.03005267381668
7.85811123251915
7
5.74649288058281
2.3101938188076
4.06880667209625
3.60812197327614
3.55269697308542
4.78220074772835
-3.38417261838914
|FiveLongFeelerGenome 30
3
6
7
2.2070474088192
1.78982976078987
10.89673153162
4.3839420735836
-17.5622587144375
-0.687457031011581
-1.69553275704384
7
-12.2531628608704
7.16667034626008
5.09637861847878
-13.8962635338307
-7.26407427787781
4.76350218057633
-2.91220365166664
7
-1.16227090358734
-7.60791757106781
1.46119112372398
1.66336495876312
0.966034704446795
8.60839536190033
0.18035915493965
7
4.61371247172356
11.6116995155811
-3.57163010239601
12.0848682463169
-0.992387002706527
5.90893216729164
-9.08981052041054
7
3.30304675102233
-7.13535221219063
-0.0504882931709214
3.63686827421188
3.80560920238495
7.89449327588082
4.05010012984276
7
2.21668084263802
-13.5854827046394
-0.993220180273057
-4.51547982692719
8.23802437782287
3.75056528449058
-0.0573563575744603
6
7
8.96392903923988
-2.65770100951195
11.3034655153751
2.14642614126205
0.580547618865972
-1.04525273442269
-4.77418147325516
7
7.26373057365418
5.23307239413261
8.72281562089921
-5.21396350264549
-2.96112959980965
-4.17542886137963
1.76145320534706
7
-5.80988810658455
-12.2529662787914
6.21329197883606
-5.85010597705841
6.0037625014782
5.34540214538575
1.63034973144531
7
-13.0252298533916
-8.94790524840355
-2.06371662020684
3.10763958692551
0.875232911109921
1.98902323842049
2.21295650601387
7
-4.48715998530388
1.55238900184631
-18.0197109878063
-6.0382050216198
3.31075124144554
-8.73221039175987
3.37994582653046
7
-2.82754004597664
3.03647795319557
-6.82345741391182
11.28352470994
-10.3652465760708
-0.274901759624475
9.11373198032379
2
7
-6.34427140951157
4.42936056256294
-2.88057731389999
-8.98449486494065
-6.74583984613419
0.48191751241684
7.55554847121238
7
4.96261495351791
2.80935220122337
5.71008520126343
3.62427602410317
4.81822460889818
4.19740688800812
-3.13519839048386
|FiveLongFeelerGenome 30
3
6
7
2.2070474088192
1.78982976078987
11.1460120141506
4.3839420735836
-17.8734002530575
-0.908918732404708
-1.43031866550446
7
-12.362241756916
7.66254586577416
6.04156677722931
-14.2368221104145
-7.61474190354347
7.45024875998497
-2.88025215864182
7
-1.01134452223778
-6.8581803560257
1.83139361739159
1.94019909501076
1.36059149503708
9.51424043178559
0.18035915493965
7
4.28376972079277
12.0010249614715
-4.45205169320107
11.6452589809895
-0.546232646703719
5.61884754300117
-10.2886034369469
7
4.0523206949234
-7.35505638718605
-0.300345200300209
3.15000799894332
3.57923757433891
7.58432096242905
3.18818721175194
7
1.24565331935883
-12.593920725584
-1.78541912436485
-5.77022716403008
6.48997336626052
3.21341026425361
0.552843171358111
6
7
8.73664681911469
-2.58071481585503
11.269580167532
1.69364059567451
-0.14993720054626
0.105053532123562
-5.87120333313942
7
9.33633261322976
3.30480458140373
10.4589778125286
-5.65467236638069
-3.74515562057495
-2.00286267995835
0.931400835514069
7
-6.32470236420631
-12.4405762851238
6.47659049034119
-5.27552418112755
5.61833006739616
4.67350606918336
1.11007127761841
7
-11.7909319102764
-8.64301420450211
-3.69726700782776
4.54107382893562
1.93230121135711
3.79158201217651
2.54167230725288
7
-5.66033397912979
0.381387400627134
-19.2677939832211
-7.73568641543389
4.86937065124511
-12.8841361045837
2.30680240392685
7
-3.50092977285386
3.08516231775284
-7.55657736063004
10.8638393759728
-8.95875775218011
1.05005339980126
9.01074715256691
2
7
-6.79824744462967
4.71086589097976
-3.85521475076675
-7.6475609600544
-6.91696292161942
0.857656282186509
7.09123069643974
7
6.2371834218502
2.82041370272636
4.20188921093941
4.00067527890206
3.35066217184068
4.6623437166214
-2.97668212652207
|FiveLongFeelerGenome 30
3
6
7
1.82068800330162
1.78982976078987
10.89673153162
4.45026171207428
-17.1286334931851
-0.328237289190292
-1.67986772656441
7
-11.7014812111855
7.31291813254357
6.02436866760254
-14.3471648097038
-7.05793734192848
7.6055144906044
-2.57850128412247
7
0.264841639995574
-6.14008544683457
0.816908836364745
1.69077126979828
0.927054750919345
7.8256284058094
0.0882810473442059
7
4.14856383800507
10.9252206981182
-2.13724390864372
10.8858326077461
0.872751820087434
6.61031766533852
-8.30451726317405
7
3.45705659985542
-6.47692447304726
-1.80313063859939
4.49634739160537
3.98354117274284
9.31534078717232
4.8040686905384
7
2.2618664264679
-13.3821050465107
-1.14931244254112
-3.70790975093842
7.60086934566497
3.69482359886169
0.87544067502022
6
7
9.46937468051911
-2.72154278755188
11.3607360959053
1.72296443581581
-0.130858111381526
-0.463226860761646
-5.42647117376328
7
5.85856018066407
5.72042641043663
9.59470006227494
-4.63766053318977
-2.32047398090363
-4.13841189146042
2.09707265496254
7
-6.14966140389442
-11.1092864274979
7.53198943734169
-5.63833904862404
5.67674271464348
5.72038497924805
1.52117938995361
7
-12.6579513967037
-8.81456083655358
-2.77407248020173
4.54107382893562
2.65723993778228
2.58298778533935
1.08607245087623
7
-4.59354533553123
1.25178768634796
-17.2232992589474
-5.90522517561913
3.53710570335388
-8.69022634625435
3.33918697834015
7
-2.59384309053421
2.7155374109745
-6.9990358710289
10.9486359655857
-9.91445865035058
0.832510459423071
9.2899169921875
2
7
-6.79824744462967
4.48842902779579
-3.74607065916061
-6.89908567070961
-7.58519495725632
0.660634368658066
7.03845161795616
7
5.01523594260216
3.44004611372948
3.83208026885986
4.3688837826252
3.45521040558816
5.82748263478279
-3.47683078050614
|FiveLongFeelerGenome 30
3
6
7
2.17619132995605
2.50244489908218
10.5517976462841
4.07488443255424
-15.7316870570183
-0.609321707487106
-1.4916810810566
7
-12.2531628608704
7.16667034626008
5.09637861847878
-13.4485227406025
-7.13848187923431
4.52154625654221
-2.65110456943512
7
-1.39634413719177
-7.43317537307739
1.97345005869865
0.991394066810608
0.610434997081759
9.66078186631203
-0.319835561513903
7
4.82435240745544
11.0817442238331
-3.60545361638069
12.0848682463169
-1.55946907401085
5.90893216729164
-9.35448373556137
7
3.73917922973632
-7.39739037156105
0.294486558437355
3.63686827421188
3.80560920238495
8.31789992451668
4.05010012984276
7
2.64231508374214
-13.5854827046394
-1.0292034804821
-4.51547982692719
8.23802437782287
3.35623707175254
-0.0573563575744603
6
7
8.96392903923988
-2.65770100951195
11.3034655153751
2.14642614126205
0.052165746688848
-1.13517561554909
-4.77418147325516
7
7.26373057365418
5.26830894947052
9.12213546037675
-5.21396350264549
-2.96112959980965
-4.17542886137963
1.42434030175209
7
-7.74996674060821
-12.3779460787773
6.32714647650719
-6.82849628925323
5.62294656038284
4.95464720726014
2.71340749263763
7
-11.6175137400627
-9.79110178351403
-3.65660114288331
5.28548752069473
1.3728924036026
3.23284683227539
2.39502564072609
7
-5.01051310896873
1.25178768634796
-16.9938784778118
-6.0382050216198
3.54270594120026
-8.28018096089363
2.79181020259858
7
-2.91354017853737
3.2625019133091
-7.03930934667587
12.0431428074837
-9.08380807638169
1.05005339980126
9.28632962703705
2
7
-6.79824744462967
4.82198525071144
-3.74607065916061
-7.87051954865456
-6.9528102517128
0.994619673490525
7.29659147262573
7
4.97153859138489
2.74115943312645
3.73467667102814
3.66346524357796
4.37021539807321
4.06806890964508
-3.16535693407059
|FiveLongFeelerGenome 30
3
6
7
2.17619132995605
2.17997235059738
10.9367774665356
4.07488443255424
-17.5664283156395
-1.03174259066582
-1.7635432779789
7
-12.5754708826542
6.54472486972809
5.71151178479195
-13.1491480886936
-6.8099547624588
6.87120326757431
-3.66347786188126
7
-0.273881936073304
-7.60791757106781
1.97858645319939
1.09235012531281
0.674944716691974
9.3075923204422
-0.0517017066478747
7
5.05141322016716
11.7198119938373
-3.19246127009392
12.323990470171
-0.422482907772063
6.8051566183567
-9.07675595879554
7
1.98956196904182
-7.70650301575661
0.492370498180397
2.80856286287307
5.85221539735794
7.09633385539055
4.91846517324447
7
1.90238382816315
-11.9525114953518
-0.844068259000779
-4.54435697197914
7.20170110464095
3.25171648263931
1.56723511219025
6
7
9.48548245429993
-2.21675820350647
10.980785381794
1.72296443581581
-0.130858111381526
0.0408061325550046
-5.00547486543656
7
7.95489272475243
3.27353111505508
9.12856609225274
-3.95304483175277
-1.64751462340355
-1.53577897548676
1.16832085847855
7
-6.05701404213905
-12.9966117858887
6.86663038730622
-5.85421290397644
6.12049052119255
5.57992012500764
2.00596199035645
7
-12.762074393034
-8.38688541650772
-1.72317950129509
3.23201411962509
0.228045988082882
2.17353438138962
1.23221850991249
7
-4.89512406587601
1.18080005645752
-16.6473013103008
-5.71351982951164
3.15602297186851
-8.14609987139702
4.43569367527962
7
-1.57313141822815
2.23972519040108
-5.1193162381649
9.34016739726067
-7.05115913152696
2.88160011172295
9.5258907854557
2
7
-6.2645244717598
3.44265901446342
-3.06288840174675
-9.1691336452961
-8.32957805395126
1.16298375725746
9.39704800248146
7
4.69620985388756
2.76190851926804
5.09152503013611
4.38458650708199
4.25844626426698
1.34041672945023
-2.75179683566094
|FiveLongFeelerGenome 30
3
6
7
2.2070474088192
2.18259957432747
10.7798757493496
4.3839420735836
-17.0633222043514
-0.426691114902496
-2.62445004582405
7
-11.2237795889378
7.26918916702271
4.9691949903965
-13.4271769344807
-6.58671069741249
6.18061596751213
-3.12786847352982
7
-1.16227090358734
-7.22833435535431
1.5238063275814
1.61323153972626
1.25294030308724
9.64057968258858
0.18035915493965
7
4.91218345165253
12.0698022186756
-4.20284615159035
11.431137162447
-0.497392141818999
5.94446993470192
-10.2022092878818
7
2.0685021162033
-7.39558873176575
-0.712489575147621
3.93481978178024
4.61036251187324
7.4760299384594
3.87790876626968
7
1.18445296287537
-12.6679077267647
-1.54831258058548
-5.18729212880135
8.33938021063804
2.90583772659301
0.730497103929522
6
7
9.48548245429993
-1.36867836713791
10.4818663239479
2.30996094346046
-0.452449393272395
0.0408061325550046
-5.80392249822617
7
9.26180720329285
2.49693025350571
9.42534223794938
-5.05477970838546
-2.56140007972718
-2.98477124571801
0.585939949750901
7
-4.94867814183235
-12.8056380212307
7.04433660507202
-5.26686543822288
6.0037625014782
4.38344933986664
1.66527996063232
7
-11.7909319102764
-9.50662671327591
-3.79117100238801
4.68117619156837
1.90121882557869
3.1556786775589
2.36580186486244
7
-5.95421494841576
0.00673310160636681
-19.2677939832211
-7.95913609862328
4.86937065124511
-13.4542575836182
2.51128298640251
7
-3.03712142109871
3.54524844288826
-7.03930934667587
11.5776327729225
-9.08380807638169
1.03249494433404
9.28632962703705
2
7
-5.99773215055466
3.39042696356773
-2.9179011285305
-9.85763686895371
-7.86813009977341
-0.0574415147304529
9.26710734963417
7
5.21614620089531
2.62066594958305
5.47610087394714
3.62427602410317
5.40752452611924
4.68826522827148
-3.36565171480179
|FiveLongFeelerGenome 30
3
6
7
1.44900185465812
1.81228378415108
9.93037561178206
4.51411840319633
-18.0780320584774
-0.400121080875396
-1.72084882259369
7
-11.904569798708
7.07541995048523
5.19551785588265
-13.7994356453419
-6.52238968014717
6.04545432329178
-2.54805735349655
7
-0.424544906616211
-7.70828468799591
2.32711798548698
0.582161498069764
1.05236376523972
9.35279970169068
1.46428409814834
7
5.1220468878746
11.3338170289993
-3.91978526711464
11.5467038929463
-1.01817426085472
6.34977689385414
-9.41776005029678
7
3.50360043644905
-6.76325371861458
0.437563258409508
3.79358059167861
4.43172554969788
7.97315073609352
3.95461334586143
7
1.35523407459259
-12.7931098103523
-1.30417026281357
-3.59805819988251
8.30676592588424
3.85760870575905
1.40808892250061
6
7
8.48138762116432
-2.35212916731835
10.8500697672367
2.2517945587635
0.6134120464325
-1.22107411026955
-5.1999896645546
7
6.77335469126702
3.57411533594131
10.8347429394722
-5.30058737397193
-1.72112291455269
-3.82584835290909
2.37691739201546
7
-5.88363844752311
-13.5178355932236
5.71017962694168
-6.11322309970855
6.06068346500397
4.775448179245
1.55317041873932
7
-13.8181801736355
-11.561129707098
-3.69304594397545
4.21245929002762
2.58146751523018
3.04357362389564
2.78825504183769
7
-4.22156308889389
1.01282766461372
-17.2128662526607
-6.06665439009667
3.85333094000816
-9.70017756819725
3.39124336242676
7
-2.96051193475724
2.46980971097946
-7.22643798589707
10.8095118403435
-9.89158527255059
1.59489210844041
9.31194808483124
2
7
-6.75790179967881
1.94571923613548
-2.98491638898849
-9.15397371053696
-8.08320830464363
-1.34363498091698
9.69466741681099
7
4.37579865455627
2.00196800231934
4.9955769598484
4.78176344037056
4.674250549078
4.40845675468445
-2.34616981744767
|FiveLongFeelerGenome 30
3
6
7
1.03159820437431
0.925748401880265
10.344170153141
3.79895200133323
-17.7613053739071
-1.07466115355492
-1.51100142598152
7
-12.0554221510887
8.51365363001824
5.21173651218415
-13.9482445836067
-5.92550928592682
7.99778484106064
-3.28648009896278
7
-0.195505392551423
-7.15873519778252
0.832120966911315
3.45392637252808
0.23229230642319
6.42767918109894
0.872370421886442
7
4.03146116733551
11.2767439305782
-1.53484172224999
9.93147025704385
0.310754519701005
6.78360188603401
-8.30451726317405
7
3.71727951169013
-7.20482909679413
-2.09925631284713
3.48364876508712
3.78056130409241
7.74049329757691
3.23409940600395
7
1.32842936515808
-13.6653836369514
-1.07348807454109
-6.64514625668526
6.67901501059531
4.82477227449417
0.302135753631594
6
7
9.74614079594613
-2.3051023721695
10.6156496167183
1.13537076115608
0.289974904060369
0.771446162462231
-5.42647117376328
7
7.95489272475243
2.15544449090958
8.59000226855279
-4.38601802587509
-1.26415407061577
-2.01083710193635
0.935272604227067
7
-6.20803907513618
-12.4275396049023
6.59215614795685
-6.6997540295124
5.07532908320427
5.88412926197053
2.14161739349365
7
-12.3206012606621
-9.94895622134209
-2.34939192533494
3.59388397336006
2.66371291279792
2.31476425528526
1.26754227280616
7
-4.97289101481438
1.30351898670196
-17.7915191590786
-6.0711514890194
4.34323047995567
-9.13297347426414
3.52266073226929
7
-0.920726132392888
2.35413478016853
-5.44732191562652
9.17244344949722
-6.93735421895982
3.36549499034882
10.208910214901
2
7
-6.26699725389481
2.92640494704246
-2.69425798654556
-9.88916519880295
-8.01903618574143
-0.544822067022323
9.14079626202583
7
5.47178387641907
2.62066594958305
5.63215043544769
3.73712700009346
4.89406896829606
4.19740688800812
-3.25644468069077
|FiveLongFeelerGenome 30
3
6
7
2.33562169075012
1.90255898237229
11.1681928277016
3.69522287845611
-17.7375915706158
-0.102366197109222
-1.80487347245216
7
-12.2795622706413
7.66254586577416
5.99665093421936
-14.3060367643833
-7.05793734192848
7.13013163805008
-3.2792012989521
7
-1.16227090358734
-7.22833435535431
1.87351080775261
2.61409862041473
1.25294030308724
9.3114842236042
0.38013394474983
7
3.80293154120445
11.0697856664657
-3.15221908688545
11.6905514776707
-0.0379910886287681
5.89247425794601
-9.72619414925575
7
3.97270999550819
-7.36065812706947
-2.54048799276351
2.57837502360343
3.6095892906189
8.04521369934082
3.57371441721916
7
1.18445296287537
-12.6642893195152
-1.39945920705795
-5.18729212880135
8.33938021063804
2.90583772659301
0.5613085269928
6
7
9.16074789166451
-2.73439557552338
10.6156496167183
0.729774338006972
0.289974904060369
0.631732738018033
-5.42647117376328
7
9.33656755685807
3.30480458140373
10.4589778125286
-5.48564577698707
-2.7472873210907
-1.99931277632714
0.981402575969697
7
-5.80988810658455
-12.2029519498348
5.89931509494782
-6.91648996472359
6.36854734420776
6.08931179642678
1.63034973144531
7
-12.0856428265572
-9.65705000162125
-2.39838258028031
2.82002719044685
2.54189735054969
1.23412216305733
0.697516995668409
7
-5.95421494841576
0.00673310160636681
-19.8104872643948
-7.48083686232567
4.76947038173675
-12.9726486444473
2.30680240392685
7
-2.34816370606423
2.7155374109745
-7.70947731137276
11.28352470994
-9.91445865035058
1.1028641819954
10.2752361834049
2
7
-6.53977741003037
4.10696261525154
-2.71395820379257
-8.98449486494065
-7.10324820280075
0.571156251430512
7.69899222254753
7
4.710357183218
2.3877768933773
3.93199763298034
2.98709352612496
3.02615759968759
4.0563027381897
-2.89630604982377
|FiveLongFeelerGenome 30
3
6
7
2.29358711242676
2.20603412389755
11.898699516058
3.75798719525337
-18.0298714220524
-0.674217057228088
-1.80487347245216
7
-11.6925314307213
7.32186161875725
6.02436866760254
-14.4668386101723
-7.05793734192848
6.94669543504715
-2.57850128412247
7
-0.273881936073304
-7.60791757106781
1.88235844969749
1.36525493264198
0.992766100168231
9.03900005817414
0.53695197701454
7
4.65795897841454
11.6006406605244
-3.44638238549233
11.6905514776707
-0.538423413038253
6.21491560339928
-9.95053545236587
7
4.27671988010406
-7.56459985375404
-0.474001783132545
3.1931430697441
3.44998328089714
7.35359085202217
4.499255412817
7
1.67487360239029
-13.5546460986137
-0.412174457311631
-4.73099744915962
8.43782502412795
3.45044589042663
0.892743641138079
6
7
9.48400421738625
-2.27313553690911
10.9590879023075
1.9102708876133
-0.519935703277583
-1.04525273442269
-4.77418147325516
7
5.98038232326508
6.20302297472954
9.59470006227494
-4.95798853039741
-2.63554747700691
-4.13841189146042
1.83094695210457
7
-5.41148179173469
-12.3937698602676
6.51901584863663
-6.97293580174446
5.82607995867729
5.71226975917817
1.29479937553406
7
-12.5549174487591
-8.81456083655358
-2.77407248020173
4.01701367497444
2.65723993778228
1.49063091278076
1.22993648648262
7
-4.75883049368858
1.20636587142944
-17.3322416484356
-5.60386368632317
3.82426337599754
-8.95532619357109
2.73050448894501
7
-2.59384309053421
2.7155374109745
-6.9990358710289
11.0512851059437
-9.91445865035058
0.879553687572485
9.2899169921875
2
7
-5.99010511040688
2.19909314513206
-3.19372947216033
-9.46550150513649
-7.95457068681717
-1.39207623004913
10.8479586958885
7
4.56767179965973
1.94136188030243
5.04044445157051
2.93832595944405
3.20090430378915
4.59607089161873
-3.37469592690468
|FiveLongFeelerGenome 30
3
6
7
2.2070474088192
2.05486491322517
11.155873298645
4.3839420735836
-17.7524956405163
-0.30343307852745
-1.43031866550446
7
-11.3483442366123
7.66254586577416
6.40166034698487
-15.5309795022011
-6.6516212284565
7.45024875998497
-3.5163124203682
7
1.29982525706291
-6.24667119383812
0.72378048300743
2.89665968418121
1.92524521946907
7.93926221132279
-0.685221594572069
7
4.41920182108879
10.6960602521896
-2.91020402908325
11.7438060581684
-0.765223532915114
5.89247425794601
-9.392908847332
7
3.54258832931518
-7.26696076989174
0.296775233745583
3.63686827421188
4.34092733860016
7.7166705429554
4.64628524184227
7
0.999374604225159
-14.1280984520912
-0.795230400562287
-6.66103988289833
6.62628313899039
4.24103389978409
-0.0310084819793677
6
7
9.38927662372589
-1.64481627345085
10.2012787222862
1.68317059278488
-0.452449393272395
0.124086362123486
-6.34253782033921
7
6.50968474745751
5.48399270772934
10.760610973835
-5.66849432587623
-1.74015874862671
-4.25590507388115
2.54440544843674
7
-6.19008610248565
-13.7219594240189
5.87441965341568
-6.06873571276665
6.01785545349121
4.73021562099457
2.17107875943184
7
-13.4729690015316
-9.51655094027519
-2.41732010245324
3.09822138547897
0.280484747886654
1.45019562840462
2.99235301613807
7
-5.33476342558861
0.620329809188841
-18.2098487079144
-6.41489431262016
3.54270594120026
-8.05375854969024
2.54691472053528
7
-2.77463105916977
2.7155374109745
-7.50680156946182
10.2678423941135
-9.91445865035058
1.05394224524499
9.74339964389801
2
7
-5.96200062036515
1.65940915942192
-2.47086977958679
-8.59952391386032
-8.26322442293167
-1.80475289821625
10.4673874437809
7
5.29021763801575
2.4777474462986
5.70414360761642
4.00905848741532
3.85166348218919
4.76536908149719
-1.64678290486336
|FiveLongFeelerGenome 30
3
6
7
2.51697322726249
1.93560538887978
11.4099510908127
4.3839420735836
-17.038264220953
-0.30343307852745
-1.43031866550446
7
-12.2795622706413
7.66254586577416
5.61535940170288
-14.5454827666283
-7.52943792939186
6.84197992086411
-2.99483371376991
7
-1.16238834857941
-8.46567406654358
2.32711798548698
0.178927493095398
0.941619735956195
9.35279970169068
0.779570442438124
7
3.85184428691864
10.6840332269668
-2.22973368167877
10.5955915749073
1.18609765172005
6.90798006653786
-8.30451726317405
7
4.03525791168212
-7.3117603123188
0.623153579235085
3.18765105009078
4.6869478225708
7.94252977967263
4.64628524184227
7
1.18445296287537
-13.4607014775276
-1.54831258058548
-5.18729212880135
8.33938021063804
2.90583772659301
0.5613085269928
6
7
9.18163094520569
-1.64481627345085
10.4818663239479
1.90942502617836
-0.452449393272395
0.0408061325550046
-5.80392249822617
7
8.99467043280602
2.49693025350571
9.54589380025865
-5.05477970838546
-2.34751908779144
-2.98477124571801
0.699670547246934
7
-5.53738132119178
-12.0587458968162
6.77029173374176
-5.85010597705841
6.0037625014782
5.63727777004243
1.37619984149933
7
-12.0856428265572
-9.65705000162125
-2.56417564153672
2.96420164704323
2.5742684662342
1.09587224125862
1.37309499382972
7
-4.48715998530388
1.30351898670196
-17.5138711154461
-5.75654482245445
3.82579216361046
-9.13297347426414
3.40670483112336
7
-2.19153112173081
2.7155374109745
-7.50680156946182
10.7639926970005
-9.91445865035058
1.05394224524499
9.93248963952064
2
7
-6.36826008558274
3.39042696356773
-2.9179011285305
-9.48247150182724
-8.13610654473305
-0.544822067022323
9.26710734963417
7
5.10336417555809
2.24807249903679
5.63215043544769
3.93653307557106
5.14967283010484
3.67293102741241
-2.96054690480233
|FiveLongFeelerGenome 30
3
6
7
2.2070474088192
1.71661861538887
11.153392791748
4.18457176089286
-17.063640922308
-0.174376267194747
-1.43031866550446
7
-11.9486272454262
8.15190803408623
5.15873649120331
-14.0876932740212
-6.37792427539825
8.13064903020859
-3.21663988232613
7
0.282679384946823
-5.55691655874253
1.18053312301636
2.11112420558929
0.106770360469821
7.57214994430542
0.0882810473442059
7
5.09808287024498
12.0608547985554
-3.43245142102242
12.0848682463169
-1.18676568865776
5.38820295929909
-8.77366474866867
7
3.33290980458259
-7.26696076989174
0.436280786991127
3.24364613294601
4.34092733860016
7.94252977967263
4.55579959750175
7
0.943347173929215
-12.1660527050495
-1.79572426080704
-4.72074347138405
9.52877949476241
4.00320496559143
0.992833060026171
6
7
10.1079456329346
-2.512422144413
10.8037105381489
1.52152941226959
0.00253078937531059
-0.808146423101428
-6.43170560598374
7
9.33633261322976
3.61866537928581
10.4589778125286
-5.65467236638069
-2.72298078536988
-2.00286267995835
0.931400835514069
7
-6.32857761979103
-12.4405762851238
6.47659049034119
-5.27552418112755
5.61833006739616
4.12847418785096
1.11007127761841
7
-11.8788332283497
-9.39357961416245
-2.26030458807946
2.82002719044685
1.72420046925544
1.58543575406074
1.48615954518318
7
-4.2812524497509
1.65627946853638
-16.5175293147564
-6.03442384004593
3.54270594120026
-8.09291214942932
2.79181020259858
7
-3.24595254659653
2.98161081075668
-7.73085392713547
11.3483879446983
-10.3161914050579
1.27911884188653
9.65608630180359
2
7
-6.32621313333512
1.78058456778526
-2.54125008583068
-8.07469629049301
-8.26322442293167
-1.80475289821625
10.4673874437809
7
5.7299431502819
4.75941061973572
6.23340747952461
4.15468922257424
3.99848227500917
1.0423616528511
-2.43733316659928
|FiveLongFeelerGenome 30
3
6
7
2.2070474088192
1.78982976078987
10.9348032355308
4.25503904223442
-17.9244400441647
-1.69603356719017
-1.29325783848763
7
-11.9370098471642
7.66254586577416
5.39108073711396
-13.9398886799812
-7.19731257557869
7.61831327676773
-2.9431144118309
7
-0.957275122404099
-7.60791757106781
0.550147002935409
1.66336495876312
1.10638352632523
8.60839536190033
-0.409244316816332
7
3.52808737158775
12.153003770113
-3.10473306179047
10.8666238605976
-1.57663614153862
6.53651779294014
-10.2022092878818
7
3.7336210489273
-7.26696076989174
-0.529035151004784
3.42020894289016
4.34092733860016
7.89449327588082
4.64628524184227
7
2.32876615524292
-12.0235172212124
-0.866308921575547
-4.54435697197914
7.36423617601394
3.03954446911812
0.727830862998965
6
7
9.50138638019562
-1.64481627345085
10.4818663239479
1.49426849484443
-0.452449393272395
-0.272183483839038
-6.12925585508347
7
9.33633261322976
3.69936997294426
10.8313991725445
-5.55861688256263
-2.62690055370331
-1.9301657140255
0.982886159420014
7
-5.80988810658455
-13.1694685876369
6.31224510669708
-5.0775506734848
6.0037625014782
4.2761575460434
1.98838787078857
7
-13.7111241996288
-11.1463845193386
-3.32663552165032
4.04953764081001
2.59368622899055
3.1617033302784
2.88060964941978
7
-5.95421494841576
0.00673310160636681
-19.2677939832211
-7.85570225119591
4.35622987747192
-13.6300956964493
2.51128298640251
7
-2.75200365781784
2.60280879735947
-7.03317466974258
10.6849186003208
-9.88264293074609
1.68016782999039
9.2714120388031
2
7
-7.58395816087723
4.88528059124946
-3.33015574216842
-8.72460955381394
-6.74583984613419
1.03005267381668
7.85811123251915
7
4.710357183218
2.84154242873192
3.93199763298034
2.96818073391915
3.36018245816232
3.51014490127563
-3.04460037946702
|FiveLongFeelerGenome 30
3
6
7
1.99314095377922
1.78982976078987
11.0188303351402
4.21018320918083
-17.890989536047
-0.905296963453292
-1.23738198876381
7
-12.2531628608704
7.2938018321991
5.61576936841011
-13.5991713345051
-7.34095017910004
4.76350218057633
-3.23425541520119
7
-0.273881936073304
-8.46604306697846
3.08796029686928
0.705044436454773
0.125743180513385
9.22516674995423
-0.847022384405138
7
4.91218345165253
11.7212672531605
-4.20284615159035
11.6337200284004
-1.3391251206398
5.94446993470192
-10.2022092878818
7
4.77692582607269
-7.0701623737812
0.114116245508202
3.97183898687362
4.90776765346527
7.64235854744912
4.1308371245861
7
2.70161287784576
-12.4101818799973
-0.980350798368455
-4.57595078349114
6.95287615060805
3.20600836873054
0.301388382911684
6
7
9.48548245429993
-1.75505193471909
10.846162378788
1.90942502617836
0.349939155578618
0.154127460718152
-5.80392249822617
7
8.84386791586877
3.36034506559372
9.42534223794938
-5.05477970838546
-2.34751908779144
-2.5301801621914
1.24751152396202
7
-6.97128890156746
-12.1132261395454
6.10798045992851
-6.27884693145752
6.11732438802719
4.9722118139267
2.71340749263763
7
-11.2232273697853
-9.98670219779015
-2.3644793689251
3.77994938492775
2.44350655674934
1.28203462362289
1.26754227280616
7
-6.90017751455307
0.936114841699598
-18.0784639537334
-8.49517256617546
4.62529891133308
-13.3487351715565
3.17014325857163
7
-2.02363794445992
2.51813185214996
-5.7022173345089
11.7042869150639
-8.64438356161119
0.795761030912405
9.99383093714714
2
7
-6.79824744462967
5.4174873650074
-3.33015574216842
-9.06827677488327
-6.74583984613419
1.03005267381668
7.85811123251915
7
5.06486853957176
2.74115943312645
3.73467667102814
3.94505434632302
3.10629327893258
4.06806890964508
-3.44390083551407
|FiveLongFeelerGenome 30
3
6
7
2.2070474088192
2.18259957432747
11.7976038217544
4.3839420735836
-16.9378458201885
-0.687457031011581
-2.5114418566227
7
-11.0765558540821
7.69938158988953
5.17872422337532
-13.8804604589939
-6.58671069741249
6.03646740317345
-3.35059989690781
7
-1.16227090358734
-7.74672961235047
0.975969928503035
1.24286811351776
0.606038194894793
8.60839536190033
1.01284314393997
7
4.39128687381744
11.3278451442718
-3.15221908688545
11.6905514776707
-0.0379910886287681
5.89247425794601
-9.93703807592392
7
3.7336210489273
-7.26696076989174
-0.844687807559959
3.63686827421188
4.34092733860016
7.75737095475197
4.64628524184227
7
1.65963289737701
-12.1647952675819
-1.54831258058548
-5.23619294762612
8.64453371763229
3.85097143650055
-0.546647357940671
6
7
8.95456750392914
-1.64481627345085
10.6203021407127
1.56863241791725
-0.452449393272395
-0.0509970843791995
-5.67172785997391
7
9.33633261322976
2.31672841906548
10.4589778125286
-5.35415022969246
-3.29559888243675
-2.1345762372017
0.931400835514069
7
-6.03658590912819
-12.8056380212307
6.47659049034119
-4.70699400305748
6.27161960601807
4.69027602672578
2.34965152740478
7
-11.7909319102764
-9.32683396935463
-3.79117100238801
4.68117619156837
1.702489310503
3.1556786775589
2.43834345936775
7
-4.78854345083237
1.82945151925087
-17.2107540309429
-5.62621235251427
3.77702438235283
-9.65584852099418
3.59021005630494
7
-2.59384309053421
2.7155374109745
-8.00016845464707
11.28352470994
-10.4711114346981
0.269694030284888
9.91265731453896
2
7
-6.21619099378586
1.78058456778526
-2.58666417598724
-8.55700010061264
-8.26322442293167
-2.3232358455658
10.8865417540073
7
4.710357183218
2.86821429729462
3.93199763298034
3.42653985619545
3.02615759968759
3.51014490127563
-3.04460037946702
|FiveLongFeelerGenome 30
3
6
7
2.18150868415832
1.78982976078987
10.662760579586
4.21018320918083
-17.5622587144375
-0.905296963453292
-1.69553275704384
7
-12.2531628608704
7.27848234176636
5.09637861847878
-13.709198909998
-7.26407427787781
4.52507117986679
-3.30731435418129
7
-0.854071998596192
-8.22195632457733
1.8225911796093
-0.124743199348449
1.86715622544289
9.14755434989929
0.779570442438124
7
4.91045283675194
12.2380009531975
-4.13672168850899
12.0848682463169
-0.992387002706527
5.94490600824356
-9.22038844823837
7
4.21530258655548
-7.83352957367897
-0.318640512228004
4.44141203165054
4.34092733860016
7.89449327588082
3.99339329600334
7
2.32876615524292
-12.2260438680649
-0.384011548757554
-4.34410297870636
7.36423617601394
3.03954446911812
0.727830862998965
6
7
8.48138762116432
-2.35212916731835
10.8500697672367
2.2517945587635
0.052165746688848
-0.860538101196292
-5.1999896645546
7
9.78836937546731
2.81926815509796
10.7628741502762
-6.14924109578132
-3.22660014629364
-2.0743120610714
1.26835910081863
7
-5.80988810658455
-12.2529662787914
6.38510856628418
-5.85010597705841
5.6318863093853
5.23732721805573
1.37619984149933
7
-11.6785514473915
-9.94895622134209
-1.95243412852288
3.35309148430824
2.12551744580268
1.47564841508865
1.26754227280616
7
-4.48715998530388
1.30351898670196
-17.5138711154461
-6.0711514890194
3.82579216361046
-9.50290960669517
3.71495959758759
7
-3.003238093853
2.98161081075668
-7.36861931085587
10.630365383625
-10.2642378032208
1.59489210844041
9.04268941879272
2
7
-6.79824744462967
5.4174873650074
-3.24133571386337
-9.06827677488327
-6.74583984613419
1.03005267381668
7.43822607398033
7
4.710357183218
2.57773000597954
3.93199763298034
3.49350073933602
3.02615759968759
4.0563027381897
-3.04460037946702
|FiveLongFeelerGenome 30
3
6
7
1.86343274116516
2.45906606912613
10.461750382185
4.39766847491264
-17.3758216738701
-1.03174259066582
-1.53743363022804
7
-11.6756383955479
8.49815065860749
5.87589250206948
-13.048260319233
-6.99072340130806
8.22068306207657
-2.37762272953987
7
-1.16227090358734
-7.5495944917202
1.46119112372398
1.46093149185181
1.25294030308724
8.89382172226906
0.18035915493965
7
4.28824169635773
10.8500243604183
-1.78905818462372
10.486072832346
-0.0609733462333671
6.78360188603401
-8.30451726317405
7
3.62534763813018
-7.26696076989174
-0.397176611423485
3.63686827421188
3.78793804049492
6.99204924702645
3.98808752894401
7
1.611368227005
-12.8228223383427
-1.00969480872154
-5.31373732686043
8.43782502412795
3.24519302845001
0.508065319061282
6
7
8.65115458965302
-2.21675820350647
10.4808967232704
2.26650000214577
-0.130858111381526
0.46330226063728
-5.42647117376328
7
7.95489272475243
2.75757631063461
9.54045104384423
-3.43585435152053
-1.22629565596581
-1.53577897548676
1.0030675470829
7
-5.80988810658455
-12.2568681418896
5.89931509494782
-6.49585843682289
6.12049052119255
5.68561444878579
1.19943318367004
7
-12.4010075032711
-9.35569886565209
-3.01718096733094
4.54107382893562
1.40729613304138
2.64340427517891
1.28986039757728
7
-4.10867332816124
1.22484214305877
-16.4830215156078
-6.31852826476097
3.31075124144554
-8.73221039175987
3.39124336242676
7
-2.17171961069108
2.48567832112312
-7.05973783731461
11.7008243620396
-9.96530841588975
1.98896545767785
8.47859897613525
2
7
-6.98028296232224
2.21281310915947
-2.96439108848571
-9.42635325193405
-8.00327089428902
-1.58031215667725
10.1568330585957
7
4.69620985388756
2.52549818754196
5.51028695106506
4.07099421620369
4.25844626426698
1.62989810705185
-2.90527541041375
|FiveLongFeelerGenome 30
3
6
7
2.50925375819206
1.78982976078987
11.2043788313866
4.21018320918083
-17.5622587144375
-0.686346900463104
-1.69553275704384
7
-13.0196823179722
7.32211072444916
4.656759339571
-13.7515145123005
-7.00278905034065
6.23637245893479
-3.43809012174606
7
-0.648524594306946
-7.96049044132233
1.36832532286644
1.28116447925568
1.65659423470497
9.106478536129
-0.392082470655443
7
3.43159236311912
12.153003770113
-3.32678928375244
10.8666238605976
-0.949674361944198
6.09362099766731
-10.2022092878818
7
4.21530258655548
-7.26696076989174
-0.496531552076332
3.99526168107986
4.34092733860016
7.89449327588082
4.05010012984276
7
0.57696681022644
-14.2596375584602
-1.22568904161453
-6.91697633862496
6.27513355612754
4.74712618589401
0.302135753631594
6
7
9.48548245429993
-1.02974485158921
11.1261210381985
1.90942502617836
0.11592829227448
0.358219891786572
-5.80392249822617
7
9.33633261322976
3.31158792376518
10.4589778125286
-5.65467236638069
-2.75835239887238
-1.9301657140255
0.982886159420014
7
-5.80988810658455
-12.2529662787914
6.5432743370533
-6.37737047672272
6.04753665328026
5.71807963848115
1.37619984149933
7
-11.6175137400627
-10.3649028241634
-3.77260539531708
4.93116942644119
1.3728924036026
2.96362364292145
2.30284612774849
7
-6.95011867284775
0.119919461011885
-17.0499490201473
-8.26331828832627
4.58435474038124
-12.3212662816048
2.95227444767952
7
-2.80959569215775
2.60280879735947
-7.03317466974258
10.6849186003208
-10.2281077325344
1.31462680101395
9.2714120388031
2
7
-6.79824744462967
5.28441918492317
-3.81898547410964
-7.98628740906716
-7.13561531305313
1.23408679366112
7.36022557616234
7
4.710357183218
2.57773000597954
3.93199763298034
3.49350073933602
3.02615759968759
4.0563027381897
-3.04460037946702
|FiveLongFeelerGenome 30
3
6
7
1.8611776292324
2.18259957432747
11.2264980256557
4.3839420735836
-17.0633222043514
-0.687457031011581
-2.60268166661263
7
-11.6607061445713
7.19742748737336
5.17872422337532
-13.3220567286015
-6.14255147576332
5.97167124152184
-3.12786847352982
7
-1.49801151752472
-7.48719849586487
1.49158405661583
1.71309690475464
1.39706755280495
9.50773131847382
-0.272785609960558
7
3.85525135397911
12.153003770113
-2.67460165023804
11.1203167557716
-1.08055221438408
6.29803520441055
-10.2022092878818
7
2.0685021162033
-7.39558873176575
-1.20303334593772
3.96283928155899
4.12151239514351
7.4760299384594
4.18766199350357
7
2.10832998752594
-12.0460579514504
-1.26412286162376
-3.88269842267037
8.16112540960311
3.53892222046852
0.00895221233368171
6
7
9.11658219099045
-2.35212916731835
10.8500697672367
2.12025716900825
0.052165746688848
-3.0543714106083
-5.2386713385582
7
8.99010377526284
3.31158792376518
9.86201507449151
-5.65467236638069
-2.43814377784729
-2.82122430205346
0.982886159420014
7
-6.3258143723011
-12.3408877134323
5.70531842708588
-5.59896094799042
7.1251845061779
5.6740127325058
1.86728425621986
7
-11.7909319102764
-9.50662671327591
-3.79117100238801
4.68117619156837
2.17504268288612
3.21140053272247
2.43834345936775
7
-4.95009252429008
0.714722895622252
-17.5138711154461
-5.62480973601341
3.82579216361046
-9.13297347426414
3.40670483112336
7
-2.1416916012764
2.04580138921738
-7.4583248257637
9.10432887673378
-10.4572130858898
1.31462680101395
9.2714120388031
2
7
-6.36826008558274
3.39042696356773
-3.03962842822074
-9.98646122217179
-8.88743675947189
-1.03741168379784
9.26710734963417
7
5.21614620089531
1.81075977683067
5.63215043544769
3.62427602410317
4.81822460889818
3.84351823329926
-3.13519839048386
|FiveLongFeelerGenome 30
3
6
7
1.99314095377922
1.78982976078987
10.662760579586
4.21018320918083
-17.5622587144375
-0.905296963453292
-1.69553275704384
7
-12.2795622706413
7.66254586577416
5.61535940170288
-14.5454827666283
-7.75209768414497
6.82424179315567
-2.99483371376991
7
-1.38558011054993
-7.60791757106781
0.864312571287154
2.00872118473053
1.25294030308724
8.75176313519478
-0.455058521032335
7
5.13995708823204
10.8977873146534
-3.19949858188629
11.6452419400215
-0.38197568655014
6.19276939034462
-10.1303303062916
7
3.66744766235351
-6.79198210835457
-0.248493164777748
3.63686827421188
4.02437582015991
7.89449327588082
4.39839863181114
7
1.95398359298706
-13.4294293701649
-0.494689935445786
-4.51547982692719
7.47752771377563
3.75056528449058
-0.412826156616208
6
7
8.9130822956562
-2.81596722006798
11.9807945132255
2.51927436590195
0.297299033403402
-1.04525273442269
-4.75498279333115
7
6.56945092678071
5.60342079997062
9.19282232522965
-5.95507006645202
-2.6786395072937
-4.6743421971798
1.76145320534706
7
-7.5932772219181
-12.2055502772331
6.10378965139389
-6.82849628925323
6.68057018518448
5.25214722752572
2.71340749263763
7
-11.8094670653343
-10.4579912304878
-2.94116517901421
3.36686752438545
2.17087195515632
1.98236440420151
1.10443041920662
7
-4.72566794753075
1.30351898670196
-17.5138711154461
-6.0711514890194
4.16034888625145
-9.13297347426414
3.40670483112336
7
-3.03712142109871
3.28350731134415
-7.03930934667587
11.417088329792
-9.08380807638169
1.05005339980126
9.54302711486816
2
7
-6.36826008558274
3.83804773688316
-3.21282603144645
-9.9582340836525
-8.6563884139061
-0.544822067022323
9.26710734963417
7
5.34295072555542
2.74115943312645
3.72498488426208
3.66346524357796
3.99300296902658
4.04534780979156
-3.30113967061043
|FiveLongFeelerGenome 30
3
6
7
2.2070474088192
2.18259957432747
11.0268684148788
4.3839420735836
-17.5745616853237
-0.687457031011581
-2.5114418566227
7
-11.1893573343754
7.62391180992127
5.17872422337532
-13.8804604589939
-6.58671069741249
6.24812445044518
-3.35059989690781
7
-0.813216662406922
-7.98191349506378
1.88235844969749
0.764415669441224
0.665268522500995
8.89811792373657
0.115718990564344
7
4.0097482919693
10.8500243604183
-1.69272739887238
10.5955915749073
1.13718174099922
7.30457764267921
-8.30451726317405
7
4.21530258655548
-7.26696076989174
-0.318640512228004
3.99526168107986
4.34092733860016
7.89449327588082
4.05010012984276
7
1.2658273935318
-12.1647952675819
-1.84160984754562
-5.40039971470833
9.15084007978438
3.85097143650055
-0.546647357940671
6
7
9.48548245429993
-1.4507439494133
10.846162378788
2.01436384320259
0.11592829227448
0.0408061325550046
-5.80392249822617
7
8.47406453490258
2.15544449090958
8.95936877131463
-3.95304483175277
-1.31443704962731
-1.72008829116822
1.40756240487099
7
-6.03658590912819
-12.8056380212307
6.47659049034119
-5.26686543822288
6.27161960601807
5.24357511997224
2.45882787704468
7
-11.7909319102764
-9.50662671327591
-3.79117100238801
4.68117619156837
1.71103625893592
3.1556786775589
2.43834345936775
7
-4.36799439191818
1.19107211232185
-17.2107540309429
-5.62621235251427
3.77702438235283
-9.65584852099418
3.59021005630494
7
-1.27383329868317
2.35413478016853
-4.96730606555939
9.28242494463921
-7.60273088216783
3.2518591105938
9.93862295746803
2
7
-7.44953550100327
5.33122866749763
-3.05410988926887
-8.6374111533165
-6.74583984613419
1.03005267381668
8.0365671813488
7
2.69959197044372
1.93374605178833
3.87137586474419
3.1073630809784
4.00021868348123
2.94262888431549
-1.6339400947094
|FiveLongFeelerGenome 30
3
6
7
1.67203132510185
1.78982976078987
10.662760579586
4.21018320918083
-17.5622587144375
-0.905296963453292
-1.69553275704384
7
-13.0196823179722
7.32211072444916
4.92715646028519
-13.7515145123005
-7.00278905034065
6.23637245893479
-3.43809012174606
7
-1.72606852054596
-8.11491565704346
1.29670011401176
1.28116447925568
1.65659423470497
8.89382172226906
-0.392082470655443
7
4.85597586631775
10.8500243604183
-2.24299169778824
10.6145154356957
0.872751820087434
6.61031766533852
-8.30451726317405
7
4.21530258655548
-7.26696076989174
-0.318640512228004
3.99526168107986
4.34092733860016
7.89449327588082
4.05010012984276
7
2.63488245010376
-12.2260438680649
-0.498873108625413
-4.34410297870636
7.36423617601394
3.16799045205116
0.727830862998965
6
7
9.82817993164063
-2.3051023721695
10.980785381794
0.860867482423781
-0.115125346183772
0.324637705087658
-5.42647117376328
7
9.33633261322976
3.31158792376518
10.9658715426922
-5.65467236638069
-2.75835239887238
-1.9301657140255
0.519812142848969
7
-5.80988810658455
-12.2529662787914
6.38510856628418
-5.85010597705841
6.0037625014782
5.23732721805573
1.37619984149933
7
-11.6785514473915
-9.94895622134209
-2.3219681441784
3.77994938492775
2.12551744580268
1.47564841508865
1.27231524586677
7
-4.48715998530388
1.64883229732513
-17.5138711154461
-6.0711514890194
3.82579216361046
-9.13297347426414
3.40670483112336
7
-2.75200365781784
2.39053026437759
-7.03317466974258
10.4656756222248
-10.2281077325344
1.31462680101395
9.2714120388031
2
7
-6.79824744462967
5.28441918492317
-3.21666482686996
-7.98628740906716
-7.40393027067185
1.23408679366112
7.36022557616234
7
4.710357183218
2.92003909945488
3.93199763298034
3.49350073933602
3.02615759968759
4.0563027381897
-3.04460037946702
|FiveLongFeelerGenome 30
3
6
7
2.2070474088192
2.18259957432747
11.0268684148788
4.3839420735836
-17.0633222043514
-0.687457031011581
-2.5114418566227
7
-11.1893573343754
7.09027059078217
5.17872422337532
-13.8804604589939
-6.58671069741249
6.18061596751213
-3.35059989690781
7
-1.40108106136322
-7.98191349506378
1.88235844969749
0.764415669441224
0.665268522500995
8.89811792373657
-0.106902426481249
7
5.1220468878746
11.3338170289993
-3.91978526711464
11.1794336616993
-1.12782203555107
5.90893216729164
-9.41776005029678
7
4.21530258655548
-7.26696076989174
-0.318640512228004
3.99526168107986
4.34092733860016
7.89449327588082
4.05010012984276
7
1.2658273935318
-12.1647952675819
-1.54831258058548
-5.23619294762612
9.06110788583755
4.27054932117462
-0.256156843900678
6
7
9.53752444386483
-2.0389903485775
11.5193709492683
1.83086312413215
-0.130858111381526
-0.135933792591098
-5.36776722073555
7
6.77335469126702
3.57411533594131
10.2930525898934
-5.30058737397193
-1.72112291455269
-4.07121080756188
2.37691739201546
7
-5.88363844752311
-13.5178355932236
5.71017962694168
-6.57172749042511
6.06068346500397
4.775448179245
1.90189492702484
7
-11.7909319102764
-9.50662671327591
-4.16759121418
4.68117619156837
1.71103625893592
3.09249906539917
2.29047184586525
7
-4.78854345083237
1.26255097985267
-17.7772869288921
-5.62621235251427
3.77702438235283
-9.65584852099418
3.59021005630494
7
-0.801848769187932
2.35413478016853
-4.96730606555939
9.28242494463921
-7.25507739782335
3.10296711325646
9.93862295746803
2
7
-7.44953550100327
5.33122866749763
-3.05410988926887
-8.6374111533165
-6.74583984613419
1.03005267381668
7.84299621582031
7
2.79602224826813
1.55167331695557
3.87137586474419
2.89736158251763
4.00021868348123
2.94262888431549
-1.6339400947094
|FiveLongFeelerGenome 30
3
6
7
1.95568937659263
0.754465466737748
9.51320778131484
4.07719992995262
-17.45341553092
0.762661963701249
-0.754875725507737
7
-11.904569798708
7.15268566608429
5.59715698361397
-13.7994356453419
-6.52238968014717
6.04545432329178
-2.54805735349655
7
-0.424544906616211
-7.90194175243378
2.32711798548698
0.582161498069764
1.05236376523972
9.06282579898834
1.20836997628212
7
4.0097482919693
11.2237979829311
-2.22973368167877
10.5955915749073
0.602913886308671
7.65410881638527
-8.30451726317405
7
2.02866664528846
-7.57795811295509
0.151359790563591
3.36378120183944
5.46367376446724
7.09633385539055
3.87790876626968
7
1.69411866664886
-12.7931098103523
-1.30417026281357
-4.08223955631256
8.30676592588424
3.85760870575905
0.993122148513796
6
7
9.48548245429993
-1.91179393529892
10.846162378788
1.90942502617836
0.11592829227448
0.0408061325550046
-5.80392249822617
7
8.47406453490258
2.15544449090958
8.94273442626
-3.95304483175277
-1.31443704962731
-2.16618070602418
1.40756240487099
7
-5.66371350884437
-12.8056380212307
6.47659049034119
-5.26686543822288
6.27161960601807
4.69027602672578
1.98838787078857
7
-11.509564769268
-9.83546151518822
-3.28016176223755
4.04412665963173
1.65086967945099
2.50611052513122
2.56364449858665
7
-4.22156308889389
0.841314935684202
-16.9938784778118
-6.06665439009667
3.31075124144554
-9.16816949248314
3.91256566047669
7
-2.53046211600304
3.28773456215858
-5.39412984848022
8.39469417333603
-7.27286494970323
1.56723238229752
9.13927803635597
2
7
-4.79703758358956
3.41381489634514
-3.48591194152832
-8.03089474439621
-8.16688226461411
-0.556571412086486
9.92199192643165
7
4.48035008907318
2.00196800231934
4.9955769598484
4.4243733227253
4.674250549078
4.807310962677
-2.34616981744767
|FiveLongFeelerGenome 30
3
6
7
2.34046398997307
1.99656963944435
10.1167996525764
4.40853714346885
-17.5622587144375
-0.400121080875396
-1.72084882259369
7
-11.721177226305
7.64292389750481
6.26363987922669
-14.4668386101723
-6.33364896178245
8.00370894670487
-3.21663988232613
7
0.459552401304244
-7.72697355151177
0.178041124343871
3.66564655900002
0.300782334804538
6.61319978237152
0.172155296802519
7
4.63190070986748
12.2380009531975
-4.04398077130318
12.0848682463169
-0.992387002706527
6.25036083459854
-9.26141587495804
7
3.62515493035316
-7.14147408604622
-0.393120735883705
4.66965163946151
4.57993431687355
7.55367856621743
3.95461334586143
7
1.04493610858917
-12.8240352511406
-1.54831258058548
-4.65130529999733
8.43498874902724
3.80864331722259
-0.146139550209043
6
7
8.48138762116432
-2.39292284846306
10.8500697672367
2.37168379426002
0.353499197959905
-1.14762628674507
-5.12289189100266
7
9.78836937546731
2.58837804198265
10.4201729536057
-6.14924109578132
-3.31269311904907
-2.0743120610714
1.26835910081863
7
-6.15211394429206
-12.8511652648449
6.44682660698891
-6.01763766407966
6.52627131938934
5.6104428768158
1.64755020141602
7
-13.8181801736355
-11.061316293478
-3.84134170413018
4.44958611130714
1.99270825982093
3.16194894909859
2.78825504183769
7
-4.23233088850975
1.20636587142944
-17.4918260753155
-6.36775182485581
4.09077392220497
-7.90600808262825
2.46303961277008
7
-3.003238093853
3.08237410783768
-7.22643798589707
11.1531392216682
-10.2642378032208
1.59489210844041
9.31194808483124
2
7
-6.75790179967881
1.94571923613548
-3.16425902247428
-9.15397371053696
-8.08320830464363
-1.34363498091698
10.0720260441303
7
5.11621574759483
2.84154242873192
4.26910915970802
3.68149669766426
3.55269697308542
4.78220074772835
-2.97466810941697
|FiveLongFeelerGenome 30
3
6
7
2.19978990554809
2.52750366926193
11.1263621687889
3.9783273935318
-17.7502699792385
-1.66986815333366
-1.46427793502808
7
-12.2531628608704
7.35098559856415
5.22063735127449
-13.709198909998
-7.33884303569794
4.52507117986679
-3.26453798413277
7
-0.854071998596192
-8.22195632457733
1.8225911796093
0.033555126190186
1.35749331116677
9.62091882228852
0.750606375932691
7
3.15766379237175
12.153003770113
-2.9513913333416
11.2019489109516
-1.08055221438408
6.09362099766731
-10.0697892010212
7
1.72340960502624
-7.63894782662392
-0.694584649801247
3.93481978178024
4.66131661534309
6.98306831717491
4.28910142183304
7
0.266093778610229
-14.2596375584602
-1.61846972703934
-6.91697633862496
6.67901501059531
4.74712618589401
0.302135753631594
6
7
9.48548245429993
-1.42248748540879
10.846162378788
1.90942502617836
0.279651904106145
0.358219891786572
-5.80392249822617
7
7.95489272475243
2.55884343385696
8.80490069389344
-3.93072420358657
-1.5935842692852
-2.56414864063263
1.40756240487099
7
-7.10678659081459
-12.596676003933
6.44251558184624
-6.79576697349548
5.82324134111404
4.95464720726014
2.80353450775146
7
-11.5964686989784
-10.3649028241634
-3.94677683711052
4.73146995306015
1.3728924036026
2.96362364292145
2.45584934353828
7
-6.95011867284775
0.119919461011885
-17.6246085107326
-8.26331828832627
4.58435474038124
-12.3212662816048
2.95227444767952
7
-1.95671300292015
2.35196598172188
-4.57221839427948
9.76654416322708
-6.93735421895982
2.4993928551674
9.93862295746803
2
7
-6.42460714578629
5.4174873650074
-2.58779932260513
-9.06827677488327
-6.74583984613419
1.03005267381668
7.85811123251915
7
5.74649288058281
1.79633063673973
4.0695264339447
3.60812197327614
3.55269697308542
4.78220074772835
-3.38417261838914
|FiveLongFeelerGenome 30
3
6
7
2.32169188857078
1.93560538887978
11.6544560968876
4.79509524703025
-17.6951155364514
-0.30343307852745
-1.43031866550446
7
-11.5668888926506
7.66254586577416
5.63348670005799
-14.4668386101723
-7.05793734192848
6.85035690665245
-2.70433381199837
7
-0.813216662406922
-7.98191349506378
1.88235844969749
0.764415669441224
0.665268522500995
8.91738941669464
0.115718990564344
7
4.0097482919693
10.8500243604183
-2.22973368167877
10.5955915749073
0.531685930490495
7.30457764267921
-8.30451726317405
7
4.21530258655548
-7.26696076989174
-0.318640512228004
3.99526168107986
4.34092733860016
7.40533860325814
4.05010012984276
7
1.24565331935883
-12.5806154668331
-2.23415161967278
-6.13222910761833
6.48997336626052
3.21341026425361
0.552843171358111
6
7
9.48548245429993
-1.91179393529892
10.846162378788
1.90942502617836
0.11592829227448
0.565545493364331
-6.31489533185959
7
8.47406453490258
2.15544449090958
8.94273442626
-3.95304483175277
-1.31443704962731
-2.16618070602418
1.36708458065987
7
-5.80988810658455
-13.1694685876369
6.99386487007141
-5.0775506734848
5.97810112833977
4.12082152366639
2.05574107170105
7
-13.9818118751049
-8.94790524840355
-2.10050858855248
3.14958454370499
0.370544528961178
1.45019562840462
3.22806490063667
7
-5.95421494841576
0.00673310160636681
-18.6936064183712
-7.04510707259178
4.86937065124511
-13.4542575836182
2.30680240392685
7
-1.58512718677521
2.35413478016853
-5.477583527565
9.28242494463921
-7.25507739782335
3.4542991578579
9.93862295746803
2
7
-7.98600162267685
5.33122866749763
-3.05410988926887
-8.75347977876663
-6.74583984613419
1.03005267381668
7.66463691592216
7
2.66656589508057
1.93374605178833
3.81828407645225
2.89736158251763
4.00021868348123
3.45741045475006
-1.6339400947094
|FiveLongFeelerGenome 30
3
6
7
2.28038041591644
2.18614028692246
11.3221486926079
4.39638884663582
-18.196121352911
-1.73009263277054
-2.02138975262642
7
-12.553696334362
8.15190803408623
5.32221512794495
-14.4668386101723
-6.23187792301178
7.99778484106064
-3.1302566587925
7
-0.781172919273377
-7.60085356235504
1.6756673514843
0.864213514328003
1.45476685762406
8.58819553852082
-0.256029957532885
7
3.82391018867493
10.8500243604183
-1.62805756926537
11.2284193634987
0.393357813358308
7.5474185526371
-8.30451726317405
7
3.62822466492652
-7.36065812706947
-2.54048799276351
3.31097666025161
4.38622696995735
8.06078209877014
3.26658160090446
7
1.00177221298218
-14.1297438263893
-1.56329418420792
-6.51543958187104
6.67901501059531
4.50457431077957
-0.154620122909544
6
7
8.36851699352265
-2.46526519060135
11.6557703435421
1.78199470639229
-0.678718400001521
0.0408061325550046
-5.48187996149063
7
6.52764496207238
6.03665987253189
9.3224401831627
-4.78711586594581
-2.32615402340889
-4.24142400622368
2.69225733876228
7
-7.85825780034065
-11.9975154995918
5.83685449361801
-6.82849628925323
6.2782385468483
4.95464720726014
3.1778327703476
7
-12.1372205615044
-9.09564219713211
-2.38765202760697
2.82002719044685
2.45175724625587
1.2997472345829
1.23496881127357
7
-4.59354533553123
1.07585422992706
-16.9938784778118
-6.0382050216198
3.29940977096558
-8.28018096089363
2.79181020259858
7
-1.57313141822815
2.23972519040108
-5.96572239398956
9.34016739726067
-6.0398091197014
3.08000448942185
9.93862295746803
2
7
-7.12476111650467
4.52311757206917
-4.0871543765068
-7.98628740906716
-6.93748661279679
0.479168838262558
7.48894619941711
7
4.96440591812134
1.90882275104523
4.9955769598484
3.71363971829415
4.25668977499009
4.55438564419746
-2.34616981744767
|FiveLongFeelerGenome 30
3
6
7
1.69253248572349
1.33409340977669
10.89673153162
4.29588622450828
-17.5622587144375
-0.269232410192489
-0.773022800683976
7
-11.4179729521275
7.66254586577416
6.03492362499237
-13.93661724329
-6.97017567753792
7.01327909231186
-2.99722586870194
7
0.594639497995376
-7.15222728252411
2.32611197829246
1.1413368999958
0.112246233224872
8.82847447395325
0.200745588541029
7
5.04248782992363
12.0001944601536
-4.5446419775486
12.0848682463169
-0.992387002706527
5.18752215504646
-8.97811596989632
7
3.62534763813018
-7.26696076989174
-0.144309604167931
3.51990829706192
3.78793804049492
6.99204924702645
3.98808752894401
7
1.18445296287537
-13.4989782452583
-0.890125793218613
-5.23619294762612
8.26821693181991
3.03951308727264
-0.0908655881881689
6
7
9.31091778278351
-2.21675820350647
11.4250755667686
1.8492051422596
-0.130858111381526
0.0408061325550046
-5.42647117376328
7
7.4805075109005
2.84998441934586
9.12856609225274
-4.50576499700546
-1.54486727118492
-0.985237050056463
1.0030675470829
7
-5.80988810658455
-11.9842789053917
5.89931509494782
-6.49585843682289
6.12049052119255
5.68561444878579
1.63034973144531
7
-12.1372205615044
-9.69790018796921
-2.83097130656243
2.82002719044685
2.45175724625587
0.770185762643814
1.23496881127357
7
-5.80054734945297
2.00974746346473
-18.8255835294724
-7.02973991036415
4.75149554014206
-12.1515186071396
2.52089033722878
7
-2.59384309053421
3.09077914953232
-7.62126215696335
10.6906263947487
-10.2281077325344
0.64430063962937
8.96356854438782
2
7
-6.18135655522347
4.02123048901558
-2.88057731389999
-8.98449486494065
-6.21329110860825
0.192559659481049
7.75132238864898
7
4.96440591812134
2.26326086521149
4.9955769598484
3.71363971829415
4.13362423181535
5.22194871902466
-2.34616981744767
|FiveLongFeelerGenome 30
3
6
7
2.17619132995605
2.17997235059738
10.9367774665356
4.07488443255424
-17.4231748223305
-1.27345432639122
-1.20805421471596
7
-11.1805067420006
8.31096966266632
5.83289182782173
-14.4357985138893
-7.24080999493599
8.25928326845169
-2.93544265031815
7
-0.388708233833313
-7.49281026721001
2.15987209677696
1.36044176220894
0.221087127923968
8.52013766765595
0.283821111917494
7
2.9572144985199
11.2019234597683
-1.41349799633026
10.486072832346
1.1066158592701
6.689465290308
-8.30451726317405
7
2.42732946872711
-7.45623124241829
-0.856952780485146
3.26313112974166
3.78793804049492
7.39480431675911
4.59372853636742
7
0.828608351945877
-12.5175567686558
-1.79572426080704
-4.72074347138405
8.94796916246413
4.00320496559143
0.830447924137118
6
7
9.61260814666748
-2.512422144413
10.843212556839
1.24206857085228
0.588923192024236
-0.606127804517749
-6.71679139733315
7
7.95489272475243
2.75757631063461
9.12555772662164
-3.46301747560501
-1.3917459666729
-1.53577897548676
0.885936695337296
7
-5.04839122891426
-11.4189051151276
6.42671084403992
-6.8042749941349
5.54244958758354
6.19374033212662
1.10320181846619
7
-12.0683896958828
-9.35569886565209
-2.77407248020173
4.54107382893562
2.00081877708435
2.29871903061867
1.28986039757728
7
-4.53578371405601
0.477918100357054
-16.9938784778118
-6.0382050216198
3.19850222468376
-8.61392025351524
3.10333597660065
7
-2.98602367639542
3.20053414106369
-7.31479924917221
11.221752756834
-10.2281077325344
0.67751117944718
8.37948799133301
2
7
-5.86086977124215
4.42936056256294
-2.88057731389999
-8.76326542496681
-6.15754801034928
0.192559659481049
7.57117144465446
7
4.88342502117157
2.94398373365402
5.09152503013611
4.07099421620369
4.25844626426698
1.62989810705185
-2.90527541041375
|FiveLongFeelerGenome 30
3
6
7
2.19978990554809
2.07778590917587
11.1263621687889
4.2038836479187
-17.9757940471172
-1.91095833182335
-1.64736850857735
7
-12.1991221785545
8.74596311450005
5.9024028301239
-14.6104515910149
-6.23187792301178
7.99778484106064
-3.21663988232613
7
-0.273881936073304
-7.01311819553375
1.63754708170891
1.09235012531281
1.51759822964669
8.32464017868042
0.53695197701454
7
4.61371247172356
11.527364641428
-2.94728009700775
11.9807190716267
-0.504645818471908
5.99725258946419
-9.29104105234146
7
4.33166418075561
-7.56459985375404
-0.300345200300209
3.40404550433158
3.44998328089714
7.35359085202217
4.05010012984276
7
1.00177221298218
-13.2819998383522
-1.22568904161453
-6.23098407387734
5.86833686232566
4.82477227449417
1.25577335357666
6
7
9.1726529121399
-2.28683459758759
11.4881866216659
1.72296443581581
-0.145211005210871
0.0655383884906735
-5.83280795812607
7
9.58618916273118
2.79369475841522
11.5666512966156
-5.65467236638069
-3.75681650638581
-2.50366742014885
0.712066930532456
7
-5.80988810658455
-12.2529662787914
6.28139770030976
-5.90938251018524
6.0037625014782
5.73478493690491
1.48946623802185
7
-12.2347694098949
-9.34549073576927
-2.39368571043015
2.49970920681953
2.88853560090065
1.6368486225605
1.02290950417518
7
-5.18318828940391
1.73545055389404
-17.3880210101604
-6.0382050216198
3.00218260288238
-8.78071778416633
2.47946687340737
7
-1.71476618051529
2.78871628046036
-6.51058014631271
11.8526789486408
-9.90222341418267
-0.276228129863733
9.63227250576019
2
7
-5.83136797547341
2.19909314513206
-2.74237649440765
-9.24758661389351
-8.10456095933914
-1.39207623004913
11.3769840121269
7
4.56767179965973
1.94136188030243
5.42295306324958
3.26441190838814
3.50655682682992
4.56412708759308
-3.57652477025986
