40
692
|2
6
5
-1.03014398217201
2.00311434864998
0.627063882350922
-2.09441874027252
-0.596930223703384
5
-1.76724807620049
2.98782183527947
1.12257750928401
-1.40022889971733
-1.61416397988796
5
-1.10017617046833
0.94613350629806
0.819147637486461
-2.07171145379543
-1.12084811329842
5
0.133742788434025
-1.09259281456471
-2.29707517623902
1.99757363498211
0.894592207670217
5
-1.49329281151295
-1.36783965229988
-2.41807563900947
0.788833862543108
0.689202195405956
5
-1.28213207125664
-2.11149643957614
2.32298273444175
-0.0731190383434303
-1.88035573661328
2
7
1.67525104880333
3.77389643490314
2.27212837934493
-3.40368236303329
-0.90513606667519
0.536355805397033
-1.89866706430912
7
0.555426615476609
0.799512732028957
0.66009440124035
0.526133862137796
-0.012453514337546
-0.187662279605865
0.793644809722899
|2
6
5
-1.09207890629769
1.98372601866722
0.982853293418885
-1.19738608598709
-0.130868878960609
5
-1.89979140162468
2.39212305247785
1.35991044938563
-1.80822539031506
-1.52307495474815
5
-1.34038905203342
0.888663163781161
1.49332322478294
-2.12673904597758
-2.28014083504678
5
0.0228517472743947
-1.11124238371849
-2.01112363934517
1.97332603633403
0.902087935805326
5
-1.4411308914423
-1.70232703089714
-2.31288651823997
0.714465039968492
0.868848687410349
5
-1.61040895581245
-2.49282166063785
2.56753838956355
0.544003388285636
-2.09122588634492
2
7
1.13033625483513
3.98961441814898
2.04257177114486
-3.29254649877548
-0.872992831468586
0.349892237782478
-1.26356867849827
7
0.343330329656601
1.31074718832969
0.278952285647393
0.931053823232652
-0.426259356737143
-0.0232883930206295
0.624190989136695
|2
6
5
-1.18190540671349
1.94303704202175
1.00425356626511
-1.38781005144119
-0.148264291882515
5
-1.90561032891274
2.62776502966882
1.36413177251815
-1.91322424411774
-1.52307495474815
5
-1.84059768021106
1.1599779754877
1.38378759324551
-2.43080328106879
-2.28032669425011
5
-0.406875088810925
-0.87630304694176
-1.90892046093941
1.8980652987957
1.01681055724621
5
-1.74737918674946
-1.3029818713665
-2.2865241587162
0.511600703001023
0.814435070753092
5
-1.61040895581245
-2.30317975580692
2.56753838956355
0.544003388285636
-1.81626391410829
2
7
1.13033625483513
3.81217570602893
2.0768166065216
-3.08484857976436
-1.01634688973427
0.253315690159797
-1.02923212349415
7
0.255769401788712
1.03952603936195
0.546865233778954
1.02728028893471
-0.354277226328856
-0.183333659172058
0.550936892628669
|2
6
5
-1.18190540671349
1.94303704202175
1.00425356626511
-1.38781005144119
-0.311582711338997
5
-1.90561032891274
2.62776502966882
1.36413177251815
-1.91322424411774
-1.52307495474815
5
-1.84059768021106
1.1599779754877
1.38378759324551
-2.43080328106879
-2.28032669425011
5
-0.406875088810925
-0.87630304694176
-1.90892046093941
1.8980652987957
1.01681055724621
5
-1.68811005651951
-1.3029818713665
-2.56232648491859
0.511600703001023
0.814435070753092
5
-1.61040895581245
-2.30317975580692
2.56753838956355
0.544003388285636
-1.81626391410829
2
7
1.13033625483513
3.81217570602893
2.0768166065216
-3.08484857976436
-1.01634688973427
0.253315690159797
-1.02923212349415
7
0.255769401788712
1.03952603936195
0.546865233778954
1.02728028893471
-0.354277226328856
-0.0232883930206295
0.550936892628669
|2
6
5
-1.11619336009026
1.7962949693203
1.00395093262196
-2.19079236984253
-0.276635056734085
5
-2.05481786131859
2.93829086720944
1.20269487798213
-2.04001308679581
-1.29551233649254
5
-1.11344512999057
0.888663163781161
1.25351929068565
-2.02152009904384
-2.34202758669854
5
-0.336739820241932
-0.6796476662159
-1.94109570384026
2.08255130052566
0.662682569026953
5
-1.66209253072739
-1.39149047732353
-2.74359671473503
0.995816892385484
0.508373814821239
5
-1.38242912888526
-2.05738412439823
2.77582021653652
0.632674357295035
-0.732359933853158
2
7
1.18439603447914
3.98563165962695
2.32612661123275
-3.16086373329162
-1.153068202734
0.269444572925567
-1.23319094479084
7
0.343330329656601
1.05857068896293
0.432158491015435
0.931053823232652
-0.163715404272086
-0.0232883930206295
0.624190989136695
|2
6
5
-1.38861638903618
1.94303704202175
1.00425356626511
-1.3071061104536
-0.355188670754433
5
-1.89979140162468
2.34898888468743
1.36413177251815
-1.91322424411774
-1.52307495474815
5
-1.05428718626499
0.726786351203913
0.701025861501697
-1.85598711371422
-1.37847607731819
5
0.0808148652315104
-1.46335592567921
-1.87978897094727
2.52430325746536
0.913869306445127
5
-1.61046053469181
-1.34119144082069
-2.2092310488224
0.881068164110185
0.701517146825786
5
-1.28213207125664
-1.85035049021243
2.25274558663367
-0.0731190383434303
-1.88486177623272
2
7
1.13033625483513
3.81217570602893
2.0768166065216
-3.08484857976436
-1.01634688973427
0.253315690159797
-1.02923212349415
7
0.255769401788712
1.03952603936195
0.643811058998109
1.02728028893471
-0.354277226328856
-0.183333659172058
0.550936892628669
|2
6
5
-1.18190540671349
1.94303704202175
1.00425356626511
-1.38781005144119
-0.148264291882515
5
-1.90561032891274
2.62776502966882
1.07104321718215
-1.91322424411774
-1.52307495474815
5
-1.84059768021106
1.1599779754877
1.38378759324551
-2.43080328106879
-2.28032669425011
5
-0.406875088810925
-0.87630304694176
-1.90892046093941
1.8980652987957
1.01681055724621
5
-1.74737918674946
-1.3029818713665
-2.2865241587162
0.511600703001023
0.814435070753092
5
-1.61040895581245
-2.30317975580692
2.56753838956355
0.544003388285636
-1.81626391410829
2
7
1.71970794796944
3.77389643490314
2.27212837934493
-3.40368236303329
-1.02222947478295
0.536355805397033
-1.77992860376835
7
0.555426615476609
0.799512732028957
0.66009440124035
0.526133862137796
-0.194653397798545
-0.112431108951568
0.793644809722899
|2
6
5
-1.09207890629769
1.98372601866722
0.691568613052369
-1.19738608598709
-0.130868878960609
5
-1.89979140162468
2.39212305247785
1.35991044938563
-1.80822539031506
-1.52307495474815
5
-1.11344512999057
0.800788453221316
1.40794329047203
-1.61264892220496
-2.34202758669854
5
-0.00621199011803079
-0.4481190353632
-2.00274366736412
1.92462241351604
0.86352112293244
5
-1.44761630296707
-1.2068265736103
-2.27576564848422
1.25163050293923
0.854761001467701
5
-1.61040895581245
-2.30317975580692
2.56753838956355
0.544003388285636
-1.80247889757157
2
7
1.37633945345879
3.98961441814898
2.04257177114486
-3.29254649877548
-1.13429227471352
0.339226514101028
-1.5993894726038
7
0.255769401788712
1.05534116625785
0.546865233778954
1.02728028893471
-0.353073424100882
-0.0232883930206295
0.47591439783573
|2
6
5
-1.33634313941002
1.51567596793175
1.14832591116428
-2.25814714431763
-0.210579150915146
5
-1.9143161803484
2.63932016491891
0.9563098758459
-1.88548480272294
-1.29551233649254
5
-1.34038905203342
0.888663163781161
1.49332322478294
-2.12673904597758
-2.28014083504678
5
0.0228517472743947
-1.11124238371849
-2.01112363934517
1.97332603633403
0.902087935805326
5
-1.4411308914423
-1.70232703089714
-2.31288651823997
0.501961773633958
0.868848687410349
5
-1.61040895581245
-2.49282166063785
2.56753838956355
0.544003388285636
-2.09122588634492
2
7
1.13033625483513
3.98961441814898
2.04257177114486
-3.29254649877548
-0.872992831468586
0.349892237782478
-1.26356867849827
7
0.343330329656601
1.31074718832969
0.278952285647393
0.931053823232652
-0.426259356737143
-0.0232883930206295
0.624190989136695
|2
6
5
-1.12237435877323
1.98429504036904
0.982853293418885
-1.19738608598709
-0.0812845259904861
5
-1.89979140162468
2.39212305247785
1.37924856841563
-1.963075324893
-1.52307495474815
5
-1.34038905203342
0.888663163781161
1.51355226635933
-2.12673904597758
-2.28014083504678
5
-0.00373005270958354
-1.19694150090218
-2.01112363934517
1.97332603633403
1.02962045669556
5
-1.4411308914423
-1.81406403183937
-2.31288651823997
0.714465039968492
0.868848687410349
5
-1.61040895581245
-2.49282166063785
2.56753838956355
0.633894073963164
-2.09122588634492
2
7
1.13033625483513
3.71760330498218
2.04257177114486
-3.17472157180309
-0.872992831468586
0.349892237782478
-1.46839529275894
7
0.0873380839824681
1.31711954474449
0.235696229338647
0.931053823232652
-0.686441105604178
-0.128988027572631
0.439962032437323
|2
6
5
-1.22743926644325
1.98429504036904
0.982853293418885
-1.13546299934387
-0.0812845259904861
5
-1.89979140162468
2.39212305247785
1.37924856841563
-1.963075324893
-1.52307495474815
5
-1.34038905203342
0.888663163781161
1.51355226635933
-2.12673904597758
-2.28014083504678
5
-0.084477597475056
-1.19694150090218
-2.01112363934517
1.97332603633403
0.902087935805326
5
-1.4411308914423
-1.70232703089714
-2.31288651823997
0.714465039968492
0.868848687410349
5
-1.61040895581245
-2.35648505687713
2.56753838956355
0.500583386421203
-2.09122588634492
2
7
1.13033625483513
3.71760330498218
2.04257177114486
-3.29254649877548
-0.872992831468586
0.349892237782478
-1.46839529275894
7
0.0870299875736241
1.05857068896293
0.235696229338647
0.931053823232652
-0.686441105604178
-0.341028094291687
0.439962032437323
|2
6
5
-1.33634313941002
1.51567596793175
1.14832591116428
-2.25814714431763
-0.276635056734085
5
-1.90328868925572
2.63932016491891
1.20269487798213
-2.08144534826279
-1.27432871460914
5
-0.976775395870211
0.94613350629806
0.819147637486461
-1.83871181905269
-0.855210357904436
5
0.128500249981877
-0.949305784702306
-2.29707517623902
2.05104075372219
0.894592207670217
5
-1.49329281151295
-1.59234340786934
-2.41807563900947
0.788833862543108
0.689202195405956
5
-1.55101062357425
-2.12831356823444
2.43276579976081
0.717875692248343
-1.4056491225958
2
7
1.13033625483513
3.98961441814898
2.04257177114486
-3.29254649877548
-0.726393666863445
0.349892237782478
-1.68692525923252
7
0.0873380839824681
1.05857068896293
0.235696229338647
0.730308681726456
-0.39893411993981
-0.128988027572631
0.62103957235813
|2
6
5
-1.11619336009026
0.943295639753344
0.722055557370186
-2.26684876680374
-0.446100169420242
5
-2.28091084361077
2.66796934008599
1.186191496253
-1.5857038140297
-1.53663677573204
5
-1.11344512999057
0.800788453221316
1.40794329047203
-1.61264892220496
-2.34202758669854
5
-0.056579476594929
-0.4481190353632
-1.97188935875893
1.9459447234869
0.86352112293244
5
-1.15609015226364
-1.35048286318779
-2.27233689129352
1.25163050293923
0.854761001467701
5
-1.71723887324333
-2.30317975580692
2.56753838956355
0.544003388285636
-1.80247889757157
2
7
1.1194768846035
3.56604422628879
2.06621941328048
-2.83006182610988
-0.623870331048969
0.417367219924926
-0.805448603630066
7
0.343330329656601
0.903979793190952
0.546865233778954
1.02728028893471
0.0497932702302869
0.0243639111518864
0.400289371609687
|2
6
5
-1.38861638903618
1.94303704202175
1.00425356626511
-1.38781005144119
-0.311582711338997
5
-2.0028689801693
2.36628554761411
1.90342395007609
-1.06332156062126
-2.03048458993435
5
-1.34001797735691
0.789747989177699
0.701025861501697
-1.85598711371422
-1.31843704581261
5
-0.148376318812374
-1.46335592567921
-1.87978897094727
2.29757713079452
0.913869306445127
5
-1.61046053469181
-1.49860335886478
-2.2092310488224
0.764991205930711
0.701517146825786
5
-1.99081224799156
-2.05738412439823
2.31655039489269
0.54563703238964
-1.37277332246304
2
7
1.31213902831078
3.81217570602893
2.0768166065216
-3.08484857976436
-1.01634688973427
0.253315690159797
-1.02923212349415
7
0.255769401788712
1.03952603936195
0.546865233778954
0.732631903886796
-0.354277226328856
-0.0471326947212215
0.550936892628669
|2
6
5
-0.911721271276476
1.7962949693203
1.33006073534489
-2.04301642179489
-0.192836025357246
5
-1.89979140162468
2.56493617892266
1.36413177251815
-1.91322424411774
-1.52307495474815
5
-1.05428718626499
0.726786351203913
0.701025861501697
-1.96537678837776
-1.37847607731819
5
0.0808148652315104
-1.64310641586781
-1.87978897094727
2.52430325746536
0.913869306445127
5
-1.61046053469181
-1.63500047326088
-2.34456426501274
0.881068164110185
0.701517146825786
5
-1.28213207125664
-2.11149643957614
2.25274558663367
-0.0731190383434303
-1.88486177623272
2
7
1.71970794796944
3.77389643490314
2.27212837934493
-3.40368236303329
-1.02222947478295
0.733967304229736
-2.0543260961771
7
0.555426615476609
0.799512732028957
0.66009440124035
0.526133862137796
-0.012453514337546
-0.401148378849029
0.793644809722899
|2
6
5
-1.18190540671349
1.73695770204068
0.738292157649994
-1.38781005144119
-0.148264291882515
5
-1.70418000817299
2.62776502966882
1.36413177251815
-1.91322424411774
-1.35169935822487
5
-1.84059768021106
0.876748004555698
1.38378759324551
-2.44812738299369
-2.28032669425011
5
-0.406875088810925
-0.87630304694176
-1.90892046093941
1.8980652987957
0.831916949152952
5
-1.74737918674946
-1.37546020150185
-2.2865241587162
0.212091439962388
0.777618604898447
5
-1.61040895581245
-2.30317975580692
2.56753838956355
0.544003388285636
-1.85879856348039
2
7
1.13033625483513
3.98961441814898
2.04257177114486
-3.29254649877548
-0.872992831468586
0.349892237782478
-1.68692525923252
7
0.255769401788712
1.03952603936195
0.496183392405511
1.02728028893471
-0.354277226328856
-0.0232883930206295
0.625755468010901
|2
6
5
-1.18190540671349
1.94303704202175
1.00425356626511
-1.26623460948467
-0.311582711338997
5
-1.89979140162468
2.08355962634088
1.36413177251815
-1.91322424411774
-1.52307495474815
5
-1.05428718626499
0.726786351203913
0.528960436582568
-1.85598711371422
-1.31843704581261
5
-0.148376318812374
-1.46335592567921
-1.87978897094727
2.42793970406055
0.913869306445127
5
-1.61046053469181
-1.63500047326088
-2.2092310488224
0.881068164110185
0.701517146825786
5
-1.67941833138465
-2.31428535282612
2.43276579976081
0.717875692248343
-1.4056491225958
2
7
1.13033625483513
3.98961441814898
2.04257177114486
-3.29254649877548
-0.872992831468586
0.349892237782478
-1.573976328969
7
0.0873380839824681
1.05857068896293
0.235696229338647
0.931053823232652
-0.39893411993981
-0.128988027572631
0.372479906678199
|2
6
5
-1.18190540671349
1.89922816455365
1.00425356626511
-1.38781005144119
-0.148264291882515
5
-1.90561032891274
2.62776502966882
1.17931398153304
-1.92693058252335
-1.67413989901542
5
-1.84059768021106
1.05010986626148
1.59505997598171
-2.43080328106879
-2.28032669425011
5
-0.406875088810925
-0.87630304694176
-1.90892046093941
1.8980652987957
1.27780172526837
5
-1.74737918674946
-1.28145235180855
-2.2865241587162
0.511600703001023
0.814435070753092
5
-1.61040895581245
-2.30317975580692
2.56753838956355
0.544003388285636
-1.81626391410829
2
7
1.13033625483513
3.98563165962695
2.0768166065216
-3.08484857976436
-1.07390462756157
0.443428519368171
-1.02923212349415
7
0.0873380839824681
1.05857068896293
0.235696229338647
0.931053823232652
-0.39893411993981
-0.128988027572631
0.117042341828345
|2
6
5
-1.27629953026772
1.94303704202175
1.00425356626511
-1.12598997354507
-0.351211383938789
5
-1.90561032891274
2.33929509520532
1.36413177251815
-1.91322424411774
-1.52307495474815
5
-1.84059768021106
1.1599779754877
1.38378759324551
-2.43080328106879
-2.46261548399926
5
-0.406875088810925
-0.87630304694176
-1.75912953913212
1.67317373156547
0.956698998808867
5
-2.03165321648121
-0.95880117714405
-2.2865241587162
0.511600703001023
0.814435070753092
5
-1.61040895581245
-2.63881547749042
2.60894272029399
0.49461494386196
-1.64126615524293
2
7
1.1194768846035
3.39874054491519
2.06621941328048
-2.83006182610988
-0.623870331048969
0.417367219924926
-0.805448603630066
7
0.112268608808518
0.903979793190952
0.546865233778954
1.02728028893471
0.043045154213899
0.0243639111518864
0.400289371609687
|2
6
5
-1.11619336009026
1.2294625222683
0.722055557370186
-2.50723291635513
-0.259768110513687
5
-2.36489091515541
2.95626425147058
1.186191496253
-1.88548480272294
-1.53663677573204
5
-1.92104825079441
1.15198810398578
1.38378759324551
-2.43080328106879
-2.28032669425011
5
-0.406875088810925
-0.87630304694176
-1.90892046093941
1.8980652987957
1.48420772254468
5
-1.74737918674946
-1.28145235180855
-2.2865241587162
0.594917973876001
0.814435070753092
5
-1.61040895581245
-2.30317975580692
2.56753838956355
0.646679913997649
-1.81626391410829
2
7
1.13033625483513
3.91547633707522
2.04257177114486
-3.21195344924926
-1.153068202734
0.395916083455085
-1.23319094479084
7
0.259964233636857
0.903979793190952
0.546865233778954
1.02728028893471
-0.254737740755087
-0.0506992459297176
0.606804186105727
|2
6
5
-1.18190540671349
1.89922816455365
1.00425356626511
-1.38781005144119
-0.148264291882515
5
-1.90561032891274
2.65077162384988
1.40598142147063
-1.91322424411774
-1.52307495474815
5
-1.84059768021106
1.30503605008125
1.38378759324551
-2.75558692812919
-2.28032669425011
5
-0.406875088810925
-0.633559983968738
-1.90892046093941
2.15272430777549
1.01681055724621
5
-1.39925338327884
-1.56196753382683
-2.56232648491859
0.762356445193292
0.868848687410349
5
-1.61040895581245
-2.0991308838129
2.49323994815349
0.546047481894492
-1.81626391410829
2
7
1.13033625483513
3.88131743967532
2.04257177114486
-3.29254649877548
-0.834147256612782
0.349892237782478
-1.77416189014912
7
0.0873380839824681
1.01737235188484
0.473783513903619
0.931053823232652
-0.208193296194083
-0.128988027572631
0.241817739605903
|2
6
5
-1.11619336009026
1.17770085930825
0.722055557370186
-2.50723291635513
-0.259768110513687
5
-2.53158727288246
2.95626425147058
1.186191496253
-1.88548480272294
-1.53663677573204
5
-1.84059768021106
1.1599779754877
1.38378759324551
-2.50545670390128
-2.28032669425011
5
-0.406875088810925
-0.87630304694176
-1.90892046093941
2.15272430777549
1.01681055724621
5
-1.39925338327884
-1.3029818713665
-2.56232648491859
0.762356445193292
0.868848687410349
5
-1.61040895581245
-2.0991308838129
2.49323994815349
0.546047481894492
-1.81626391410829
2
7
1.13033625483513
3.88131743967532
2.04257177114486
-3.32627098560333
-0.834147256612782
0.349892237782478
-1.82030936777592
7
0.0873380839824681
1.05857068896293
0.22415883243084
0.931053823232652
-0.39893411993981
-0.128988027572631
0.241817739605903
|2
6
5
-1.22743926644325
1.98429504036904
0.982853293418885
-1.19738608598709
-0.0812845259904861
5
-1.89979140162468
2.17174310386182
1.37924856841563
-1.963075324893
-1.52307495474815
5
-1.34038905203342
0.888663163781161
1.51355226635933
-2.12673904597758
-2.28014083504678
5
-0.00373005270958354
-0.906786638498309
-2.01112363934517
1.97332603633403
0.902087935805326
5
-1.4411308914423
-1.70232703089714
-2.31288651823997
0.714465039968492
0.868848687410349
5
-1.61040895581245
-2.49282166063785
2.42505576312541
0.633894073963164
-2.09122588634492
2
7
1.13033625483513
3.71760330498218
2.04257177114486
-3.29254649877548
-0.872992831468586
0.349892237782478
-1.46839529275894
7
0.0873380839824681
1.05857068896293
0.0545893281698235
0.931053823232652
-0.686441105604178
-0.128988027572631
0.439962032437323
|2
6
5
-1.2674487054348
1.7962949693203
1.00395093262196
-2.19079236984253
-0.276635056734085
5
-2.05481786131859
2.93829086720944
1.20269487798213
-2.04001308679581
-1.29551233649254
5
-1.84059768021106
1.1599779754877
1.38378759324551
-2.50545670390128
-2.28032669425011
5
-0.406875088810925
-0.87630304694176
-1.90892046093941
2.15272430777549
1.01681055724621
5
-1.74737918674946
-1.3029818713665
-2.2865241587162
0.511600703001023
0.600427514314646
5
-1.61040895581245
-2.30317975580692
2.56753838956355
0.512856969237327
-2.02849130630494
2
7
1.13033625483513
3.98563165962695
2.0768166065216
-3.08484857976436
-1.07390462756157
0.443428519368171
-0.764976599812508
7
0.28660461306572
1.03952603936195
0.775231370329858
1.02728028893471
-0.354277226328856
-0.0232883930206295
0.550936892628669
|2
6
5
-1.11619336009026
1.03207167983055
0.722055557370186
-2.3622554063797
-0.688222461938858
5
-2.05481786131859
2.6836208164692
1.3729890435934
-1.88548480272294
-1.53663677573204
5
-1.2587096452713
0.987323313951488
1.25547351241112
-2.12673904597758
-2.18111118376256
5
-0.423595228791241
-0.87630304694176
-1.92172271609307
1.8980652987957
0.83079564273358
5
-1.39925338327884
-1.3029818713665
-2.56232648491859
0.260425347089769
0.824706715345377
5
-1.61040895581245
-2.36289542019367
2.59915727078914
0.49461494386196
-1.63972073793412
2
7
1.13033625483513
3.43884904682635
2.0768166065216
-3.08484857976436
-1.01634688973427
0.253315690159797
-1.02923212349415
7
-0.188881129026412
1.03952603936195
0.546865233778954
1.02728028893471
-0.354277226328856
-0.0932881206274029
0.69280907511711
|2
6
5
-1.18190540671349
1.94303704202175
1.00425356626511
-1.11545512378216
-0.311582711338997
5
-1.89979140162468
2.62776502966882
1.36413177251815
-1.91322424411774
-1.52307495474815
5
-1.84059768021106
1.1599779754877
1.38378759324551
-2.43080328106879
-2.4608112514019
5
0.0228517472743947
-1.11124238371849
-2.01112363934517
1.80288746058941
0.902087935805326
5
-1.61046053469181
-1.49860335886478
-2.2092310488224
0.764991205930711
0.701517146825786
5
-1.99081224799156
-2.05738412439823
2.31655039489269
0.54563703238964
-1.40999333560468
2
7
1.31213902831078
3.81217570602893
1.80854542255401
-3.08484857976436
-1.01634688973427
0.253315690159797
-1.02923212349415
7
0.255769401788712
1.03952603936195
0.546865233778954
1.02728028893471
-0.354277226328856
-0.0471326947212215
0.550936892628669
|2
6
5
-0.911721271276476
1.7962949693203
1.33006073534489
-2.04301642179489
-0.192836025357246
5
-2.24245576262474
2.4187449425459
1.90342395007609
-1.06332156062126
-2.03048458993435
5
-1.34001797735691
0.789747989177699
0.701025861501697
-1.85598711371422
-1.31843704581261
5
-0.148376318812374
-1.60616098940373
-1.87978897094727
2.29757713079452
0.913869306445127
5
-1.4411308914423
-1.70232703089714
-2.31288651823997
0.714465039968492
0.868848687410349
5
-1.70188254714012
-2.08739453852177
2.57609839141368
0.717875692248343
-1.4056491225958
2
7
1.13033625483513
3.98961441814898
2.04257177114486
-3.29254649877548
-0.872992831468586
0.349892237782478
-1.573976328969
7
0.255769401788712
1.03952603936195
0.481659910082818
1.02728028893471
-0.354277226328856
0.0609703779220585
0.859277024865149
|2
6
5
-1.09207890629769
1.98372601866722
1.03364185094833
-1.19738608598709
-0.130868878960609
5
-1.89979140162468
2.39212305247785
1.35991044938563
-1.80822539031506
-1.52307495474815
5
-1.34038905203342
0.888663163781161
1.26411601901054
-2.12673904597758
-2.28014083504678
5
0.0228517472743947
-1.11124238371849
-2.01112363934517
1.97332603633403
0.902087935805326
5
-1.74260635674
-1.66818165183067
-2.41807563900947
0.788833862543108
0.689202195405956
5
-1.46337537169457
-2.39058400690555
2.32298273444175
-0.221940618753434
-1.88035573661328
2
7
1.67525104880333
3.70916225016116
2.27212837934493
-3.40368236303329
-0.970755738019947
0.536355805397033
-1.89866706430912
7
0.373639076948166
0.799512732028957
0.66009440124035
0.526133862137796
-0.012453514337546
-0.187662279605865
0.793644809722899
|2
6
5
-1.03014398217201
2.00311434864998
0.627063882350922
-2.09441874027252
-0.596930223703384
5
-1.76724807620049
2.98782183527947
1.12257750928401
-1.27311122715473
-1.61416397988796
5
-1.02667627632618
0.94613350629806
0.547600939869884
-2.30034659802913
-1.12084811329842
5
0.133742788434025
-1.09259281456471
-2.29707517623902
1.99757363498211
0.894592207670217
5
-1.29508805274963
-1.70232703089714
-2.31288651823997
0.714465039968492
1.16373103260993
5
-1.63892080187797
-2.49282166063785
2.56753838956355
0.544003388285636
-2.09122588634492
2
7
1.1194768846035
3.56604422628879
2.06621941328048
-2.83006182610988
-0.529109683632854
0.258709406852722
-0.560748529434204
7
0.343330329656601
0.877210381627079
0.546865233778954
1.02728028893471
0.043045154213899
0.165762236714363
0.288544359803199
|2
6
5
-1.11619336009026
1.2294625222683
0.722055557370186
-2.51569092273712
-0.446100169420242
5
-2.28091084361077
2.66796934008599
1.186191496253
-1.99259202480317
-1.53663677573204
5
-1.84059768021106
1.1599779754877
1.38378759324551
-2.76203152537345
-2.28032669425011
5
-0.406875088810925
-0.87630304694176
-1.90892046093941
2.15272430777549
0.914964398741728
5
-1.74737918674946
-1.02024571299553
-2.2865241587162
0.511600703001023
0.814435070753092
5
-1.61040895581245
-2.07470161020756
2.56753838956355
0.536308631300925
-2.02849130630494
2
7
1.13033625483513
3.60946693718432
2.0768166065216
-3.08484857976436
-1.01634688973427
0.253315690159797
-1.18290589153767
7
0.255769401788712
1.03952603936195
0.546865233778954
1.02728028893471
-0.101498696208007
-0.0232883930206295
0.550936892628669
|2
6
5
-1.18190540671349
1.89922816455365
1.15860553979874
-1.38781005144119
-0.148264291882515
5
-1.90561032891274
2.62776502966882
1.36413177251815
-1.91322424411774
-1.52307495474815
5
-1.84059768021106
1.1599779754877
1.60619078576565
-2.43080328106879
-2.28032669425011
5
-0.630756071209912
-0.87630304694176
-1.90892046093941
1.8980652987957
1.27780172526837
5
-1.74737918674946
-1.28145235180855
-2.2865241587162
0.511600703001023
0.814435070753092
5
-1.61040895581245
-2.30317975580692
2.56753838956355
0.544003388285636
-1.81626391410829
2
7
1.13033625483513
3.98961441814898
2.04257177114486
-3.29254649877548
-0.749298372864727
0.349892237782478
-1.573976328969
7
0.259964233636857
0.903979793190952
0.546865233778954
1.02728028893471
-0.320253762602812
-0.0232883930206295
0.606804186105727
|2
6
5
-1.18190540671349
1.73695770204068
1.00425356626511
-1.38781005144119
-0.148264291882515
5
-1.70418000817299
2.62776502966882
1.36413177251815
-1.62102367877961
-1.35169935822487
5
-1.84059768021106
0.876748004555698
1.38378759324551
-2.44812738299369
-2.28032669425011
5
-0.406875088810925
-0.87630304694176
-1.90892046093941
1.8980652987957
0.946405252814299
5
-1.74737918674946
-1.3029818713665
-2.3948640525341
0.386267334222795
0.571944707632059
5
-1.61040895581245
-2.30317975580692
2.56753838956355
0.512856969237327
-2.02849130630494
2
7
1.13033625483513
3.63665609657763
1.83612389564513
-3.08484857976436
-1.01634688973427
0.253315690159797
-1.02923212349415
7
0.0523558914661412
1.03952603936195
0.546865233778954
1.17196507155895
-0.354277226328856
-0.0932881206274029
0.69280907511711
|2
6
5
-1.2674487054348
1.7962949693203
1.00395093262196
-2.19079236984253
-0.276635056734085
5
-2.05481786131859
2.93829086720944
1.20269487798213
-2.04001308679581
-1.29551233649254
5
-1.90340975821018
1.1599779754877
1.38378759324551
-2.50545670390128
-2.28032669425011
5
-0.406875088810925
-0.87630304694176
-1.90892046093941
2.15272430777549
1.01681055724621
5
-1.58589031994343
-1.3029818713665
-2.35315076708793
0.212091439962388
0.777618604898447
5
-1.51920255720615
-2.30317975580692
2.56753838956355
0.544003388285636
-1.85879856348039
2
7
1.13033625483513
3.98961441814898
2.04257177114486
-3.29254649877548
-0.872992831468586
0.349892237782478
-1.573976328969
7
0.0873380839824681
1.16290310323238
0.235696229338647
0.997594887018205
-0.39893411993981
-0.128988027572631
0.372479906678199
|2
6
5
-1.27912486195564
1.94303704202175
1.1971571803093
-1.38781005144119
-0.311582711338997
5
-1.78303638994694
2.62776502966882
1.36413177251815
-1.91322424411774
-1.52307495474815
5
-1.84059768021106
1.1599779754877
1.38378759324551
-2.43080328106879
-2.28032669425011
5
-0.441128936409954
-0.87630304694176
-1.90892046093941
1.8980652987957
1.01681055724621
5
-1.4411308914423
-1.70232703089714
-2.31288651823997
0.811652192473413
0.868848687410349
5
-1.61040895581245
-2.49282166063785
2.56753838956355
0.544003388285636
-2.32920384407044
2
7
1.13033625483513
4.23741187155246
2.27318738698958
-3.29254649877548
-0.872992831468586
0.349892237782478
-1.26356867849827
7
0.343330329656601
1.31074718832969
0.482043108344079
0.931053823232652
-0.572019499540335
0.204831695556641
0.624190989136695
|2
6
5
-1.11619336009026
1.26789360642433
0.901959219574929
-2.29980217218399
-0.688222461938858
5
-1.89979140162468
2.39212305247785
1.35991044938563
-1.80822539031506
-1.52307495474815
5
-1.34038905203342
0.888663163781161
1.49332322478294
-2.1398841947317
-2.28014083504678
5
0.0228517472743947
-1.11124238371849
-2.020459908247
1.97332603633403
0.902087935805326
5
-1.68811005651951
-1.3029818713665
-2.56232648491859
0.511600703001023
0.694993335008616
5
-1.4309978544712
-2.30317975580692
2.56753838956355
0.544003388285636
-1.63536465168
2
7
1.13033625483513
3.74752391874789
2.0768166065216
-3.08484857976436
-1.01634688973427
0.253315690159797
-1.02923212349415
7
0.0873380839824681
0.962881880998607
0.235696229338647
0.931053823232652
-0.39893411993981
-0.128988027572631
0.372479906678199
|2
6
5
-1.11619336009026
1.2294625222683
0.722055557370186
-2.50723291635513
-0.226137179136276
5
-2.36489091515541
2.95626425147058
1.186191496253
-1.88548480272294
-1.53663677573204
5
-1.84059768021106
1.1599779754877
1.38378759324551
-2.55199020504951
-2.28032669425011
5
-0.406875088810925
-0.87630304694176
-1.90892046093941
2.15272430777549
1.01681055724621
5
-1.39925338327884
-1.3029818713665
-2.62535371184349
0.762356445193292
0.868848687410349
5
-1.61040895581245
-2.0991308838129
2.67699107825755
0.546047481894492
-1.81626391410829
2
7
1.18439603447914
3.98563165962695
2.1735937476158
-3.16086373329162
-1.153068202734
0.269444572925567
-1.23319094479084
7
0.343330329656601
1.05857068896293
0.248304256796838
0.931053823232652
-0.410157269239432
-0.0232883930206295
0.324366655945777
|2
6
5
-1.11619336009026
1.16948185563088
1.14832591116428
-2.29980217218399
-0.276635056734085
5
-1.73309300541878
2.35194843411447
1.20269487798213
-2.18383306264878
-1.65217346549034
5
-1.11344512999057
0.888663163781161
1.25351929068565
-1.9075156033039
-2.34202758669854
5
-0.056579476594929
-0.617253485322002
-2.06828859448433
2.04637950360775
0.86352112293244
5
-1.79518735408783
-1.39149047732353
-2.74359671473503
0.995816892385484
0.268129426240917
5
-1.38242912888526
-2.15695662796497
2.77582021653652
0.632674357295035
-0.732359933853158
2
7
1.13033625483513
3.88131743967532
2.04257177114486
-3.29254649877548
-0.834147256612782
0.349892237782478
-1.77416189014912
7
0.0873380839824681
1.05857068896293
0.22415883243084
0.931053823232652
-0.478326112031943
-0.128988027572631
0.241817739605903
|2
6
5
-1.18190540671349
1.94303704202175
1.00425356626511
-1.11545512378216
-0.311582711338997
5
-1.89979140162468
2.62776502966882
1.36413177251815
-1.91322424411774
-1.52307495474815
5
-1.84059768021106
1.1599779754877
1.38378759324551
-2.43080328106879
-2.28032669425011
5
0.0993514865636785
-1.11124238371849
-2.01112363934517
1.80288746058941
0.902087935805326
5
-1.4411308914423
-1.70232703089714
-2.31288651823997
0.714465039968492
0.868848687410349
5
-1.70188254714012
-1.87406193315983
2.57609839141368
0.890152546763419
-1.4056491225958
2
7
1.13033625483513
3.98961441814898
2.04257177114486
-3.29254649877548
-0.872992831468586
0.349892237782478
-1.573976328969
7
0.255769401788712
1.03952603936195
0.481659910082818
1.02728028893471
-0.354277226328856
0.167797747254372
0.836799505352973
|2
6
5
-1.11619336009026
1.2294625222683
0.564647716283799
-2.28838021755218
-0.860856872797012
5
-2.05481786131859
2.61575087904931
0.959801110625257
-1.88548480272294
-1.53663677573204
5
-1.34038905203342
1.15597890913486
1.65537202954292
-1.9363831013441
-2.18111118376256
5
-0.423595228791241
-0.671299952268604
-1.90892046093941
1.8980652987957
1.01681055724621
5
-1.39925338327884
-1.10295166373253
-2.56232648491859
0.260425347089769
0.868848687410349
5
-1.61040895581245
-2.36289542019367
2.60894272029399
0.248216173052787
-2.18367494344712
2
7
1.37633945345879
4.21255011856555
2.04257177114486
-3.29254649877548
-1.13429227471352
0.339226514101028
-1.5993894726038
7
0.255769401788712
1.03952603936195
0.546865233778954
1.02728028893471
-0.232664519548422
-0.130174458026886
0.550936892628669
|2
6
5
-1.11619336009026
1.03207167983055
0.722055557370186
-2.3622554063797
-0.725760906934738
5
-2.05481786131859
2.6836208164692
1.3729890435934
-1.88548480272294
-1.53663677573204
5
-1.39501274824142
0.987323313951488
1.25547351241112
-2.12673904597758
-2.18111118376256
5
-0.423595228791241
-0.831381803750995
-1.90892046093941
1.8980652987957
0.83079564273358
5
-1.39925338327884
-1.3029818713665
-2.56232648491859
0.260425347089769
0.868848687410349
5
-1.61040895581245
-2.26404844522476
2.59915727078914
0.49461494386196
-1.63972073793412
2
7
1.13033625483513
3.98563165962695
2.0768166065216
-3.08484857976436
-1.07390462756157
0.443428519368171
-0.764976599812508
7
0.255769401788712
1.03952603936195
0.546865233778954
1.02728028893471
-0.354277226328856
-0.0232883930206295
0.550936892628669

