40
732
|2
6
5
-1.31664052605629
2.23123772740364
0.234420955181122
-2.2650023072958
-0.619472241401672
5
-2.5163310110569
2.39212305247785
1.43017773628234
-1.79245596826077
-1.52307495474815
5
-1.14429228603839
0.800788453221316
1.46265345215797
-1.37940359711646
-1.85835921168328
5
0.0228517472743947
-0.93800655901432
-1.73501403927803
2.17925964295863
0.632216224074369
5
-1.70682050287724
-1.52410525679588
-2.70239333510399
1.01852124631405
0.579157668352122
5
-1.61040895581245
-2.44413788616657
2.56753838956355
0.828167697787284
-2.14467741250993
2
7
1.69502643942833
4.19888665974139
2.13690684139728
-3.26477980613708
-0.809208014607433
0.21100677549839
-1.7513953357935
7
0.533942648768425
1.07623475193977
-0.0583373218774787
1.12301787734032
0.179223605990403
-0.362760317325592
0.380812636017799
|2
6
5
-0.945504516363142
1.74142573475838
-0.0658052980899806
-1.72060937285423
-0.442788955569267
5
-2.75082617402077
2.38944213092328
1.01886660754679
-2.0792399019003
-1.52307495474815
5
-1.14429228603839
0.941378897428507
1.60719160735607
-1.37940359711646
-1.94690962433816
5
0.0228517472743947
-0.882683065533637
-1.73501403927803
2.17925964295863
0.632216224074369
5
-1.70682050287724
-1.52410525679588
-2.8688736140728
0.977673527598382
0.579157668352122
5
-1.56341980099678
-2.18351561129093
2.43171508014201
1.20823799371719
-1.93029795885087
2
7
1.28979322314263
4.35004530251025
2.34093440771102
-3.66581672430038
-0.923151677846912
0.0821198016405104
-0.879728913307194
7
0.533942648768425
1.34999852776527
-0.0274141341447822
1.12301787734032
-0.163715404272086
-0.521568191051483
0.546913006901741
|2
6
5
-1.03014398217201
2.00311434864998
-0.0105004906654353
-2.04255319535732
-0.619472241401672
5
-2.5163310110569
2.3540985196829
1.13978205621241
-2.0792399019003
-1.52307495474815
5
-1.14429228603839
0.679646483063693
1.40794329047203
-1.53457096219062
-2.14558799862862
5
0.0228517472743947
-0.93800655901432
-2.01112363934517
2.22366890609264
0.902087935805326
5
-1.42291665375233
-1.70232703089714
-2.48385981917381
1.01852124631405
0.815688645839686
5
-1.84779525399208
-2.04586147069931
2.56753838956355
1.09651319682598
-2.14467741250993
2
7
1.28979322314263
4.35004530251025
2.34093440771102
-3.41220792531967
-0.923151677846912
0.0634611040353773
-0.879728913307194
7
0.533942648768425
1.00567688345909
-0.0274141341447822
1.12301787734032
-0.163715404272086
-0.362760317325592
0.250540998578071
|2
6
5
-1.03014398217201
2.00311434864998
-0.0105004906654353
-2.04255319535732
-0.619472241401672
5
-2.42649354040623
2.3540985196829
1.13978205621241
-2.0792399019003
-1.36116072535514
5
-1.14429228603839
0.679646483063693
1.40794329047203
-1.53457096219062
-2.14558799862862
5
0.0228517472743947
-0.93800655901432
-1.78595576882362
2.22366890609264
0.902087935805326
5
-1.32096554040909
-1.70232703089714
-2.48385981917381
1.01852124631405
0.815688645839686
5
-1.84779525399208
-2.04586147069931
2.56753838956355
1.09651319682598
-2.14467741250993
2
7
1.28979322314263
4.35004530251025
2.26198687553405
-3.41220792531967
-0.923151677846912
0.0634611040353773
-0.879728913307194
7
0.533942648768425
1.00567688345909
0.221722456812859
1.25376625955105
-0.163715404272086
-0.362760317325592
0.250540998578071
|2
6
5
-0.945504516363142
1.74142573475838
-0.0658052980899806
-1.72060937285423
-0.465029940009117
5
-2.75082617402077
2.23657831847669
1.01886660754679
-2.19279679954053
-1.52307495474815
5
-1.18159602880477
0.941378897428507
1.60719160735607
-1.37940359711646
-1.94690962433816
5
0.0228517472743947
-0.882683065533637
-1.48380106091499
2.07849559485912
0.632216224074369
5
-1.70682050287724
-1.52410525679588
-2.8688736140728
0.977673527598382
0.579157668352122
5
-1.56341980099678
-2.18351561129093
2.43171508014201
1.20823799371719
-1.93029795885087
2
7
1.28979322314263
4.53604369461535
2.34093440771102
-3.66581672430038
-0.923151677846912
0.0821198016405104
-0.879728913307194
7
0.533942648768425
1.07623475193977
-0.0274141341447822
1.22187822759152
-0.163715404272086
-0.362760317325592
0.250540998578071
|2
6
5
-0.628239208459852
2.00311434864998
0.015684619545937
-1.83554173409938
-0.759259927272797
5
-2.69940229952335
2.39212305247785
1.42598651647566
-1.79245596826077
-1.8962200820446
5
-1.31766412556171
0.800788453221316
1.40794329047203
-1.55266078114509
-2.14558799862862
5
-0.283083149790768
-0.777562323212627
-1.97419305443764
2.50077529549599
1.1362280279398
5
-1.00707259178162
-0.920239621400827
-2.29777463972568
1.37606926560403
0.58103259503841
5
-1.61040895581245
-2.79657861292362
2.82910147607325
0.828167697787284
-2.14467741250993
2
7
1.50630986094475
4.59010229408739
2.13690684139728
-3.39520865678787
-0.733570373058323
0.188513305783272
-1.29523285329342
7
0.659848535060883
0.460799425840374
-0.129420366883277
1.00398169159889
-0.359994131326682
-0.429685160517693
0.250540998578071
|2
6
5
-1.11144298911094
2.00311434864998
-0.0105004906654353
-2.2650023072958
-1.06448204517365
5
-2.5163310110569
2.39212305247785
1.62021124362944
-1.77738191783429
-1.52307495474815
5
-0.805912280082694
0.90423960089683
1.49542875885963
-1.69323789477348
-2.27688588500024
5
-0.421055042743687
-1.009462967515
-1.97419305443764
2.50077529549599
1.03862173557281
5
-1.93888215124607
-1.52410525679588
-2.64819343686104
0.748335179686547
0.353478890657419
5
-1.44289420247078
-2.44413788616657
2.80620563924312
1.38049317598343
-1.99604202210904
2
7
1.51098141074181
4.35004530251025
2.15331088304519
-3.59374541044235
-0.923151677846912
0.194292321801185
-0.879728913307194
7
0.533942648768425
1.07623475193977
-0.0274141341447822
1.12301787734032
0.0964364826679164
-0.614446794986725
0.250540998578071
|2
6
5
-1.03014398217201
2.00311434864998
-0.0105004906654353
-2.04255319535732
-0.619472241401672
5
-2.42649354040623
2.3540985196829
1.13978205621241
-2.0792399019003
-1.36116072535514
5
-1.14429228603839
0.679646483063693
1.40794329047203
-1.53457096219062
-2.14558799862862
5
-0.272626549005513
-0.93800655901432
-2.01112363934517
2.47575075924396
0.902087935805326
5
-1.32096554040909
-1.70232703089714
-2.48385981917381
1.01852124631405
0.815688645839686
5
-1.84779525399208
-2.04586147069931
2.43195908963679
1.09651319682598
-2.39506620168687
2
7
1.28979322314263
4.64843011200427
2.20251550674438
-3.41220792531967
-1.15024265646935
0.0634611040353773
-0.879728913307194
7
0.533942648768425
1.00567688345909
-0.0274141341447822
1.12301787734032
-0.163715404272086
-0.362760317325592
0.127224293351173
|2
6
5
-1.03014398217201
2.00311434864998
-0.129365989565849
-2.04255319535732
-0.619472241401672
5
-2.5163310110569
2.3540985196829
1.38682251870631
-2.0792399019003
-1.52307495474815
5
-1.14429228603839
0.800788453221316
1.40794329047203
-1.53457096219062
-2.14558799862862
5
0.0228517472743947
-0.93800655901432
-2.01112363934517
2.18013189733028
0.902087935805326
5
-1.42291665375233
-1.70232703089714
-2.48385981917381
1.01852124631405
0.815688645839686
5
-1.53011564314365
-2.44413788616657
2.56753838956355
1.3006127089262
-2.14467741250993
2
7
1.28979322314263
4.35004530251025
2.44348733723163
-3.41220792531967
-0.923151677846912
0.189176481962204
-0.879728913307194
7
0.533942648768425
1.00567688345909
-0.0274141341447822
1.12301787734032
-0.371222251653678
-0.362760317325592
0.250540998578071
|2
6
5
-1.03014398217201
2.00311434864998
-0.268867170810699
-2.54608719050884
-0.807365167140961
5
-2.68312957882881
2.39212305247785
1.31243888139723
-1.86008912026883
-1.52307495474815
5
-1.13677914142608
0.763394910097117
1.49542875885963
-1.60509650111198
-2.32490382790566
5
-0.287188288569454
-0.834250131249431
-1.99008256793022
2.50077529549599
0.908425629138946
5
-1.8665029913187
-1.52410525679588
-2.64819343686104
0.748335179686547
0.639934593439097
5
-1.61040895581245
-2.44413788616657
2.56753838956355
1.3006127089262
-2.2906979084015
2
7
1.30458160042763
4.54842999279498
2.34093440771102
-3.41220792531967
-0.923151677846912
0.129561212658882
-0.879728913307194
7
0.643777525424957
1.01341409087181
-0.0274141341447822
0.948091572523118
-0.163715404272086
-0.362760317325592
0.250540998578071
|2
6
5
-1.03014398217201
2.00311434864998
-0.0105004906654353
-2.2650023072958
-0.78244765996933
5
-2.12197412550449
2.39212305247785
1.60786539316176
-2.05258232057095
-1.53642563223838
5
-1.31766412556171
0.800788453221316
1.40794329047203
-1.74992788434028
-2.28673942685128
5
-0.421055042743687
-0.777562323212627
-1.97419305443764
2.69022021889687
1.1362280279398
5
-1.00707259178162
-0.920239621400827
-2.29777463972568
1.37606926560403
0.400509700179096
5
-1.61040895581245
-2.92197985947132
2.56753838956355
0.828167697787284
-1.8871056675911
2
7
1.28979322314263
4.16886050999163
2.34093440771102
-3.41220792531967
-0.923151677846912
0.0634611040353773
-0.879728913307194
7
0.533942648768425
1.00567688345909
-0.0274141341447822
1.12301787734032
-0.163715404272086
-0.362760317325592
0.0341263562440869
|2
6
5
-1.01682559847832
2.00311434864998
-0.0105004906654353
-2.46523185670375
-0.72486721277237
5
-2.5163310110569
2.66507544219495
1.62021124362944
-1.77738191783429
-1.52307495474815
5
-0.741458117961875
1.18184050917625
1.21625006794929
-1.84372498393058
-2.27688588500024
5
-0.387483978271488
-1.009462967515
-1.8003929913044
2.50077529549599
0.859085893630981
5
-1.70682050287724
-1.52410525679588
-2.64819343686104
0.748335179686547
0.321052628755564
5
-1.44289420247078
-2.44413788616657
2.83346546590327
1.3006127089262
-2.07776226997376
2
7
0.999466699361802
4.35004530251025
2.34093440771102
-3.59374541044235
-0.878960281610493
0.22881731390953
-0.637154436111454
7
0.698571416735649
1.07623475193977
-0.127771916985511
1.12301787734032
-0.311884814500815
-0.362760317325592
0.612055674195289
|2
6
5
-1.03014398217201
2.00311434864998
-0.0105004906654353
-2.04255319535732
-0.619472241401672
5
-2.5163310110569
2.3540985196829
1.13978205621241
-2.0792399019003
-1.52307495474815
5
-1.14429228603839
0.800788453221316
1.40794329047203
-1.53457096219062
-2.2909629046917
5
0.0228517472743947
-0.93800655901432
-1.78861687779427
2.22366890609264
0.902087935805326
5
-1.42291665375233
-1.70232703089714
-2.48385981917381
1.01852124631405
0.715240311622614
5
-1.61040895581245
-2.44413788616657
2.56753838956355
1.3006127089262
-2.14467741250993
2
7
1.28979322314263
4.35004530251025
2.34093440771102
-3.41220792531967
-0.923151677846912
0.0821198016405104
-0.879728913307194
7
0.533942648768425
1.07623475193977
-0.0274141341447822
1.12301787734032
-0.163715404272086
-0.362760317325592
0.250540998578071
|2
6
5
-1.03014398217201
2.02462376952171
-0.0105004906654353
-2.2650023072958
-0.776641750335693
5
-2.5163310110569
2.39212305247785
1.62021124362944
-1.77738191783429
-1.80599514842033
5
-0.805912280082694
0.90423960089683
1.49542875885963
-1.84372498393058
-2.27688588500024
5
-0.695237386226658
-1.009462967515
-1.97419305443764
2.50077529549599
1.03862173557281
5
-1.70682050287724
-1.52410525679588
-2.64819343686104
0.519388327002526
0.579157668352122
5
-1.44289420247078
-2.44413788616657
2.56753838956355
1.3006127089262
-2.2906979084015
2
7
1.10597013831139
4.35004530251025
2.34093440771102
-3.57410745620727
-0.923151677846912
0.0821198016405104
-0.879728913307194
7
0.533942648768425
1.00567688345909
-0.0274141341447822
1.12301787734032
-0.371222251653678
-0.362760317325592
0.250540998578071
|2
6
5
-1.03014398217201
2.194738727808
-0.0871899604797359
-2.41924727857112
-0.79105361700058
5
-3.08319028019905
2.39212305247785
1.19758955240248
-1.72588972747327
-1.52307495474815
5
-1.21777333319186
0.956382924318309
1.07547321915626
-1.71223194003105
-2.28374540209771
5
-0.304125213623051
-0.777562323212627
-2.0305338203907
2.50077529549599
1.03862173557281
5
-1.00707259178162
-1.2068265736103
-2.29777463972568
1.44102489352227
0.344632849097248
5
-1.42268236279487
-2.45743482112884
2.60828947722911
1.22265990972519
-2.37421467304231
2
7
1.28979322314263
4.19888665974139
2.34093440771102
-3.26477980613708
-1.20069329142571
0.0821198016405104
-1.22417876720429
7
0.533942648768425
1.07623475193977
-0.0274141341447822
1.12301787734032
-0.163715404272086
-0.0851817965507507
0.250540998578071
|2
6
5
-1.23202144503593
2.14325346648693
0.098073068261147
-1.56274319589138
-0.747051557898522
5
-2.36450357735157
2.39212305247785
0.988757023215281
-2.13534223735333
-1.44501924812793
5
-1.07185368835925
0.893898934125895
1.48671393990517
-1.07933500409126
-1.93394308388234
5
-0.421055042743687
-1.009462967515
-1.97419305443764
2.50077529549599
1.03862173557281
5
-1.70682050287724
-1.52410525679588
-2.42204194664955
0.519388327002526
0.579157668352122
5
-1.49239980578422
-2.18351561129093
2.43171508014201
1.20823799371719
-1.93029795885087
2
7
1.02874690890312
4.53604369461535
2.34093440771102
-3.66581672430038
-0.923151677846912
0.0821198016405104
-0.879728913307194
7
0.344193169474602
1.07623475193977
-0.0529148250818244
1.22187822759152
-0.163715404272086
-0.362760317325592
0.250540998578071
|2
6
5
-0.945504516363142
1.74142573475838
-0.0658052980899806
-1.72060937285423
-0.465029940009117
5
-2.75082617402077
2.23657831847669
1.01886660754679
-2.19279679954053
-1.52307495474815
5
-1.18159602880477
0.941378897428507
1.60719160735607
-1.37940359711646
-1.94690962433816
5
0.0228517472743947
-0.882683065533637
-1.48380106091499
2.2494312018156
0.632216224074369
5
-1.70682050287724
-1.52410525679588
-2.8688736140728
0.977673527598382
0.579157668352122
5
-1.44289420247078
-2.44413788616657
2.56753838956355
1.3006127089262
-2.2906979084015
2
7
1.10597013831139
4.35004530251025
2.34093440771102
-3.59374541044235
-0.923151677846912
0.0821198016405104
-0.879728913307194
7
0.271521684527397
1.029744130373
-0.0274141341447822
1.12301787734032
-0.289388707280166
-0.33821234703064
0.250540998578071
|2
6
5
-1.01682559847832
2.00311434864998
-0.0105004906654353
-2.46523185670375
-0.776641750335693
5
-2.5163310110569
2.39212305247785
1.62021124362944
-1.56312341392041
-1.39291487038135
5
-0.741458117961875
1.18184050917625
1.21625006794929
-1.84372498393058
-2.27688588500024
5
-0.387483978271488
-1.009462967515
-1.8003929913044
2.50077529549599
0.67893636226654
5
-1.70682050287724
-1.52410525679588
-2.64819343686104
0.546650442481042
0.321052628755564
5
-1.44289420247078
-2.44413788616657
2.56753838956355
1.3006127089262
-2.2906979084015
2
7
1.28979322314263
4.35004530251025
2.34093440771102
-3.59374541044235
-1.11118060946465
0.0821198016405104
-0.879728913307194
7
0.460703250765801
1.07623475193977
-0.296218371391296
1.20791200101376
-0.218810346722609
-0.362760317325592
0.612055674195289
|2
6
5
-1.30265770554542
2.00311434864998
-0.0105004906654353
-2.2650023072958
-0.776641750335693
5
-2.5163310110569
2.39212305247785
1.62021124362944
-1.77738191783429
-1.240746062994
5
-0.741458117961875
1.18184050917625
1.21625006794929
-1.84372498393058
-2.27688588500024
5
-0.387483978271488
-1.009462967515
-1.8003929913044
2.50077529549599
0.859085893630981
5
-1.70682050287724
-1.3230741918087
-2.64819343686104
0.748335179686547
0.263207572698588
5
-1.44289420247078
-2.44413788616657
2.56753838956355
1.3006127089262
-2.2906979084015
2
7
1.09619166254997
4.35004530251025
2.34093440771102
-3.59374541044235
-0.923151677846912
0.22881731390953
-0.637154436111454
7
0.734474357962608
1.07623475193977
-0.127771916985511
1.12301787734032
-0.311884814500815
-0.362760317325592
0.316907396912574
|2
6
5
-0.945504516363142
1.80367376208306
-0.0658052980899806
-1.72060937285423
-0.442788955569267
5
-2.47812551856041
2.32270551621915
1.3294039338827
-2.05600514113904
-1.52307495474815
5
-1.31766412556171
0.800788453221316
1.40794329047203
-1.48760423064231
-2.14558799862862
5
0.110175380110737
-0.994000962376594
-1.98528771698475
2.10273207128047
0.902087935805326
5
-1.70682050287724
-1.50328240990639
-2.44255734086036
1.01852124631405
0.579157668352122
5
-1.37521741986274
-2.44413788616657
2.62477604150771
1.3006127089262
-2.74332497119905
2
7
1.28979322314263
4.35004530251025
2.34093440771102
-3.41220792531967
-0.686481636762623
0.0821198016405104
-1.10018818378449
7
0.533942648768425
1.07623475193977
-0.0274141341447822
1.28609271645546
-0.163715404272086
-0.362760317325592
0.322449770569801
|2
6
5
-1.31842644810676
2.27666648030281
-0.0105004906654353
-2.2650023072958
-0.841990840435028
5
-2.75082617402077
2.52750000655652
1.01886660754679
-2.0792399019003
-1.6638906776905
5
-1.14429228603839
0.941378897428507
1.60719160735607
-1.37940359711646
-1.94690962433816
5
0.0228517472743947
-0.882683065533637
-1.73501403927803
2.4512899249792
0.909305366873746
5
-1.70682050287724
-1.52410525679588
-2.8688736140728
1.20813243091107
0.673332306742663
5
-1.56341980099678
-2.18351561129093
2.63812651336192
1.20292618274689
-1.64657700061799
2
7
1.28979322314263
4.35004530251025
2.38925755023956
-3.66581672430038
-0.923151677846912
0.0821198016405104
-0.879728913307194
7
0.876430404186249
1.1076517522335
-0.0274141341447822
1.15902388691902
-0.306124323606498
-0.31077835559845
0.250540998578071
|2
6
5
-0.945504516363142
1.74142573475838
-0.0658052980899806
-1.72060937285423
-0.442788955569267
5
-2.75082617402077
2.38944213092328
1.01886660754679
-2.0792399019003
-1.52307495474815
5
-1.14429228603839
0.888707786798472
1.60719160735607
-1.37940359711646
-1.94690962433816
5
0.0228517472743947
-0.882683065533637
-1.73501403927803
2.17925964295863
0.632216224074369
5
-1.70682050287724
-1.52410525679588
-2.8688736140728
0.977673527598382
0.579157668352122
5
-1.56341980099678
-2.18351561129093
2.43171508014201
1.02230669260025
-1.93029795885087
2
7
1.28979322314263
4.35004530251025
2.34093440771102
-3.66581672430038
-0.791111972928051
0.0821198016405104
-0.879728913307194
7
0.533942648768425
1.34999852776527
-0.0274141341447822
1.12301787734032
-0.163715404272086
-0.521568191051483
0.526960483193397
|2
6
5
-1.03014398217201
2.00311434864998
-0.0105004906654353
-1.74381991326809
-0.619472241401672
5
-2.5163310110569
2.3540985196829
1.13978205621241
-2.0792399019003
-1.52307495474815
5
-1.14429228603839
0.800788453221316
1.40794329047203
-1.53457096219062
-2.14558799862862
5
0.0629472315311391
-0.912689760327338
-2.01112363934517
2.24707590043544
0.902087935805326
5
-1.42291665375233
-1.70232703089714
-2.48385981917381
1.01852124631405
0.815688645839686
5
-1.61040895581245
-2.44413788616657
2.56753838956355
1.2562736839056
-2.14467741250993
2
7
1.28979322314263
4.35004530251025
2.38674728870391
-3.41220792531967
-0.923151677846912
0.0821198016405104
-1.15710880756379
7
0.533942648768425
1.07623475193977
-0.0274141341447822
1.12301787734032
-0.163715404272086
-0.362760317325592
0.119037762284279
|2
6
5
-1.23202144503593
2.14325346648693
0.098073068261147
-1.56274319589138
-0.651740977168083
5
-2.36450357735157
2.39212305247785
0.988757023215281
-2.13534223735333
-1.5218313395977
5
-1.07185368835925
0.624722379446025
1.56938816905022
-1.28714901804923
-1.84577250778676
5
-0.338691163063053
-1.04757401049137
-1.98291956782341
2.85641929507256
1.03862173557281
5
-1.45501980781555
-1.60965564548969
-2.62541580498218
1.01852124631405
0.456753772497172
5
-1.84779525399208
-2.04710211753845
2.56753838956355
1.10898979604244
-2.14467741250993
2
7
1.69268065094948
4.19888665974139
2.13690684139728
-3.50108292102813
-0.883014002442364
0.21100677549839
-1.78000257909298
7
0.533942648768425
1.07623475193977
-0.127771916985511
1.00521700978279
-0.151905351877219
-0.362760317325592
0.612055674195289
|2
6
5
-0.80580795407295
1.82081897854805
0.103893712162972
-1.59219735562801
-0.759259927272797
5
-2.47812551856041
2.39212305247785
1.3294039338827
-2.0792399019003
-1.52307495474815
5
-1.31766412556171
0.800788453221316
1.40794329047203
-1.83575084805488
-1.89547207951547
5
0.0228517472743947
-1.06253780424595
-1.8967696338892
2.22366890609264
0.902087935805326
5
-1.67427997887135
-1.66835098862648
-2.48385981917381
1.26481718122959
0.579157668352122
5
-1.61040895581245
-2.44413788616657
2.56753838956355
1.00718336999416
-2.14467741250993
2
7
1.28979322314263
4.64843011200427
2.34093440771102
-3.41220792531967
-1.15024265646935
0.0634611040353773
-0.879728913307194
7
0.533942648768425
1.00567688345909
-0.163889041543006
1.12301787734032
-0.371222251653678
-0.362760317325592
0.397516602277755
|2
6
5
-0.80580795407295
1.69761886000633
0.103893712162972
-1.83558078706264
-0.759259927272797
5
-2.47812551856041
2.26352482736112
1.3294039338827
-2.0792399019003
-1.52307495474815
5
-1.31766412556171
0.800788453221316
1.40794329047203
-1.83575084805488
-1.89547207951547
5
0.0228517472743947
-0.994000962376594
-1.8967696338892
2.22366890609264
0.902087935805326
5
-1.67427997887135
-1.66835098862648
-2.48385981917381
1.26481718122959
0.579157668352122
5
-1.43159745335578
-2.44413788616657
2.56753838956355
1.16145945489406
-2.14467741250993
2
7
1.93008118271828
4.19888665974139
2.13690684139728
-3.26477980613708
-0.883014002442364
0.21100677549839
-1.9784556478262
7
0.533942648768425
1.07623475193977
-0.127771916985511
1.00521700978279
-0.151905351877219
-0.362760317325592
0.612055674195289
|2
6
5
-1.03014398217201
2.02462376952171
-0.0105004906654353
-2.2650023072958
-0.557672929763794
5
-2.5163310110569
2.39212305247785
1.62021124362944
-1.77738191783429
-1.52307495474815
5
-0.805912280082694
0.90423960089683
1.49542875885963
-1.84372498393058
-2.29213796257974
5
-0.695237386226658
-1.009462967515
-1.97419305443764
2.50077529549599
1.03862173557281
5
-1.70682050287724
-1.47336948513985
-2.64819343686104
0.519388327002526
0.579157668352122
5
-1.41614789366722
-2.44413788616657
2.56753838956355
1.3006127089262
-2.19499441087247
2
7
1.10597013831139
4.35004530251025
2.34093440771102
-3.57410745620727
-0.923151677846912
0.0821198016405104
-0.879728913307194
7
0.533942648768425
1.00567688345909
-0.194485428929328
1.12301787734032
-0.371222251653678
-0.362760317325592
0.250540998578071
|2
6
5
-1.03014398217201
2.00311434864998
-0.0105004906654353
-2.2650023072958
-0.529482448101044
5
-2.60978038907051
2.39212305247785
1.37015658617018
-1.84265082776547
-1.50386880040168
5
-1.21777333319186
0.809917217493052
1.49542875885963
-1.7198566019535
-2.27688588500024
5
-0.421055042743687
-1.18541924059391
-1.97419305443764
2.50077529549599
1.03862173557281
5
-1.71769271194935
-1.52410525679588
-2.37089111208915
0.748335179686547
0.579157668352122
5
-1.55343676209449
-2.33590878546238
2.52032932937144
0.652480718493461
-2.27092766761781
2
7
1.43308011889458
4.19888665974139
2.36404559910297
-3.26477980613708
-1.12610954344273
0.21100677549839
-1.87758491039276
7
0.543613648414612
0.656697887182232
-0.129420366883277
1.15902388691902
-0.359994131326682
-0.545335781574249
0.250540998578071
|2
6
5
-1.23202144503593
2.14325346648693
0.098073068261147
-1.56274319589138
-0.855904790759087
5
-2.36450357735157
2.39212305247785
0.988757023215281
-2.13534223735333
-1.5218313395977
5
-1.07185368835925
0.624722379446025
1.56938816905022
-1.28714901804923
-1.84577250778676
5
-0.309900367259983
-1.04757401049137
-1.98291956782341
2.85641929507256
1.03862173557281
5
-1.45501980781555
-1.69000861048698
-2.62541580498218
1.01852124631405
0.456753772497172
5
-1.84779525399208
-2.04710211753845
2.56753838956355
1.1981752038002
-2.14467741250993
2
7
1.28979322314263
4.64843011200427
2.34718520641326
-3.41220792531967
-1.15024265646935
0.0634611040353773
-0.879728913307194
7
0.533942648768425
1.00567688345909
-0.0274141341447822
1.12301787734032
-0.371222251653678
-0.362760317325592
0.250540998578071
|2
6
5
-0.945504516363142
1.80367376208306
-0.0658052980899806
-1.72060937285423
-0.442788955569267
5
-2.75082617402077
1.99332835376264
1.01886660754679
-2.0792399019003
-1.6638906776905
5
-1.14429228603839
0.941378897428507
1.60719160735607
-1.37940359711646
-1.94690962433816
5
0.0228517472743947
-0.882683065533637
-2.00341082215309
2.4512899249792
0.909305366873746
5
-1.70682050287724
-1.52410525679588
-2.62338861823082
1.20813243091107
0.673332306742663
5
-1.56341980099678
-2.18351561129093
2.63812651336192
1.20292618274689
-1.93389043807984
2
7
1.28979322314263
4.35004530251025
2.38925755023956
-3.66581672430038
-0.923151677846912
0.0821198016405104
-0.879728913307194
7
0.876430404186249
1.1076517522335
-0.0274141341447822
1.15902388691902
-0.306124323606498
-0.289954578876495
0.250540998578071
|2
6
5
-1.08785865604877
2.14325346648693
0.098073068261147
-1.56274319589138
-0.6004937261343
5
-2.36450357735157
2.39212305247785
0.988757023215281
-2.19087601602078
-1.24094190001487
5
-1.07185368835925
0.893898934125895
1.56938816905022
-1.00828017592429
-1.85524260103703
5
-0.309900367259983
-1.04757401049137
-1.98291956782341
2.85641929507256
1.03862173557281
5
-1.45501980781555
-1.69000861048698
-2.62541580498218
0.924023839831353
0.456753772497172
5
-1.84779525399208
-2.04710211753845
2.56753838956355
1.09651319682598
-1.926338160038
2
7
1.28979322314263
4.35004530251025
2.34093440771102
-3.41220792531967
-0.923151677846912
0.0634611040353773
-0.879728913307194
7
0.533942648768425
1.00567688345909
-0.0274141341447822
1.25376625955105
-0.163715404272086
-0.362760317325592
0.250540998578071
|2
6
5
-1.03014398217201
2.00311434864998
-0.0281729936599727
-2.2650023072958
-0.529482448101044
5
-2.12197412550449
2.39212305247785
1.60786539316176
-2.05258232057095
-1.53642563223838
5
-1.31766412556171
0.800788453221316
1.40794329047203
-1.74992788434028
-2.28673942685128
5
0.0228517472743947
-0.93800655901432
-2.01112363934517
2.22366890609264
0.902087935805326
5
-1.42291665375233
-1.70232703089714
-2.48385981917381
1.01852124631405
0.815688645839686
5
-1.61040895581245
-2.44413788616657
2.56753838956355
1.3006127089262
-2.14467741250993
2
7
1.28979322314263
4.35004530251025
2.34093440771102
-3.41220792531967
-0.923151677846912
0.0821198016405104
-0.879728913307194
7
0.582363566756248
1.35984459519386
-0.0274141341447822
1.12301787734032
-0.163715404272086
-0.594838845729828
0.250540998578071
|2
6
5
-1.03014398217201
2.00311434864998
-0.0105004906654353
-2.04255319535732
-0.619472241401672
5
-2.5163310110569
2.3540985196829
0.954452142119394
-2.20429703891278
-1.52307495474815
5
-1.14429228603839
0.800788453221316
1.40794329047203
-1.4458684593439
-2.14558799862862
5
-0.505364131927494
-0.777562323212627
-1.97419305443764
2.50077529549599
1.1362280279398
5
-1.00707259178162
-0.920239621400827
-2.29777463972568
1.37606926560403
0.400509700179096
5
-1.61040895581245
-2.69151709377765
2.56753838956355
0.828167697787284
-1.8871056675911
2
7
1.28979322314263
4.16886050999163
2.34093440771102
-3.41220792531967
-0.923151677846912
0.0634611040353773
-0.879728913307194
7
0.533942648768425
1.00567688345909
0.264637371897698
1.12301787734032
-0.163715404272086
-0.362760317325592
0.0341263562440869
|2
6
5
-0.945504516363142
1.74142573475838
-0.0658052980899806
-1.83952010273933
-0.442788955569267
5
-2.36450357735157
2.39212305247785
0.883313986659037
-2.13534223735333
-1.24094190001487
5
-1.07185368835925
0.893898934125895
1.56938816905022
-1.00828017592429
-1.85524260103703
5
-0.309900367259983
-1.04757401049137
-1.98291956782341
2.85641929507256
1.03862173557281
5
-1.45501980781555
-1.69000861048698
-2.80666139423847
0.924023839831353
0.456753772497172
5
-1.84779525399208
-2.04710211753845
2.56753838956355
1.09651319682598
-2.14467741250993
2
7
1.28979322314263
4.35004530251025
2.34093440771102
-3.41220792531967
-0.923151677846912
0.0634611040353773
-0.879728913307194
7
0.533942648768425
1.00567688345909
-0.0274141341447822
1.25376625955105
-0.163715404272086
-0.362760317325592
0.250540998578071
|2
6
5
-1.08785865604877
2.14325346648693
0.098073068261147
-1.56274319589138
-0.6004937261343
5
-2.75082617402077
2.38944213092328
1.01886660754679
-2.0792399019003
-1.52307495474815
5
-1.14429228603839
0.941378897428507
1.60719160735607
-1.37940359711646
-1.94690962433816
5
0.0228517472743947
-0.882683065533637
-1.73501403927803
2.17925964295863
0.632216224074369
5
-1.70682050287724
-1.52410525679588
-2.8688736140728
0.977673527598382
0.579157668352122
5
-1.34261363148689
-2.18351561129093
2.43171508014201
1.20823799371719
-1.93029795885087
2
7
1.28979322314263
4.35004530251025
2.47497918903827
-3.66581672430038
-0.923151677846912
0.0821198016405104
-0.879728913307194
7
0.533942648768425
1.34999852776527
-0.0274141341447822
1.12301787734032
-0.163715404272086
-0.521568191051483
0.546913006901741
|2
6
5
-1.03014398217201
2.194738727808
-0.301085114479065
-2.41924727857112
-0.776641750335693
5
-3.08319028019905
2.39212305247785
1.19758955240248
-1.72588972747327
-1.52307495474815
5
-1.21777333319186
0.956382924318309
1.24442535042763
-1.71223194003105
-2.28374540209771
5
-0.304125213623051
-0.777562323212627
-2.0305338203907
2.50077529549599
1.03862173557281
5
-1.00707259178162
-1.50474839806556
-2.29777463972568
1.44102489352227
0.344632849097248
5
-1.42268236279487
-2.45743482112884
2.60828947722911
1.22265990972519
-2.37421467304231
2
7
1.10597013831139
4.35004530251025
2.50454958677291
-3.59374541044235
-0.923151677846912
0.0821198016405104
-0.879728913307194
7
0.533942648768425
1.00567688345909
-0.238683441281318
1.12301787734032
-0.497311189770705
-0.33821234703064
0.250540998578071
|2
6
5
-1.23202144503593
2.14325346648693
-0.102649864554405
-1.56274319589138
-0.747051557898522
5
-2.36450357735157
2.39212305247785
0.988757023215281
-2.24985285699368
-1.5218313395977
5
-1.07185368835925
0.86292803883552
1.48671393990517
-0.999242490530008
-1.85524260103703
5
-0.421055042743687
-1.009462967515
-1.97419305443764
2.50077529549599
1.06689418554306
5
-1.70682050287724
-1.52410525679588
-2.42204194664955
0.519388327002526
0.579157668352122
5
-1.44230479598045
-2.44413788616657
2.56753838956355
1.3006127089262
-2.2906979084015
2
7
1.08059908747673
4.19888665974139
2.34093440771102
-3.26477980613708
-0.923151677846912
0.0821198016405104
-1.22417876720429
7
0.533942648768425
1.07623475193977
-0.0274141341447822
1.12301787734032
-0.163715404272086
-0.0851817965507507
0.250540998578071
|2
6
5
-1.03014398217201
2.27666648030281
0.270289599895478
-2.2650023072958
-0.841990840435028
5
-2.47812551856041
2.32270551621915
1.3294039338827
-2.05600514113904
-1.52307495474815
5
-1.31766412556171
0.800788453221316
1.25220901370048
-1.48760423064231
-2.14558799862862
5
0.0110437601804692
-0.994000962376594
-1.91840204298496
2.10273207128047
0.903389379382139
5
-1.70682050287724
-1.50328240990639
-2.44255734086036
1.01852124631405
0.579157668352122
5
-1.34287087321281
-2.44413788616657
2.51153196990489
1.3006127089262
-2.51535766124726
2
7
1.28979322314263
4.35004530251025
2.34093440771102
-3.41220792531967
-0.923151677846912
0.0821198016405104
-1.10018818378449
7
0.533942648768425
1.07623475193977
-0.0274141341447822
1.21559285521507
-0.163715404272086
-0.362760317325592
0.322449770569801
|2
6
5
-1.03014398217201
2.00311434864998
-0.0105004906654353
-2.04255319535732
-0.619472241401672
5
-2.42649354040623
2.3540985196829
1.13978205621241
-2.01453239619733
-1.36116072535514
5
-1.14429228603839
0.679646483063693
1.40794329047203
-1.3412072956562
-2.14558799862862
5
0.0228517472743947
-0.93800655901432
-1.78595576882362
2.26955359876155
0.902087935805326
5
-1.32096554040909
-1.70232703089714
-2.24085990786552
1.01852124631405
0.815688645839686
5
-1.84779525399208
-2.04586147069931
2.56753838956355
1.09651319682598
-2.14467741250993
2
7
1.28979322314263
4.35004530251025
2.26198687553405
-3.41220792531967
-0.923151677846912
0.0634611040353773
-0.879728913307194
7
0.533942648768425
1.00567688345909
0.181513819098473
1.25376625955105
-0.163715404272086
-0.362760317325592
0.250540998578071
|2
6
5
-1.03014398217201
2.00311434864998
-0.0105004906654353
-2.04255319535732
-0.619472241401672
5
-2.42649354040623
2.3540985196829
1.33178373277186
-2.0792399019003
-1.36116072535514
5
-1.14429228603839
0.679646483063693
1.40794329047203
-1.53457096219062
-2.14558799862862
5
-0.272626549005513
-0.93800655901432
-2.01112363934517
2.34492820501327
0.902087935805326
5
-1.32096554040909
-1.70232703089714
-2.48385981917381
1.01852124631405
0.815688645839686
5
-1.84779525399208
-2.04586147069931
2.27166090905665
1.09651319682598
-2.14467741250993
2
7
1.28979322314263
4.64843011200427
2.20251550674438
-3.41220792531967
-1.15024265646935
0.0634611040353773
-0.879728913307194
7
0.533942648768425
1.00567688345909
-0.0274141341447822
1.12301787734032
-0.371222251653678
-0.362760317325592
0.250540998578071

