40
455
|2
6
5
-0.827886521816254
1.27909188270569
0.909464943408966
-2.16401239931583
0.0269293576478959
5
-1.65773437619209
2.03346109390259
1.47923603653907
-1.90557052493095
-1.34194483458996
5
-0.904210653901102
1.00946335792541
1.27696209251881
-1.50977603197097
-1.42532811760903
5
-1.09457589387894
-1.65883176028729
-1.96357206106186
2.06562933325767
1.13492132723332
5
-0.658858865499496
-0.95032855272293
-2.429865655303
0.964235848188401
1.07098804116249
5
-0.761474415659905
-1.08845235407352
1.23600662350654
-0.0683252781629569
-1.29602708816528
2
7
1.83612003028393
2.43191648125648
1.36594649553298
-1.83701703250408
-2.13053649663925
-0.409686288237572
-0.667450934648514
7
0.215620800852775
1.47706267237663
0.29730387032032
2.29220328330994
0.784082508087153
0.103446912765504
0.325478109717369
|2
6
5
-0.737148571014405
0.923669719696049
0.803308153152466
-1.58541567623615
-0.254174980521202
5
-1.65773437619209
1.9700673699379
1.31662611365318
-1.75181986689567
-1.34194483458996
5
-1.05292566120625
1.72777910232544
1.07161788344383
-1.61515308618545
-1.08944910168649
5
-0.960654020309449
-1.88777600228786
-1.84755569398404
1.71346895098686
1.00103125572205
5
-0.819049301743507
-0.586361989378928
-2.81260450780392
0.917812523245812
1.18709968924522
5
-1.14303670823574
-1.40567674934864
1.01340709328651
-0.00809412896633213
-1.38147114515305
2
7
1.69900600612164
2.52710776627063
1.10104214549064
-1.75622574985027
-1.90379742383957
-0.584028488397599
-0.943740671873093
7
0.797305247187614
1.21431536376476
0.165021649003029
2.04105364084244
0.307607781887049
0.50362837612629
0.272502148151398
|2
6
5
-0.737148571014405
0.923669719696049
0.744369471073151
-1.58541567623615
-0.371164318919182
5
-1.65773437619209
1.9700673699379
1.23119192719459
-1.75181986689567
-1.34194483458996
5
-1.05292566120625
1.72777910232544
1.10195896029472
-1.61515308618545
-1.3767114698887
5
-0.701024985313416
-1.88777600228786
-1.84755569398404
1.71346895098686
1.00103125572205
5
-0.260852521657943
-0.579523992538451
-2.68233162760734
1.06637253463268
1.04382598996162
5
-1.14303670823574
-1.31403621733189
1.28477304577827
-0.318643328547478
-1.65162545442582
2
7
1.74991418123245
2.30008659660815
1.20105900168418
-1.46463419795036
-1.37842570543289
-0.861815649271012
-0.843119460344315
7
0.700951501727104
0.966788527369499
0.42451528608799
1.52387331724167
0.820128750801081
0.247089567780496
0.0817035764455792
|2
6
5
-1.10429521501064
1.04097312688828
0.541653728485108
-1.42654865086079
-0.468500182032585
5
-1.69888804554939
2.35828138887883
1.44271221756935
-1.88218677639961
-1.74958982169628
5
-0.750126615166666
1.72777910232544
1.59097741246223
-1.61515308618545
-1.33494268059732
5
-0.960654020309449
-1.88396740853787
-1.26958829760552
1.90343958735466
1.09229322969914
5
-0.952812093496322
-0.924445647001265
-2.64822679460049
0.601764616370202
1.18709968924522
5
-0.462504383921624
-1.08845235407352
1.37805361449718
0.112997129559516
-1.50434771776199
2
7
1.83612003028393
2.43191648125648
1.36594649553298
-1.83701703250408
-2.06271255016327
-0.409686288237572
-0.830321890115738
7
0.310075837373734
1.59342136085033
0.245755818486214
1.7584080606699
0.526751196384424
-0.460270336270332
0.624406084418296
|2
6
5
-1.23514716625214
0.996187424659733
0.541653728485108
-1.42654865086079
-0.185832259058952
5
-1.69888804554939
2.35828138887883
1.44271221756935
-1.88218677639961
-1.74958982169628
5
-0.750126615166666
1.72777910232544
1.59097741246223
-1.61515308618545
-1.33494268059732
5
-0.960654020309449
-1.68882583081723
-1.38565061986447
1.90343958735466
1.09229322969914
5
-0.952812093496322
-0.924445647001265
-2.64822679460049
0.767523846030236
1.18709968924522
5
-0.306098812818527
-1.02456167042255
0.970103114843364
0.189834585785865
-1.73236638307571
2
7
1.93107294738293
2.36869112849235
1.16402656435966
-1.6730927914381
-1.90379742383957
-0.869170409440995
-0.843119460344315
7
0.700951501727104
0.966788527369499
0.42451528608799
1.77121375799179
0.746997034549708
0.247089567780496
0.0817035764455792
|2
6
5
-0.676311385631562
1.3792438864708
0.909464943408966
-2.26407960951328
-0.19890384376049
5
-1.0611416131258
1.84026450216771
1.69017325043678
-1.97656394839287
-1.85765012204647
5
-0.750126615166666
1.72777910232544
1.59097741246223
-1.61515308618545
-1.33494268059732
5
-0.960654020309449
-1.88396740853787
-1.26958829760552
1.90343958735466
1.09229322969914
5
-0.952812093496322
-0.924445647001265
-2.64822679460049
0.601764616370202
1.18709968924522
5
-0.462504383921624
-1.08845235407352
1.37805361449718
0.112997129559516
-1.50434771776199
2
7
1.83612003028393
2.43191648125648
1.36594649553298
-1.83701703250408
-2.06271255016327
-0.572574123740197
-0.830321890115738
7
0.310075837373734
1.59342136085033
0.245755818486214
1.7584080606699
0.526751196384424
-0.460270336270332
0.624406084418296
|2
6
5
-0.859496077895165
1.04097312688828
0.541653728485108
-1.42654865086079
-0.468500182032585
5
-1.69888804554939
2.35828138887883
1.44271221756935
-1.88218677639961
-1.74958982169628
5
-0.746518865227701
1.97991958856583
1.07161788344383
-1.74245319366455
-1.26519272923471
5
-1.24391033053398
-1.88722511231899
-1.65523751676083
1.76725736260414
0.447109639644627
5
-0.460654026269912
-0.806288099288939
-1.93081745803357
0.503629571199417
0.670852345228191
5
-1.36963129937649
-1.40567674934864
1.26878843903541
-0.00809412896633213
-1.38147114515305
2
7
1.40751944482327
2.1767694890499
0.944951027631755
-1.79658115804195
-1.90379742383957
-1.13500553965569
-0.676794749498368
7
0.700951501727104
0.783285662531853
0.42451528608799
1.48968666791916
0.746997034549708
0.247089567780496
0.349276599287986
|2
6
5
-0.737148571014405
0.923669719696049
0.803308153152466
-1.58541567623615
-0.254174980521202
5
-1.65773437619209
1.9700673699379
1.31662611365318
-1.75181986689567
-1.34194483458996
5
-1.05292566120625
1.72777910232544
0.997536593675611
-1.61515308618545
-1.08944910168649
5
-1.02249054312706
-1.88722511231899
-1.65523751676083
1.85228230655193
0.447109639644627
5
-0.460654026269912
-0.806288099288939
-1.93081745803357
0.503629571199417
0.670852345228191
5
-1.36963129937649
-1.40567674934864
1.26878843903541
-0.00809412896633213
-1.38147114515305
2
7
1.40751944482327
2.1767694890499
1.16402656435966
-1.79658115804195
-1.90379742383957
-1.13500553965569
-0.676794749498368
7
0.700951501727104
0.783285662531853
0.42451528608799
1.48968666791916
0.746997034549708
0.247089567780496
0.349276599287986
|2
6
5
-0.676311385631562
1.07823297977448
0.909464943408966
-2.26407960951328
-0.19890384376049
5
-1.0611416131258
1.84026450216771
1.69017325043678
-1.97656394839287
-1.85765012204647
5
-0.746518865227701
1.97991958856583
1.07161788344383
-1.74245319366455
-1.26519272923471
5
-0.960654020309449
-1.88777600228786
-1.84755569398404
1.71346895098686
1.00103125572205
5
-0.819049301743507
-0.865384897589682
-2.81260450780392
0.917812523245812
1.0357089459896
5
-1.14303670823574
-1.34255403578281
1.01340709328651
0.00677800476550991
-1.38147114515305
2
7
1.69900600612164
2.52710776627063
1.10104214549064
-1.75622574985027
-1.83721945285797
-0.584028488397599
-0.943740671873093
7
0.496800142526627
1.59342136085033
0.245755818486214
2.10283491015434
0.526751196384424
-0.247819927334785
0.624406084418296
|2
6
5
-1.09420971572399
1.21767895221711
0.541653728485108
-1.42654865086079
-0.468500182032585
5
-1.69888804554939
2.35828138887883
1.28557768464088
-2.04539576172828
-1.84760929048061
5
-0.750126615166666
1.64556270837784
1.59097741246223
-1.61515308618545
-1.33494268059732
5
-0.960654020309449
-1.93781132400037
-1.03210036158562
1.70337590575218
1.09229322969914
5
-0.952812093496322
-0.924445647001265
-2.49790049493313
0.805119189620019
1.18709968924522
5
-0.462504383921624
-1.08845235407352
1.23600662350654
0.112997129559516
-1.45874269008636
2
7
1.83612003028393
2.43191648125648
1.10414093732833
-1.83701703250408
-2.10890008211136
-0.421161815524102
-0.667450934648514
7
0.310075837373734
1.41522369086742
0.245755818486214
1.7584080606699
0.526751196384424
-0.460270336270332
0.624406084418296
|2
6
5
-0.623913180828095
1.43457095623017
0.909464943408966
-2.16401239931583
0.0146721988916398
5
-1.65773437619209
1.83256385326386
1.29364308714867
-1.82208648324012
-1.34194483458996
5
-1.54686181843281
1.13400150537491
1.05810588896275
-1.56885211467742
-1.11856537461282
5
-1.09013801813126
-1.39633780419827
-1.96357206106186
2.06562933325767
1.13492132723332
5
-0.704265588521957
-1.01819895505905
-2.26193719804287
0.52050628066063
1.16640271842479
5
-0.711682388186455
-1.08845235407352
1.26997444033622
-0.233146664500237
-0.975979766249659
2
7
1.5847433924675
2.36869112849235
1.16402656435966
-1.59945467412471
-2.28047423362732
-1.33144112229347
-0.774383920431137
7
-0.0501541316509247
0.888327440619464
-0.0462103933095929
2.20649466216564
0.526751196384424
-0.427239575982093
0.852988800406455
|2
6
5
-0.598153933882714
1.06850768327713
1.00832122564316
-1.44953528940678
0.242292886972428
5
-1.57014996111393
1.84270989894867
1.41503514647483
-1.6575815975666
-1.34194483458996
5
-1.08612550795078
1.05794196128845
1.5171482950449
-1.62107737064361
-1.42532811760903
5
-0.960654020309449
-1.77233540713788
-1.53223478198052
2.06562933325767
1.00103125572205
5
-0.467801684141158
-0.579523992538451
-2.46211857497692
0.952551430463791
1.32793279290199
5
-0.963863715529441
-1.53704533874989
1.15652279257774
0.176266935467719
-1.53172405958176
2
7
1.83612003028393
2.43191648125648
1.36594649553298
-1.92358475625515
-2.13153156042099
-0.409686288237572
-0.667450934648514
7
0.553796654939651
1.59342136085033
0.245755818486214
1.74533629715443
0.526751196384424
-0.460270336270332
0.624406084418296
|2
6
5
-0.827886521816254
1.14446090459824
0.909464943408966
-1.95386096537113
0.0269293576478959
5
-1.65773437619209
2.13789042532444
1.51994656920433
-1.75181986689567
-1.34194483458996
5
-1.54686181843281
1.13400150537491
1.44904017746449
-1.5563528060913
-1.3532570898533
5
-0.500162363052369
-1.53953894078732
-2.16755591630936
2.14853740632533
0.755903342366224
5
-0.455503219366073
-0.713889002799986
-2.55245637595653
0.98194529414177
1.07535642981529
5
-0.711682388186455
-1.0003507733345
1.23305093646049
-0.0683252781629569
-1.33000627756119
2
7
1.83612003028393
2.37228950858116
1.36594649553298
-1.83701703250408
-2.06271255016327
-0.409686288237572
-0.667450934648514
7
0.108987694978714
1.08472761809825
0.0346719413995746
2.0972179710865
0.526751196384424
-0.460270336270332
0.624406084418296
|2
6
5
-1.23514716625214
1.04097312688828
0.541653728485108
-1.1652371197939
-0.147473987936973
5
-1.66943535208702
2.35828138887883
1.44271221756935
-1.88218677639961
-1.74958982169628
5
-0.732629135251047
1.72777910232544
1.64864451289177
-1.61515308618545
-1.6566994726658
5
-0.960654020309449
-1.88396740853787
-1.38565061986447
1.75166253447533
1.09229322969914
5
-1.0961473762989
-0.924445647001265
-2.64822679460049
0.601764616370202
1.18709968924522
5
-1.05564433932304
-1.10459260046482
1.0980952322483
-0.0683252781629569
-1.38147114515305
2
7
1.66060156524182
2.69474539160728
1.12455585598945
-1.73054059445858
-2.46133383512497
-0.405214473605157
-1.21283017992973
7
0.108987694978714
1.08472761809825
0.0346719413995746
2.02089768946171
0.526751196384424
-0.460270336270332
0.624406084418296
|2
6
5
-0.598153933882714
1.06850768327713
1.00832122564316
-1.44953528940678
0.242292886972428
5
-1.57014996111393
1.84270989894867
1.41503514647483
-1.84762318730354
-1.34194483458996
5
-0.904210653901102
1.05794196128845
1.5171482950449
-1.62107737064361
-1.42532811760903
5
-0.960654020309449
-1.77233540713788
-1.53223478198052
2.06562933325767
1.00103125572205
5
-0.467801684141158
-0.651031005382537
-2.46211857497692
0.952551430463791
1.32793279290199
5
-0.963863715529441
-1.53704533874989
1.15652279257774
0.176266935467719
-1.53172405958176
2
7
1.9496841788292
2.21903727650642
1.36594649553298
-1.83701703250408
-2.06271255016327
-0.409686288237572
-0.667450934648514
7
0.797305247187614
1.21431536376476
0.165021649003029
2.04105364084244
0.307607781887049
0.50362837612629
0.272502148151398
|2
6
5
-0.492307680845261
1.06850768327713
1.00832122564316
-1.44953528940678
0.0936011701822284
5
-1.69888804554939
2.35828138887883
1.44271221756935
-1.90085012316704
-1.74958982169628
5
-0.750126615166666
1.72777910232544
1.59097741246223
-1.61515308618545
-1.33494268059732
5
-0.960654020309449
-1.68882583081723
-1.38565061986447
1.90343958735466
0.819140711426739
5
-1.01073654294014
-0.924445647001265
-2.64822679460049
0.767523846030236
1.18709968924522
5
-0.306098812818527
-1.02456167042255
0.721977323293681
0.189834585785865
-1.73236638307571
2
7
1.80146881341934
2.52710776627063
1.10104214549064
-2.03340372741222
-1.87715283334255
-0.584028488397599
-1.1700246989727
7
0.797305247187614
1.21431536376476
0.165021649003029
1.77539221048355
0.307607781887049
0.372041454911233
0.200274300575256
|2
6
5
-1.23514716625214
0.996187424659733
0.468493402004242
-1.42654865086079
-0.396228954195976
5
-1.69888804554939
2.44608874917031
1.47265872359276
-1.6905209839344
-1.52444126307964
5
-0.750126615166666
1.51440830230713
1.59097741246223
-1.47489731013774
-1.33494268059732
5
-1.14540486335755
-1.65883176028729
-1.96357206106186
1.91746156811714
1.13492132723332
5
-0.569249847531318
-0.95032855272293
-2.33104357123375
0.964235848188401
1.1368961751461
5
-1.14303670823574
-1.40567674934864
1.01340709328651
-0.197787961363793
-1.16258515119553
2
7
1.93107294738293
2.36869112849235
1.16402656435966
-1.6730927914381
-1.77403101623058
-0.869170409440995
-0.843119460344315
7
0.700951501727104
0.966788527369499
0.42451528608799
1.77121375799179
0.746997034549708
0.247089567780496
0.0817035764455792
|2
6
5
-0.737148571014405
0.923669719696049
0.744369471073151
-1.58541567623615
-0.371164318919182
5
-1.65773437619209
1.9700673699379
1.23119192719459
-1.75181986689567
-1.34194483458996
5
-0.904210653901102
1.00946335792541
1.27696209251881
-1.27277525663375
-1.42532811760903
5
-1.09013801813126
-1.39633780419827
-1.96357206106186
2.06562933325767
1.27866941094399
5
-0.819049301743507
-0.586361989378928
-2.55457571446895
0.917812523245812
1.18709968924522
5
-1.14303670823574
-1.40567674934864
1.24176507592201
-0.197787961363793
-1.39565834999085
2
7
1.69900600612164
2.52710776627063
1.10104214549064
-2.03340372741222
-1.9666440486908
-0.584028488397599
-0.943740671873093
7
0.797305247187614
1.21431536376476
0.165021649003029
2.04105364084244
0.307607781887049
0.372041454911233
0.200274300575256
|2
6
5
-0.827886521816254
1.27909188270569
0.909464943408966
-1.96130684912204
0.0269293576478959
5
-1.65773437619209
1.88298094272614
1.47923603653907
-1.90557052493095
-1.34194483458996
5
-1.05292566120625
1.72777910232544
1.10195896029472
-1.61515308618545
-1.3767114698887
5
-0.701024985313416
-1.88777600228786
-1.84755569398404
1.71346895098686
1.00103125572205
5
-0.260852521657943
-0.579523992538451
-2.68233162760734
1.06637253463268
1.04382598996162
5
-1.14303670823574
-1.27773645222187
1.28477304577827
-0.318643328547478
-1.65162545442582
2
7
1.74991418123245
2.30008659660815
1.20105900168418
-1.46463419795036
-1.37842570543289
-0.861815649271012
-0.843119460344315
7
0.680121287703514
0.966788527369499
0.42451528608799
1.52387331724167
0.820128750801081
0.247089567780496
0.0817035764455792
|2
6
5
-1.23514716625214
1.04097312688828
0.306035399436951
-1.1652371197939
-0.185832259058952
5
-1.69888804554939
2.35828138887883
1.44271221756935
-1.88218677639961
-1.74958982169628
5
-0.732629135251047
1.72777910232544
1.64864451289177
-1.75348200798034
-1.62785138487817
5
-0.960654020309449
-1.88396740853787
-1.61101525723935
1.75166253447533
1.09229322969914
5
-1.0961473762989
-0.924445647001265
-2.64822679460049
0.601764616370202
1.18709968924522
5
-1.14303670823574
-1.10459260046482
1.28477304577827
-0.0683252781629569
-1.38147114515305
2
7
1.66060156524182
2.69474539160728
1.12455585598945
-1.73054059445858
-2.46133383512497
-0.405214473605157
-1.21129227280617
7
0.797305247187614
1.21431536376476
0.165021649003029
2.18422980606556
0.307607781887049
0.50362837612629
0.272502148151398
|2
6
5
-0.827886521816254
1.14446090459824
0.909464943408966
-1.95386096537113
0.168856328725815
5
-1.65773437619209
2.12462711632252
1.51994656920433
-1.75181986689567
-1.34194483458996
5
-1.54686181843281
1.13400150537491
1.44904017746449
-1.5563528060913
-1.3532570898533
5
-0.500162363052369
-1.53953894078732
-2.16755591630936
2.06562933325767
0.703785195946699
5
-0.455503219366073
-0.886933684349059
-2.55245637595653
0.98194529414177
1.07535642981529
5
-0.711682388186455
-1.0003507733345
1.23305093646049
-0.0683252781629569
-1.33000627756119
2
7
1.83612003028393
2.33493463397026
1.36594649553298
-1.92358475625515
-2.13153156042099
-0.409686288237572
-0.667450934648514
7
0.553796654939651
1.76911778151988
0.245755818486214
1.74533629715443
0.526751196384424
-0.460270336270332
0.624406084418296
|2
6
5
-1.23514716625214
0.996187424659733
0.618433418869972
-1.62347905635834
-0.471424576640129
5
-1.4806733906269
2.03346109390259
1.60237695872783
-1.90557052493095
-1.34194483458996
5
-0.91625674068928
1.00946335792541
1.31135248243809
-1.75032433271407
-1.42532811760903
5
-1.09457589387894
-1.88307838141919
-1.96357206106186
2.06562933325767
1.13492132723332
5
-0.879451960325241
-0.95032855272293
-2.24339991509914
0.850601202249527
1.07098804116249
5
-0.343305879831315
-1.08845235407352
1.49052665829658
0.112997129559516
-1.37026613652706
2
7
1.29358645677567
2.60913285613059
1.46817916035652
-1.44282887578011
-2.14529104232788
-0.460468837618828
-0.920179396867752
7
0.108987694978714
1.00493605732917
-0.208446273207664
2.02089768946171
0.526751196384424
-0.460270336270332
0.567812082171439
|2
6
5
-0.827886521816254
1.27909188270569
0.793471956253052
-2.16401239931583
-0.157615205645561
5
-1.52286503911019
2.10255757868291
1.44271221756935
-1.88218677639961
-1.74958982169628
5
-0.750126615166666
1.72777910232544
1.79229089617729
-1.61515308618545
-1.14456610083581
5
-0.887276649475098
-2.32525208890438
-1.84755569398404
1.71346895098686
1.00103125572205
5
-0.811848500370979
-0.586361989378928
-2.81260450780392
0.917812523245812
1.18709968924522
5
-0.761474415659905
-1.08845235407352
1.23600662350654
-0.0683252781629569
-1.04281522035598
2
7
1.85941701829434
2.64160162210464
1.45035324394702
-1.83701703250408
-2.20578808784485
-0.409686288237572
-0.667450934648514
7
0.700951501727104
0.966788527369499
0.42451528608799
1.76779944896698
0.611058998107905
0.171633735299111
0.28847549855709
|2
6
5
-1.23514716625214
0.996187424659733
0.541653728485108
-1.3904511243105
-0.0736268818378445
5
-1.69888804554939
2.43988713324071
1.44271221756935
-1.60360088944435
-1.74958982169628
5
-0.750126615166666
1.72777910232544
1.32129946351051
-1.61515308618545
-1.33494268059732
5
-1.24520474672318
-1.68882583081723
-1.34590496718884
2.4530943095684
1.46874286532402
5
-0.952812093496322
-0.924445647001265
-2.64822679460049
0.767523846030236
1.17505789399147
5
-0.306098812818527
-1.02456167042255
1.26508234143257
0.189834585785865
-1.73236638307571
2
7
1.19713904857636
2.60913285613059
1.46817916035652
-1.44282887578011
-2.05451737344265
-0.460468837618828
-0.920179396867752
7
0.243958920240402
1.41522369086742
0.245755818486214
1.7584080606699
0.526751196384424
-0.460270336270332
0.624406084418296
|2
6
5
-1.10429521501064
1.29894770383835
0.41428052186966
-1.67258396446705
-0.468500182032585
5
-1.87057881951332
2.35828138887883
1.28557768464088
-2.0231611430645
-1.98314978778362
5
-0.750126615166666
1.64556270837784
1.59097741246223
-1.61515308618545
-1.33494268059732
5
-0.960654020309449
-1.70191479623318
-1.15119695961476
1.70337590575218
1.09229322969914
5
-0.952812093496322
-0.924445647001265
-2.64822679460049
0.805119189620019
1.18709968924522
5
-0.462504383921624
-1.15612466633319
1.23600662350654
0.112997129559516
-1.48161903619766
2
7
1.83612003028393
2.43191648125648
1.18963530361651
-1.64616677463054
-2.10890008211136
-0.421161815524102
-0.667450934648514
7
0.310075837373734
1.88004077672958
0.405243185162545
1.7584080606699
0.526751196384424
-0.460270336270332
0.624406084418296
|2
6
5
-1.0453691482544
0.996187424659733
0.541653728485108
-1.42654865086079
-0.185832259058952
5
-1.69888804554939
2.44608874917031
1.47265872359276
-1.6905209839344
-1.63782821595669
5
-0.750126615166666
1.51440830230713
1.59097741246223
-1.47489731013774
-1.33494268059732
5
-1.14540486335755
-1.65883176028729
-1.96357206106186
1.91746156811714
1.13492132723332
5
-0.569249847531318
-0.95032855272293
-2.37097168564796
0.964235848188401
1.1368961751461
5
-1.14303670823574
-1.40567674934864
0.839956432580944
-0.197787961363793
-1.16258515119553
2
7
1.80146881341934
2.52710776627063
1.10104214549064
-2.03340372741222
-2.03380137681961
-0.584028488397599
-1.1700246989727
7
0.797305247187614
1.21431536376476
0.165021649003029
2.04105364084244
0.307607781887049
0.372041454911233
0.200274300575256
|2
6
5
-1.23514716625214
0.996187424659733
0.468493402004242
-1.42654865086079
-0.396228954195976
5
-1.82149292826653
2.35828138887883
1.44271221756935
-1.88218677639961
-1.74958982169628
5
-0.750126615166666
1.73190180063248
1.59097741246223
-1.61515308618545
-1.33494268059732
5
-1.08998523950577
-1.68882583081723
-1.38565061986447
1.90343958735466
1.09229322969914
5
-0.952812093496322
-1.03973982930183
-2.64822679460049
0.767523846030236
1.18709968924522
5
-0.306098812818527
-1.02456167042255
0.970103114843364
0.189834585785865
-1.73236638307571
2
7
1.93107294738293
2.36869112849235
1.16402656435966
-1.38222009837627
-1.90379742383957
-0.869170409440995
-0.843119460344315
7
0.700951501727104
0.966788527369499
0.42451528608799
1.77121375799179
0.746997034549708
0.247089567780496
0.0817035764455792
|2
6
5
-0.492307680845261
1.06850768327713
1.00832122564316
-1.44953528940678
0.0760573416948322
5
-1.81611016392708
2.03346109390259
1.30536959767341
-2.06524564623832
-1.34194483458996
5
-0.904210653901102
1.00946335792541
1.27696209251881
-1.50977603197097
-1.42532811760903
5
-1.27346020936966
-1.65883176028729
-1.96357206106186
2.06562933325767
1.13492132723332
5
-0.504859083890915
-0.95032855272293
-2.429865655303
0.964235848188401
0.910561794042586
5
-0.761474415659905
-1.08845235407352
1.08182316422462
-0.0683252781629569
-1.29602708816528
2
7
1.83612003028393
2.43191648125648
1.34623908996581
-1.83701703250408
-2.13053649663925
-0.409686288237572
-0.68558434844017
7
0.215620800852775
1.47706267237663
0.29730387032032
2.29220328330994
0.841624653339381
0.103446912765504
0.325478109717369
|2
6
5
-0.570917880535126
1.27909188270569
0.634136474132538
-2.49728870689869
0.0269293576478959
5
-1.69888804554939
2.35828138887883
1.44271221756935
-1.90085012316704
-1.74958982169628
5
-0.851603630185129
1.72777910232544
1.59097741246223
-1.61515308618545
-1.33494268059732
5
-0.960654020309449
-1.68882583081723
-1.38565061986447
1.90343958735466
1.09229322969914
5
-0.952812093496322
-0.924445647001265
-2.64822679460049
0.562890109419823
1.18709968924522
5
-0.306098812818527
-1.02456167042255
0.957093864679332
0.189834585785865
-1.73236638307571
2
7
1.93107294738293
2.36869112849235
1.16402656435966
-1.6730927914381
-1.90379742383957
-0.869170409440995
-0.843119460344315
7
0.700951501727104
0.966788527369499
0.42451528608799
1.77121375799179
0.746997034549708
0.247089567780496
0.0817035764455792
|2
6
5
-0.659013542532922
1.11136612892151
0.803308153152466
-1.58541567623615
-0.254174980521202
5
-1.65773437619209
1.9700673699379
1.31662611365318
-1.75181986689567
-1.34194483458996
5
-1.05292566120625
1.72777910232544
1.07161788344383
-1.61515308618545
-1.08944910168649
5
-0.698334407806397
-1.65049570500851
-1.84755569398404
1.5159284055233
1.00103125572205
5
-0.819049301743507
-0.586361989378928
-2.81260450780392
1.31702600419521
1.18709968924522
5
-0.761474415659905
-1.08845235407352
1.23600662350654
-0.0683252781629569
-1.10754246711731
2
7
1.81034532487393
2.5285119742155
1.42479412555694
-1.83701703250408
-2.20578808784485
-0.409686288237572
-0.667450934648514
7
0.700951501727104
0.879868540167808
0.42451528608799
1.76779944896698
0.549527156352992
0.239336374402047
0.28847549855709
|2
6
5
-0.659013542532922
1.21606211662293
0.944081917405128
-1.58541567623615
-0.434013375639915
5
-1.65773437619209
1.9700673699379
1.31662611365318
-1.75181986689567
-1.34194483458996
5
-1.05292566120625
1.72777910232544
1.07161788344383
-1.61515308618545
-1.03870374560357
5
-0.960654020309449
-1.65049570500851
-1.84755569398404
1.5159284055233
1.00103125572205
5
-0.819049301743507
-0.586361989378928
-2.81260450780392
1.31702600419521
1.18709968924522
5
-0.761474415659905
-1.08845235407352
1.23600662350654
-0.0683252781629569
-1.10754246711731
2
7
1.81034532487393
2.5285119742155
1.36594649553298
-1.83701703250408
-2.20578808784485
-0.409686288237572
-0.667450934648514
7
0.700951501727104
0.966788527369499
0.42451528608799
1.76779944896698
0.549527156352992
0.171633735299111
0.28847549855709
|2
6
5
-0.492307680845261
1.06850768327713
1.00832122564316
-1.44953528940678
0.0936011701822284
5
-1.69888804554939
2.35828138887883
1.44271221756935
-1.90085012316704
-1.74958982169628
5
-0.750126615166666
1.72777910232544
1.59097741246223
-1.61515308618545
-1.33494268059732
5
-0.960654020309449
-1.68882583081723
-1.38565061986447
1.90343958735466
1.09229322969914
5
-0.952812093496322
-0.924445647001265
-2.64822679460049
0.767523846030236
1.3651414334774
5
-0.306098812818527
-1.02456167042255
0.970103114843364
0.189834585785865
-1.73236638307571
2
7
1.19713904857636
2.60913285613059
1.46817916035652
-1.44282887578011
-2.05451737344265
-0.460468837618828
-0.848498862981796
7
0.310075837373734
1.68440166711807
0.245755818486214
1.7584080606699
0.526751196384424
-0.460270336270332
0.624406084418296
|2
6
5
-1.51254444122315
0.895787799358372
0.541653728485108
-1.3904511243105
-0.0736268818378445
5
-1.75988716483116
2.43988713324071
1.44271221756935
-1.45331113934517
-1.74958982169628
5
-0.750126615166666
1.72777910232544
1.32129946351051
-1.61515308618545
-1.33494268059732
5
-0.96658252477646
-1.68882583081723
-1.34590496718884
2.4530943095684
1.258807939291
5
-0.952812093496322
-0.924445647001265
-2.64822679460049
0.767523846030236
1.17505789399147
5
-0.306098812818527
-1.02456167042255
1.54241002202034
0.189834585785865
-1.73236638307571
2
7
1.93107294738293
2.36869112849235
1.16402656435966
-1.6730927914381
-1.90379742383957
-0.869170409440995
-0.825480288267136
7
0.700951501727104
0.966788527369499
0.42451528608799
1.77121375799179
0.746997034549708
0.247089567780496
0.0817035764455792
|2
6
5
-1.23514716625214
0.996187424659733
0.541653728485108
-1.3904511243105
-0.0736268818378445
5
-1.69888804554939
2.43988713324071
1.44271221756935
-1.45331113934517
-1.74958982169628
5
-0.750126615166666
1.72777910232544
1.32129946351051
-1.61515308618545
-1.33494268059732
5
-0.96658252477646
-1.68882583081723
-1.34590496718884
2.54148174226284
1.46874286532402
5
-0.952812093496322
-0.924445647001265
-2.49924611449242
0.767523846030236
1.17505789399147
5
-0.306098812818527
-1.02456167042255
1.26508234143257
0.189834585785865
-1.73236638307571
2
7
1.19713904857636
2.60913285613059
1.46817916035652
-1.44282887578011
-2.05451737344265
-0.460468837618828
-0.920179396867752
7
0.797305247187614
1.21431536376476
0.165021649003029
2.04105364084244
0.310216069221491
0.372041454911233
0.200274300575256
|2
6
5
-1.23514716625214
0.996187424659733
0.468493402004242
-1.42654865086079
-0.396228954195976
5
-1.69888804554939
2.44608874917031
1.47265872359276
-1.6905209839344
-1.52444126307964
5
-0.750126615166666
1.51440830230713
1.59097741246223
-1.47489731013774
-1.33494268059732
5
-1.14589806795121
-1.65883176028729
-1.96357206106186
1.91746156811714
1.13492132723332
5
-0.569249847531318
-0.95032855272293
-2.33104357123375
0.964235848188401
1.1368961751461
5
-1.14303670823574
-1.40567674934864
1.01340709328651
-0.197787961363793
-1.16258515119553
2
7
1.80146881341934
2.52710776627063
1.10104214549064
-2.03340372741222
-1.9666440486908
-0.584028488397599
-1.1700246989727
7
0.310075837373734
1.68440166711807
0.245755818486214
1.7584080606699
0.526751196384424
-0.480191746354103
0.624406084418296
|2
6
5
-0.986429589986802
1.29894770383835
0.541653728485108
-1.69059939682484
-0.468500182032585
5
-1.69888804554939
2.35828138887883
1.44271221756935
-1.59329763054848
-1.74958982169628
5
-0.750126615166666
1.72777910232544
1.59097741246223
-1.61515308618545
-1.33494268059732
5
-0.960654020309449
-1.68882583081723
-1.38565061986447
1.90343958735466
1.09229322969914
5
-0.918454927206039
-0.95032855272293
-2.429865655303
0.964235848188401
0.910561794042586
5
-0.653890448808671
-1.08845235407352
1.08182316422462
-0.0683252781629569
-1.29602708816528
2
7
1.83612003028393
2.43191648125648
1.34623908996581
-1.83701703250408
-2.13053649663925
-0.409686288237572
-0.68558434844017
7
0.215620800852775
1.47706267237663
0.29730387032032
2.29220328330994
0.841624653339381
0.103446912765504
0.325478109717369
|2
6
5
-0.570917880535126
1.27909188270569
0.634136474132538
-2.24847340881824
0.0269293576478959
5
-1.81611016392708
2.03346109390259
1.12004011273383
-1.70554017424583
-1.52154612243176
5
-0.685212436318399
1.00946335792541
1.27696209251881
-1.75386677980422
-1.42532811760903
5
-1.27346020936966
-1.65883176028729
-1.96357206106186
2.06562933325767
1.13492132723332
5
-0.952812093496322
-0.924445647001265
-2.64822679460049
0.767523846030236
1.18709968924522
5
-0.306098812818527
-1.02456167042255
0.970103114843364
0.389155760407447
-1.73236638307571
2
7
2.03083466291428
2.36869112849235
1.16402656435966
-1.6730927914381
-1.90379742383957
-0.61503046154976
-0.843119460344315
7
0.697175630927086
0.966788527369499
0.42451528608799
1.77121375799179
0.746997034549708
0.247089567780496
0.0817035764455792
|2
6
5
-0.827886521816254
1.27909188270569
0.686166965961456
-2.42105979025364
0.0432234913110734
5
-1.48783903717994
2.03346109390259
1.30556779503822
-1.90557052493095
-1.34194483458996
5
-0.904210653901102
1.00946335792541
1.27696209251881
-1.66256266832351
-1.42532811760903
5
-1.09013801813126
-1.39633780419827
-1.96357206106186
2.06562933325767
1.13492132723332
5
-0.819049301743507
-0.586361989378928
-2.71812029778957
0.823841902613641
1.18709968924522
5
-1.14303670823574
-1.40567674934864
1.01340709328651
-0.197787961363793
-1.39565834999085
2
7
1.69900600612164
2.52710776627063
1.10104214549064
-2.32731568515301
-1.9666440486908
-0.584028488397599
-0.943740671873093
7
0.797305247187614
1.21431536376476
0.165021649003029
2.04105364084244
0.307607781887049
0.372041454911233
0.200274300575256
|2
6
5
-0.827886521816254
1.27909188270569
1.02624881565571
-2.16401239931583
0.0269293576478959
5
-1.65773437619209
2.03346109390259
1.47923603653907
-1.90557052493095
-1.34194483458996
5
-1.43617335557938
1.13400150537491
1.53494940102101
-1.26899044513702
-1.35431631207467
5
-1.02249054312706
-1.88722511231899
-1.65523751676083
1.94486086964607
0.447109639644627
5
-0.460654026269912
-0.894385182857512
-1.9000134319067
0.726252490282059
0.897055298089977
5
-1.36963129937649
-1.1811819344759
1.21797584891319
-0.00809412896633213
-1.31033213138581
2
7
1.43267913758755
2.33935005068778
1.08603489995002
-1.49044809043407
-1.90379742383957
-1.13500553965569
-0.594166117906571
7
0.918051573634148
0.953354129195213
0.42451528608799
1.77121375799179
0.937014019489283
0.247089567780496
-0.16602295935154
|2
6
5
-0.827886521816254
1.27909188270569
0.909464943408966
-2.16401239931583
0.0269293576478959
5
-1.65773437619209
2.03346109390259
1.52708764672279
-1.90557052493095
-1.34194483458996
5
-0.645706036686899
1.72777910232544
1.79229089617729
-1.61515308618545
-1.14456610083581
5
-0.709870195388795
-2.32525208890438
-1.64434810578823
1.71346895098686
1.00103125572205
5
-0.819049301743507
-0.586361989378928
-2.81260450780392
0.767241749167443
1.18709968924522
5
-1.14303670823574
-1.40567674934864
0.921258229017253
-0.377682504057885
-1.38147114515305
2
7
1.93107294738293
2.36869112849235
1.16402656435966
-1.84697797000408
-1.90379742383957
-0.869170409440995
-0.843119460344315
7
0.581093272566795
0.966788527369499
0.42451528608799
1.77121375799179
1.04553791284561
0.247089567780496
0.0817035764455792

