40
757
|2
6
5
-1.05841636061668
1.82817180752754
0.0259506225585942
-2.04255319535732
-0.410739910602569
5
-2.92579188942909
2.3540985196829
0.88989180028437
-2.00635723769666
-1.6706564605236
5
-1.31766412556171
1.13163882791995
1.31398876309394
-1.40582390129565
-2.14558799862862
5
0.017203265428539
-1.01276717185974
-1.89413473010063
2.22366890609264
0.902087935805326
5
-1.12434934675694
-1.99155377745628
-2.40213778316974
0.804058286547662
0.194590747356409
5
-1.07633371949196
-1.74099260866642
2.43171508014201
1.42861229181289
-1.73193601369859
2
7
1.29276264309884
4.40674509108065
2.06453491449355
-3.6211217880249
-0.92748108506203
-0.0333514153957369
-0.879728913307194
7
0.50584075152874
1.10329713225365
-0.185358837246894
1.19696784615517
-0.0822601228952475
-0.362760317325592
0.340953114628791
|2
6
5
-1.03014398217201
1.96394887566567
-0.715532934665679
-2.28040948808193
-0.507374930381775
5
-3.01848017275333
2.64137444198133
0.88989180028437
-2.0792399019003
-1.3899532020092
5
-1.07131252586841
1.00856973528861
1.04759390950202
-1.01208416521548
-1.82825993597508
5
-0.0240693598985713
-0.979522666335105
-1.63074606060981
2.48324755132198
1.07746767699719
5
-1.12434934675694
-1.6216779500246
-2.48385981917381
1.21506908833981
0.715240311622614
5
-0.945235362648961
-1.83276437222957
2.6713921278715
1.49590508937835
-1.93029795885087
2
7
1.50618647933007
4.35004530251025
2.26198687553405
-3.41220792531967
-0.923151677846912
0.0634611040353773
-0.879728913307194
7
0.140824934840202
1.10329713225365
-0.185358837246894
1.19696784615517
-0.0822601228952475
-0.362760317325592
0.340953114628791
|2
6
5
-1.03014398217201
2.21064469218254
-0.146029043197631
-2.04255319535732
-0.507374930381775
5
-3.16781715750694
2.34279794394971
0.88989180028437
-2.0792399019003
-1.41734914183616
5
-1.31766412556171
0.882318371534342
1.25784934163093
-1.40582390129565
-2.14558799862862
5
0.224788862466808
-1.1478484749794
-1.67929083406925
2.22366890609264
0.902087935805326
5
-1.32096554040909
-1.63067163825035
-2.48385981917381
1.01852124631405
0.536409032344813
5
-1.7492566972971
-2.28079408407211
2.56753838956355
1.38103516995907
-1.94547790288926
2
7
1.28979322314263
4.13813433945178
2.1440210700035
-3.37077941894531
-1.33900694251061
0.0634611040353773
-0.879728913307194
7
0.50584075152874
0.984102123975752
-0.244825127720832
1.12301787734032
-0.0822601228952475
-0.362760317325592
0.340953114628791
|2
6
5
-1.03014398217201
1.73504161238671
-0.536152160167694
-2.28040948808193
-0.507374930381775
5
-3.01848017275333
2.64137444198133
0.88989180028437
-2.0792399019003
-1.41734914183616
5
-1.07131252586841
0.960445576906199
1.04759390950202
-1.01208416521548
-1.82825993597508
5
-0.0240693598985713
-1.16391144692898
-1.63074606060981
2.48324755132198
1.07746767699719
5
-1.16829991638661
-1.99155377745628
-2.46911271214485
1.21506908833981
0.715240311622614
5
-1.61299839615822
-2.03944933712482
2.28551104962825
1.42861229181289
-1.90842769145967
2
7
1.28979322314263
4.35004530251025
2.26198687553405
-3.41220792531967
-0.923151677846912
0.0634611040353773
-0.879728913307194
7
0.50584075152874
1.24514257311821
-0.185358837246894
1.12301787734032
-0.0822601228952475
-0.362760317325592
0.340953114628791
|2
6
5
-0.714561671018599
1.85882858932019
-0.0658052980899806
-1.72060937285423
-0.442788955569267
5
-2.93162665963173
2.34279794394971
0.88989180028437
-2.16860856711865
-1.52704136967659
5
-1.07131252586841
0.971402803063387
1.25220901370048
-1.47559262812137
-2.14558799862862
5
0.017203265428539
-1.38555453717709
-1.78595576882362
2.48259570300579
0.83572876155377
5
-1.12434934675694
-1.99155377745628
-2.48385981917381
1.09155683219433
0.307763767242426
5
-1.34261363148689
-1.74099260866642
2.43171508014201
1.42861229181289
-1.93029795885087
2
7
0.997772222757345
4.40674509108065
2.34093440771102
-3.6211217880249
-0.843163913488391
0.209486132860184
-0.879728913307194
7
0.794665166735649
1.11669709086418
-0.135261359810828
1.53542553782463
-0.163715404272086
0.156245625019074
0.00919840633869112
|2
6
5
-0.714561671018599
1.85882858932019
-0.0658052980899806
-1.72060937285423
-0.296173840761184
5
-2.83542132973671
2.3540985196829
0.849294063448891
-2.0792399019003
-1.59427022337913
5
-1.26185951530933
0.800788453221316
1.53355527818202
-1.57417128384112
-1.99041326642037
5
0.017203265428539
-1.08086232542992
-1.78595576882362
2.47511477172374
0.722187018394475
5
-1.19669045507908
-1.4505659610033
-2.39545929729938
1.21506908833981
0.715240311622614
5
-1.16756827235222
-1.94539960920811
2.43171508014201
1.3294924378395
-1.93029795885087
2
7
1.78702914118767
4.08707523643969
2.26198687553405
-3.41220792531967
-0.923151677846912
0.0634611040353773
-1.212280023098
7
0.482001635432243
1.17147462964058
-0.0274141341447822
1.28194054961205
-0.163715404272086
-0.0984653830528259
0.52927841246128
|2
6
5
-0.714561671018599
1.85882858932019
-0.0658052980899806
-1.79226083159446
-0.276718375086784
5
-2.81096245348453
2.48142043352129
0.88989180028437
-2.16860856711865
-1.29969411492347
5
-1.31181057989597
0.96388757526874
1.17236955761909
-1.47559262812137
-2.09000497460366
5
0.017203265428539
-1.38555453717709
-1.78595576882362
2.64417707026004
0.644732090830808
5
-1.12434934675694
-2.19846903681755
-2.48385981917381
1.18961049020291
0.307763767242426
5
-0.945235362648961
-1.93246386051178
2.43171508014201
1.49590508937835
-1.93029795885087
2
7
1.78702914118767
4.35004530251025
2.26198687553405
-3.41220792531967
-0.923151677846912
0.0634611040353773
-0.973165810108189
7
0.482001635432243
1.17147462964058
0.0369864553213128
1.35200203061104
-0.163715404272086
0.156245625019074
0.245709481835365
|2
6
5
-1.03014398217201
1.73504161238671
-0.715532934665679
-2.24549402892589
-0.507374930381775
5
-2.84539474844933
2.3540985196829
0.849294063448891
-2.0792399019003
-1.59427022337913
5
-0.64423333406448
0.779098930954928
1.44423722624778
-1.57417128384112
-1.99041326642037
5
0.017203265428539
-1.08086232542992
-1.78595576882362
2.47511477172374
0.722187018394475
5
-1.12434934675694
-1.95035443902016
-2.48385981917381
0.844051596522333
0.276503980159754
5
-1.34261363148689
-1.71027305424213
2.43171508014201
0.916232264041897
-1.70103864669801
2
7
1.1949364989996
4.34001665711402
2.34093440771102
-3.79577322006225
-1.12941312193871
0.344364616274833
-0.879175913333897
7
0.533942648768425
1.21304532885551
-0.17880358994007
1.70240512788296
-0.398775333166129
0.156245625019074
0.360353273153304
|2
6
5
-0.714561671018599
1.85882858932019
-0.0658052980899806
-1.72060937285423
-0.462590962648392
5
-2.84539474844933
2.3540985196829
0.849294063448891
-2.0792399019003
-1.59427022337913
5
-0.778377750515934
0.800788453221316
1.44423722624778
-1.58689307272433
-1.85544330179692
5
0.017203265428539
-1.17362037301063
-1.78595576882362
2.65869245231151
0.872930669784551
5
-1.3918125063181
-1.6216779500246
-2.48385981917381
1.21506908833981
0.715240311622614
5
-0.945235362648961
-1.83294626176357
2.43171508014201
1.49590508937835
-1.84212495982648
2
7
1.78702914118767
4.35004530251025
2.26198687553405
-3.41220792531967
-0.923151677846912
0.024472978711128
-0.973165810108189
7
0.482001635432243
1.17147462964058
-0.0274141341447822
1.28194054961205
-0.163715404272086
0.156245625019074
0.316313770413398
|2
6
5
-1.31344673037529
1.72518084645271
-0.144191873073577
-2.04255319535732
-0.410739910602569
5
-2.84539474844933
2.3540985196829
0.88989180028437
-2.33814509809018
-1.40541180968284
5
-1.31766412556171
1.03886254131793
1.07195838093757
-1.47783931791782
-2.38907707333565
5
0.194944423437114
-1.53951333463192
-1.78595576882362
2.48259570300579
0.83572876155377
5
-1.12434934675694
-1.99155377745628
-2.48385981917381
1.09155683219433
0.307763767242426
5
-1.51394062638283
-1.74099260866642
2.43171508014201
1.71069628000259
-1.93029795885087
2
7
1.6554466098547
4.35004530251025
2.26198687553405
-3.41220792531967
-0.923151677846912
0.0634611040353773
-1.16954209804535
7
0.533942648768425
1.17147462964058
0.184578368067742
1.28194054961205
-0.163715404272086
0.156245625019074
0.250540998578071
|2
6
5
-0.841753703355787
1.88264514803887
-0.0105004906654353
-2.04255319535732
-0.410739910602569
5
-2.80912109017372
2.3540985196829
0.88989180028437
-2.0792399019003
-1.32974105179309
5
-0.997931399941436
0.686967054009433
1.40054951310158
-1.33257215619086
-2.35322209000588
5
0.242844241857525
-0.93800655901432
-1.63870725035667
2.22366890609264
0.700638803839689
5
-1.16829991638661
-1.99155377745628
-2.46911271214485
1.21506908833981
0.715240311622614
5
-1.61299839615822
-2.01645669043064
2.28551104962825
1.42861229181289
-1.90842769145967
2
7
1.28979322314263
4.35004530251025
2.26198687553405
-3.41220792531967
-0.923151677846912
-0.202512821555138
-0.879728913307194
7
0.50584075152874
1.24514257311821
-0.185358837246894
1.12301787734032
-0.0822601228952475
-0.362760317325592
0.340953114628791
|2
6
5
-1.03014398217201
1.9659598082304
0.0775369673967366
-2.04255319535732
-0.410739910602569
5
-3.08753492236137
2.20472912490369
0.734680590033516
-2.0792399019003
-1.40541180968284
5
-1.31766412556171
1.03100724518299
1.31398876309394
-1.47783931791782
-2.2534378439188
5
0.272662931680675
-0.844588124752044
-1.89413473010063
2.25877798497676
0.902087935805326
5
-0.879298484325411
-1.61274707913399
-2.14819066822529
0.78571787774563
0.536409032344813
5
-1.84323067963123
-2.04586147069931
2.27184830605983
1.09651319682598
-2.3700564980507
2
7
1.29565370678902
4.16947005093097
2.26198687553405
-3.17154815196991
-1.01426377892495
0.0634611040353773
-0.916015169024472
7
0.490436324477196
1.3962866961956
0.0990632504224785
1.67078872323037
-0.512520128488547
0.166949597001076
0.330141201615334
|2
6
5
-0.714561671018599
1.85882858932019
-0.00663937926292373
-1.43576056361198
-0.442788955569267
5
-2.84539474844933
2.3540985196829
0.849294063448891
-2.0792399019003
-1.87179374098777
5
-0.778377750515934
0.800788453221316
1.63164710402488
-1.57417128384112
-1.99041326642037
5
0.017203265428539
-1.17362037301063
-1.59130235314369
2.47511477172374
0.603485321998601
5
-1.12434934675694
-1.6216779500246
-2.48385981917381
1.21506908833981
0.715240311622614
5
-0.945235362648961
-1.93246386051178
2.43171508014201
1.45096839666366
-1.93029795885087
2
7
1.50618647933007
4.35004530251025
2.26198687553405
-3.41220792531967
-1.06190002560616
-0.23167025744915
-0.879728913307194
7
0.777820393443108
1.4693916618824
-0.0274141341447822
1.28194054961205
-0.163715404272086
0.156245625019074
-0.267554566264153
|2
6
5
-1.03014398217201
2.21064469218254
-0.146029043197631
-2.04255319535732
-0.507374930381775
5
-3.16781715750694
2.34279794394971
0.88989180028437
-2.0792399019003
-1.41734914183616
5
-1.31766412556171
0.882318371534342
1.09776888489723
-1.40582390129565
-2.14558799862862
5
0.224788862466808
-1.1478484749794
-1.67929083406925
2.22366890609264
0.902087935805326
5
-1.32096554040909
-1.63067163825035
-2.48385981917381
0.749324235320093
0.536409032344813
5
-1.7492566972971
-2.28079408407211
2.56753838956355
1.38103516995907
-1.94547790288926
2
7
1.28979322314263
4.13813433945178
2.1440210700035
-3.37077941894531
-1.33900694251061
0.0634611040353773
-0.879728913307194
7
0.777820393443108
1.44141529202461
-0.205945685505866
1.28194054961205
-0.163715404272086
0.156245625019074
-0.267554566264153
|2
6
5
-0.714561671018599
1.85882858932019
-0.0658052980899806
-1.43576056361198
-0.442788955569267
5
-2.84539474844933
2.3540985196829
0.849294063448891
-2.0792399019003
-1.87179374098777
5
-0.778377750515934
0.800788453221316
1.44423722624778
-1.57417128384112
-1.99041326642037
5
0.017203265428539
-1.17362037301063
-1.78595576882362
2.47511477172374
0.889555716514593
5
-1.12434934675694
-1.6216779500246
-2.78125728964805
1.21506908833981
0.715240311622614
5
-0.945235362648961
-1.93246386051178
2.43171508014201
1.45096839666366
-1.93029795885087
2
7
1.50618647933007
4.35004530251025
2.26198687553405
-3.41220792531967
-1.06190002560616
-0.23167025744915
-0.879728913307194
7
0.209106609225273
0.984102123975752
-0.244825127720832
1.12301787734032
-0.0822601228952475
-0.362760317325592
0.340953114628791
|2
6
5
-1.03014398217201
1.73504161238671
-0.715532934665679
-2.24549402892589
-0.507374930381775
5
-2.84539474844933
2.3540985196829
0.849294063448891
-2.32833887040616
-1.59427022337913
5
-0.64423333406448
0.800788453221316
1.44423722624778
-1.57417128384112
-1.99041326642037
5
0.017203265428539
-1.03105738759041
-1.78595576882362
2.47511477172374
0.722187018394475
5
-1.12434934675694
-1.64395430386066
-2.48385981917381
1.21506908833981
0.628083574771875
5
-0.945235362648961
-1.93246386051178
2.44828902184962
1.49590508937835
-1.93029795885087
2
7
1.50618647933007
4.35004530251025
2.26198687553405
-3.41220792531967
-0.923151677846912
0.0634611040353773
-0.879728913307194
7
0.777820393443108
1.45334375500679
-0.0274141341447822
1.28194054961205
-0.163715404272086
0.42593891620636
-0.117600128054619
|2
6
5
-0.714561671018599
1.94675697088242
-0.0658052980899806
-1.72060937285423
-0.462590962648392
5
-2.93162665963173
2.34279794394971
0.88989180028437
-2.16860856711865
-1.52704136967659
5
-1.26923401653766
0.825931659340853
1.25220901370048
-1.47559262812137
-2.14558799862862
5
0.104607364535328
-1.37646617591381
-1.78595576882362
2.48259570300579
0.83572876155377
5
-1.12434934675694
-1.99155377745628
-2.48385981917381
1.19049571752548
0.307763767242426
5
-1.19312197268009
-1.74099260866642
2.3525953143835
1.42861229181289
-2.03676731586457
2
7
0.997772222757345
4.3661530047655
2.05741676092147
-3.6211217880249
-0.710792043805126
0.209486132860184
-0.879728913307194
7
1.05979158580303
1.00567688345909
-0.0274141341447822
1.05475741028786
-0.163715404272086
-0.362760317325592
0.250540998578071
|2
6
5
-1.03014398217201
1.82817180752754
-0.0105004906654353
-2.04255319535732
-0.410739910602569
5
-2.84539474844933
2.3540985196829
0.88989180028437
-2.33814509809018
-1.40541180968284
5
-1.31766412556171
1.03886254131793
1.07195838093757
-1.47783931791782
-2.38907707333565
5
0.194944423437114
-1.53951333463192
-1.78595576882362
2.48259570300579
0.90959475934506
5
-1.12434934675694
-2.00059214234352
-2.48385981917381
1.09155683219433
0.307763767242426
5
-1.51394062638283
-1.74099260866642
2.43171508014201
1.71069628000259
-1.93029795885087
2
7
1.78702914118767
4.08707523643969
2.26198687553405
-3.36395645141601
-0.923151677846912
0.0634611040353773
-1.212280023098
7
0.439269718527794
1.17147462964058
-0.0274141341447822
1.28194054961205
-0.163715404272086
-0.0984653830528259
0.52927841246128
|2
6
5
-0.714561671018599
1.85882858932019
-0.0658052980899806
-1.79226083159446
-0.276718375086784
5
-2.87650115787983
2.48142043352129
0.88989180028437
-2.16860856711865
-1.29969411492347
5
-1.31181057989597
1.25275411903858
1.17236955761909
-1.47559262812137
-2.09000497460366
5
0.017203265428539
-1.38555453717709
-1.78595576882362
2.34424667358398
0.644732090830808
5
-1.12434934675694
-2.19846903681755
-2.48385981917381
1.2980111092329
0.307763767242426
5
-1.16756827235222
-1.94539960920811
2.43171508014201
1.38844120502472
-1.93029795885087
2
7
1.6554466098547
4.35004530251025
2.26198687553405
-3.41220792531967
-1.11698362231255
0.0634611040353773
-0.747403034567837
7
0.533942648768425
1.17147462964058
0.184578368067742
1.28194054961205
-0.163715404272086
0.156245625019074
0.250540998578071
|2
6
5
-1.31344673037529
1.70558108687401
-0.144191873073577
-2.04255319535732
-0.410739910602569
5
-2.52929430603981
2.3540985196829
0.88989180028437
-2.0792399019003
-1.32974105179309
5
-0.93336015045642
0.686967054009433
1.40054951310158
-1.33257215619086
-2.35322209000588
5
0.242844241857525
-0.93800655901432
-1.63870725035667
2.22366890609264
0.762568470835691
5
-1.397136297822
-1.4505659610033
-2.48385981917381
1.21506908833981
0.715240311622614
5
-0.945235362648961
-1.93246386051178
2.43171508014201
1.49590508937835
-1.93029795885087
2
7
1.78702914118767
4.35004530251025
2.26198687553405
-3.41220792531967
-0.923151677846912
0.0634611040353773
-0.973165810108189
7
0.414831218123436
1.17147462964058
-0.0274141341447822
1.28194054961205
-0.163715404272086
0.156245625019074
0.245709481835365
|2
6
5
-0.714561671018599
1.98891650438309
-0.0658052980899806
-1.99135755896568
-0.296173840761184
5
-2.83542132973671
2.3540985196829
1.04708795249461
-2.0792399019003
-1.59427022337913
5
-1.05136111080646
0.800788453221316
1.53355527818202
-1.57417128384112
-1.99041326642037
5
0.017203265428539
-1.08086232542992
-1.78595576882362
2.47511477172374
0.442705345153814
5
-1.16829991638661
-1.99155377745628
-2.46911271214485
1.21506908833981
0.715240311622614
5
-1.90838163495064
-1.75314630568027
2.2236514776945
1.42861229181289
-1.90842769145967
2
7
1.29954383969308
4.35004530251025
2.06552050113677
-3.41220792531967
-1.18305286765099
0.168903166055679
-0.879728913307194
7
0.666371676325798
0.984102123975752
-0.244825127720832
1.12301787734032
-0.0822601228952475
-0.242067286372185
0.340953114628791
|2
6
5
-1.03014398217201
1.867161282897
-0.536152160167694
-2.28040948808193
-0.507374930381775
5
-2.83772307634354
2.64137444198133
0.88989180028437
-2.0792399019003
-1.41734914183616
5
-1.07131252586841
0.971402803063387
1.25220901370048
-1.47559262812137
-2.14558799862862
5
0.017203265428539
-1.38555453717709
-1.78595576882362
2.21950354278087
0.83572876155377
5
-1.12434934675694
-1.99155377745628
-2.48385981917381
1.09155683219433
0.307763767242426
5
-1.34261363148689
-1.74099260866642
2.43171508014201
1.15566869974136
-2.17929035425187
2
7
0.997772222757345
4.40674509108065
2.34093440771102
-3.6211217880249
-0.843163913488391
0.209486132860184
-0.879728913307194
7
0.794665166735649
1.11669709086418
-0.135261359810828
1.53542553782463
-0.163715404272086
0.156245625019074
0.00919840633869112
|2
6
5
-0.714561671018599
1.85882858932019
-0.0658052980899806
-1.72060937285423
-0.442788955569267
5
-2.93162665963173
2.34279794394971
0.88989180028437
-2.16860856711865
-1.52704136967659
5
-1.07131252586841
0.960445576906199
1.00428900122642
-1.01208416521548
-1.82825993597508
5
-0.0240693598985713
-1.16391144692898
-1.44854288697242
2.57232463359832
1.10150652825833
5
-1.16829991638661
-1.99155377745628
-2.46911271214485
1.21506908833981
0.715240311622614
5
-1.61299839615822
-2.03944933712482
2.28551104962825
1.42861229181289
-1.90842769145967
2
7
1.28979322314263
4.64601562321185
2.52009584903716
-3.67747918367386
-0.923151677846912
0.0634611040353773
-0.879728913307194
7
0.50584075152874
0.795798033475875
-0.270949092507362
1.12301787734032
-0.0822601228952475
-0.362760317325592
0.146051004528999
|2
6
5
-0.96073445677757
1.75921278595925
-0.715532934665679
-2.32367012202739
-0.507374930381775
5
-3.01848017275333
2.64137444198133
0.88989180028437
-2.0792399019003
-1.1677698791027
5
-1.19664231836795
1.00856973528861
1.04759390950202
-1.04430425465106
-1.82825993597508
5
-0.221153491735462
-1.38555453717709
-1.78595576882362
2.49859521389007
0.644732090830808
5
-1.12434934675694
-1.99155377745628
-2.48385981917381
1.09155683219433
0.307763767242426
5
-1.35876464247703
-1.94539960920811
2.43171508014201
1.20801558494568
-1.93029795885087
2
7
1.28979322314263
4.27753156721591
2.20050319731235
-3.86293927431106
-1.12079986929894
0.13765529692173
-0.81869819760323
7
0.533942648768425
1.21304532885551
-0.0274141341447822
1.55423776507378
-0.163715404272086
0.156245625019074
0.250540998578071
|2
6
5
-0.714561671018599
1.85882858932019
-0.0658052980899806
-1.71858430504799
-0.276718375086784
5
-3.01174013018608
2.48142043352129
0.88989180028437
-2.16860856711865
-1.00961657166481
5
-1.31181057989597
0.96388757526874
1.17236955761909
-1.47559262812137
-2.09000497460366
5
-0.0240693598985713
-0.979522666335105
-1.63074606060981
2.48324755132198
1.07746767699719
5
-1.16829991638661
-1.99155377745628
-2.5978366792202
1.21506908833981
0.715240311622614
5
-1.61299839615822
-2.03944933712482
2.28551104962825
1.42861229181289
-1.90842769145967
2
7
1.24912335276604
4.15818925201892
2.26198687553405
-3.58167639970779
-0.923151677846912
0.151470023393631
-0.879728913307194
7
0.50584075152874
1.44073182940483
-0.185358837246894
1.12301787734032
0.165838131308549
-0.174953758716583
0.340953114628791
|2
6
5
-0.714561671018599
1.85882858932019
-0.0658052980899806
-1.79226083159446
-0.276718375086784
5
-2.87650115787983
2.48142043352129
0.88989180028437
-2.16860856711865
-1.05313737988472
5
-1.31181057989597
0.96388757526874
1.17236955761909
-1.47559262812137
-2.09000497460366
5
0.017203265428539
-1.38555453717709
-1.78595576882362
2.49859521389007
0.644732090830808
5
-1.12434934675694
-2.19846903681755
-2.48385981917381
1.2980111092329
0.307763767242426
5
-1.16756827235222
-1.94539960920811
2.43171508014201
1.38710557222366
-1.94805886745454
2
7
1.78702914118767
4.08707523643969
2.26198687553405
-3.41220792531967
-0.923151677846912
0.0634611040353773
-1.212280023098
7
0.50584075152874
1.24514257311821
-0.0214678555726997
1.12088316082955
-0.0822601228952475
-0.174953758716583
0.340953114628791
|2
6
5
-1.03014398217201
1.6411701977253
-0.817448365688323
-2.32915005385875
-0.507374930381775
5
-2.91164972782135
2.64137444198133
0.88989180028437
-2.0792399019003
-1.41734914183616
5
-1.07131252586841
0.960445576906199
1.04759390950202
-1.11370830833911
-1.82825993597508
5
-0.0240693598985713
-1.16391144692898
-1.63074606060981
2.48324755132198
1.07746767699719
5
-1.04481095075608
-1.99155377745628
-2.67170861363411
1.21506908833981
0.715240311622614
5
-1.44273012280464
-2.03944933712482
2.53444758355616
1.42861229181289
-1.90842769145967
2
7
1.28979322314263
4.64601562321185
2.41034939587115
-3.41220792531967
-0.636981505155567
0.0634611040353773
-0.879728913307194
7
0.482001635432243
1.17147462964058
-0.0274141341447822
1.28194054961205
0.0919185698032313
-0.0984653830528259
0.52927841246128
|2
6
5
-1.03014398217201
1.82817180752754
-0.0105004906654353
-1.98554649055004
-0.459525966644287
5
-2.75209393799305
2.3540985196829
0.88989180028437
-2.33814509809018
-1.40541180968284
5
-1.31766412556171
1.03886254131793
1.07195838093757
-1.47783931791782
-2.38907707333565
5
0.194944423437114
-1.53951333463192
-1.78595576882362
2.48259570300579
0.83572876155377
5
-1.12434934675694
-1.99155377745628
-2.48385981917381
1.09155683219433
0.307763767242426
5
-1.51394062638283
-1.74099260866642
2.43171508014201
1.41815725564956
-1.93029795885087
2
7
1.6554466098547
4.35004530251025
2.26198687553405
-3.41220792531967
-0.923151677846912
0.188782054185867
-0.879728913307194
7
0.533942648768425
1.17147462964058
0.184578368067742
1.28194054961205
-0.163715404272086
0.156245625019074
0.250540998578071
|2
6
5
-1.03014398217201
1.73504161238671
-0.708975362777709
-2.24549402892589
-0.507374930381775
5
-2.84539474844933
2.3540985196829
0.849294063448891
-2.0792399019003
-1.59427022337913
5
-0.64423333406448
0.715698233246798
1.44423722624778
-1.57417128384112
-1.99041326642037
5
0.017203265428539
-0.957535856962204
-1.74497229456901
2.43792265355587
0.722187018394475
5
-1.12434934675694
-1.37374921143055
-2.48385981917381
1.21506908833981
0.628083574771875
5
-0.945235362648961
-1.93246386051178
2.44828902184962
1.49590508937835
-1.93029795885087
2
7
1.50618647933007
4.35004530251025
2.26198687553405
-3.41220792531967
-0.923151677846912
-0.220589336752892
-0.879728913307194
7
0.777820393443108
1.17147462964058
-0.0274141341447822
1.28194054961205
-0.163715404272086
0.567512479424477
0.177374485135078
|2
6
5
-1.03014398217201
1.85616130232811
-0.715532934665679
-2.28040948808193
-0.507374930381775
5
-3.01848017275333
2.64137444198133
0.88989180028437
-2.0792399019003
-1.3899532020092
5
-1.07131252586841
1.00856973528861
1.04759390950202
-1.01208416521548
-1.82825993597508
5
-0.0240693598985713
-0.979522666335105
-1.63074606060981
2.50222439467907
1.07746767699719
5
-1.12434934675694
-1.6216779500246
-2.48385981917381
1.51038645207882
0.715240311622614
5
-0.945235362648961
-1.83276437222957
2.6713921278715
1.49590508937835
-1.93029795885087
2
7
1.50618647933007
4.15893290340899
2.26198687553405
-3.41220792531967
-0.923151677846912
0.0634611040353773
-0.879728913307194
7
0.426886531710625
1.23402498662471
-0.50071201622486
1.53542553782463
-0.182007747888572
0.156245625019074
0.00919840633869112
|2
6
5
-1.05841636061668
1.88761181235314
0.0683952212333684
-2.04255319535732
-0.111752998828888
5
-2.92579188942909
2.3540985196829
0.88989180028437
-2.00635723769666
-1.88369062542915
5
-1.11767955124378
0.800788453221316
1.25220901370048
-1.57417128384112
-2.14558799862862
5
0.017203265428539
-1.3485312640667
-1.52656859755516
1.95211555659771
0.904132422804838
5
-0.988707113265994
-2.30585561096668
-2.49096263051033
1.45831425189972
0.942772173881525
5
-1.05344403386116
-2.17489635944366
2.45657676160334
1.54030375778675
-1.93029795885087
2
7
1.4184923619032
4.66101607382296
2.06453491449355
-3.74050430059433
-0.348649829626087
0.209486132860184
-0.879728913307194
7
0.140824934840202
1.10329713225365
-0.455971625447272
1.19696784615517
-0.0822601228952475
-0.362760317325592
0.340953114628791
|2
6
5
-1.27080908417701
1.73504161238671
-0.536152160167694
-2.28040948808193
-0.507374930381775
5
-2.83772307634354
2.64137444198133
0.88989180028437
-2.0792399019003
-1.28614163696766
5
-1.07131252586841
0.909261053800578
1.04759390950202
-0.967702081799498
-1.82825993597508
5
-0.0240693598985713
-1.16391144692898
-1.63074606060981
2.8428827047348
1.07746767699719
5
-1.16829991638661
-1.99155377745628
-2.46911271214485
1.21506908833981
0.715240311622614
5
-1.61299839615822
-2.03944933712482
2.28551104962825
1.42861229181289
-1.90842769145967
2
7
1.28979322314263
4.84298167526721
2.26198687553405
-3.67747918367386
-0.923151677846912
0.0634611040353773
-0.879728913307194
7
0.805488309264183
1.11669709086418
-0.135261359810828
1.53542553782463
-0.163715404272086
0.156245625019074
0.00919840633869112
|2
6
5
-0.714561671018599
1.85882858932019
-0.0658052980899806
-1.72060937285423
-0.442788955569267
5
-2.93162665963173
2.34279794394971
0.88989180028437
-2.16860856711865
-1.52704136967659
5
-1.07131252586841
0.971402803063387
1.25220901370048
-1.68770236074924
-2.14558799862862
5
0.00318693518638201
-1.38410968482494
-1.78595576882362
2.48259570300579
0.83572876155377
5
-1.12434934675694
-1.99155377745628
-2.48385981917381
1.09155683219433
0.307763767242426
5
-1.42881864905357
-1.74099260866642
2.43171508014201
1.42861229181289
-1.93029795885087
2
7
0.997772222757345
4.40674509108065
2.34093440771102
-3.6211217880249
-0.843163913488391
0.209486132860184
-0.879728913307194
7
0.50584075152874
1.0275280892849
-0.270949092507362
1.12301787734032
-0.0822601228952475
-0.362760317325592
0.146051004528999
|2
6
5
-0.714561671018599
1.85882858932019
-0.0658052980899806
-1.71858430504799
-0.276718375086784
5
-3.01174013018608
2.48142043352129
0.88989180028437
-2.16860856711865
-1.29969411492347
5
-1.31181057989597
0.96388757526874
1.17236955761909
-1.47559262812137
-2.09000497460366
5
-0.221153491735462
-1.38555453717709
-1.78595576882362
2.49859521389007
0.644732090830808
5
-1.12434934675694
-1.99155377745628
-2.48385981917381
0.830168268084527
0.307763767242426
5
-1.31431668400764
-1.94539960920811
2.43171508014201
1.20801558494568
-1.93029795885087
2
7
1.28979322314263
4.27753156721591
2.35702718794345
-3.65283490419388
-1.12079986929894
0.13765529692173
-0.81869819760323
7
0.533942648768425
1.21304532885551
-0.0274141341447822
1.55423776507378
-0.216213279962546
0.156245625019074
0.250540998578071
|2
6
5
-1.03014398217201
1.82817180752754
-0.0105004906654353
-2.04255319535732
-0.410739910602569
5
-2.84539474844933
2.3540985196829
0.88989180028437
-2.33814509809018
-1.40541180968284
5
-1.31766412556171
1.03886254131793
1.07195838093757
-1.47783931791782
-2.38907707333565
5
0.361077159643169
-1.53951333463192
-1.78595576882362
2.48259570300579
0.83572876155377
5
-1.12434934675694
-1.99155377745628
-2.48385981917381
1.09155683219433
0.307763767242426
5
-1.51394062638283
-1.74099260866642
2.43171508014201
1.71069628000259
-1.93029795885087
2
7
1.6554466098547
4.35004530251025
2.26198687553405
-3.41220792531967
-0.923151677846912
0.0634611040353773
-0.879728913307194
7
0.533942648768425
1.17147462964058
0.0447805255651482
1.28194054961205
-0.163715404272086
0.156245625019074
0.250540998578071
|2
6
5
-0.792336684465406
1.85882858932019
-0.0658052980899806
-1.72060937285423
-0.296173840761184
5
-2.83542132973671
2.16672533452512
0.849294063448891
-2.0792399019003
-1.59427022337913
5
-1.24313540756702
0.800788453221316
1.53355527818202
-1.57417128384112
-1.99041326642037
5
0.017203265428539
-1.08086232542992
-1.89110605120659
2.47511477172374
0.722187018394475
5
-1.397136297822
-1.30590642690659
-2.48385981917381
1.21506908833981
0.807502356171602
5
-0.945235362648961
-1.93246386051178
2.43171508014201
1.49590508937835
-1.93029795885087
2
7
1.50618647933007
4.35004530251025
2.26198687553405
-3.41220792531967
-0.923151677846912
0.150171557068825
-0.879728913307194
7
0.666371676325798
0.984102123975752
-0.244825127720832
1.12301787734032
-0.0822601228952475
-0.242067286372185
0.340953114628791
|2
6
5
-1.31344673037529
1.70558108687401
-0.144191873073577
-2.04255319535732
-0.410739910602569
5
-2.80912109017372
2.3540985196829
0.88989180028437
-2.0792399019003
-1.32974105179309
5
-0.93336015045642
0.686967054009433
1.40054951310158
-1.33257215619086
-2.35322209000588
5
0.242844241857525
-0.93800655901432
-1.63870725035667
2.22366890609264
0.50924462974072
5
-1.10288559496403
-1.99155377745628
-2.56809212565422
1.21506908833981
0.715240311622614
5
-1.90838163495064
-1.75314630568027
2.2236514776945
1.42861229181289
-2.18553407192231
2
7
1.28979322314263
4.35004530251025
2.26198687553405
-3.41220792531967
-1.36544372439385
0.0634611040353773
-0.879728913307194
7
0.777820393443108
1.17147462964058
-0.0274141341447822
1.28194054961205
-0.115398564934737
0.156245625019074
-0.028966566920281
|2
6
5
-0.714561671018599
1.73170865476132
-0.35537593960762
-1.87392629981041
-0.296173840761184
5
-2.83542132973671
2.3540985196829
0.849294063448891
-2.0792399019003
-1.59427022337913
5
-1.05136111080646
0.800788453221316
1.4450526446104
-1.57417128384112
-1.99041326642037
5
0.017203265428539
-1.07663848996162
-1.78595576882362
2.47511477172374
0.722187018394475
5
-1.12434934675694
-1.99155377745628
-2.48385981917381
1.09155683219433
0.307763767242426
5
-1.63150742650032
-1.74099260866642
2.43171508014201
1.42861229181289
-1.93029795885087
2
7
0.997772222757345
4.40674509108065
2.34093440771102
-3.6211217880249
-0.843163913488391
0.209486132860184
-0.879728913307194
7
0.794665166735649
1.11669709086418
-0.135261359810828
1.53542553782463
-0.163715404272086
0.156245625019074
0.00919840633869112
|2
6
5
-0.714561671018599
1.85882858932019
-0.0658052980899806
-1.72060937285423
-0.442788955569267
5
-2.93162665963173
2.34279794394971
0.88989180028437
-2.16860856711865
-1.52704136967659
5
-1.07131252586841
0.971402803063387
1.25220901370048
-1.47559262812137
-2.14558799862862
5
0.017203265428539
-1.38555453717709
-1.78595576882362
2.48259570300579
0.83572876155377
5
-1.397136297822
-1.4505659610033
-2.48385981917381
1.21506908833981
0.715240311622614
5
-0.945235362648961
-1.96656360626221
2.43171508014201
1.49590508937835
-1.93029795885087
2
7
1.78702914118767
4.35004530251025
2.26198687553405
-3.41220792531967
-0.923151677846912
0.0634611040353773
-0.973165810108189
7
0.794665166735649
1.11669709086418
-0.135261359810828
1.88719073235989
-0.0143547087907857
0.290983346104622
-0.0463041156530386
|2
6
5
-1.03014398217201
2.21064469218254
-0.415806984901428
-1.78839794099331
-0.507374930381775
5
-3.16781715750694
2.34279794394971
0.88989180028437
-2.0792399019003
-1.41734914183616
5
-1.31766412556171
0.882318371534342
1.25784934163093
-1.40582390129565
-2.14558799862862
5
0.224788862466808
-1.1478484749794
-1.67929083406925
2.22366890609264
0.902087935805326
5
-1.32096554040909
-1.63067163825035
-2.48385981917381
1.01852124631405
0.536409032344813
5
-1.7492566972971
-2.28079408407211
2.56753838956355
1.38103516995907
-1.88153564929963
2
7
1.28979322314263
4.13813433945178
2.1440210700035
-3.37077941894531
-1.33900694251061
0.0634611040353773
-0.879728913307194
7
0.50584075152874
1.24514257311821
-0.185358837246894
1.12301787734032
0.00161783695220272
-0.362760317325592
0.340953114628791

