40
705
|2
6
5
-0.856839805841444
2.009620064497
0.416377294063569
-2.09441874027252
-0.502007356286049
5
-1.91586405634881
2.86718673110009
1.31880083084106
-1.91322424411774
-1.57941482663154
5
-1.64017200767993
1.04300566017627
1.12761302888394
-2.39503816962241
-2.28476768136025
5
-0.445582056045536
-1.15302869677544
-2.02853986620903
2.15653737187386
1.12372715473175
5
-1.50487141609192
-1.08940612375736
-2.52437624037265
1.25163050293923
0.566865274310108
5
-1.61040895581245
-2.48135189116001
2.77121368348597
0.386466524004935
-1.80247889757157
2
7
1.13033625483513
4.23741187155246
2.23759973049162
-3.29254649877548
-0.872992831468586
0.349892237782478
-1.26356867849827
7
0.44731841981411
1.4544774621725
0.482043108344079
0.774186295270921
-0.107864660024649
0.204831695556641
0.624190989136695
|2
6
5
-1.09207890629769
1.98372601866722
0.982853293418885
-1.19738608598709
-0.130868878960609
5
-1.89979140162468
2.39212305247785
1.35991044938563
-1.80822539031506
-1.52307495474815
5
-1.34038905203342
0.888663163781161
1.49332322478294
-2.12673904597758
-2.28014083504678
5
0.0228517472743947
-1.11124238371849
-2.01112363934517
1.97332603633403
0.902087935805326
5
-1.4411308914423
-1.70232703089714
-2.31288651823997
0.714465039968492
0.868848687410349
5
-1.61040895581245
-2.49282166063785
2.56753838956355
0.544003388285636
-2.09122588634492
2
7
1.13033625483513
3.98961441814898
2.04257177114486
-3.29254649877548
-0.872992831468586
0.349892237782478
-1.26356867849827
7
0.343330329656601
1.31074718832969
0.278952285647393
0.931053823232652
-0.426259356737143
-0.0232883930206295
0.624190989136695
|2
6
5
-1.18190540671349
1.94303704202175
1.00425356626511
-1.38781005144119
-0.056257164478302
5
-1.90561032891274
2.62776502966882
1.36413177251815
-1.91322424411774
-1.52307495474815
5
-1.84059768021106
1.1599779754877
1.38378759324551
-2.43080328106879
-2.28032669425011
5
-0.406875088810925
-0.87630304694176
-1.90892046093941
1.8980652987957
1.15752581357956
5
-1.74737918674946
-1.42507320046425
-2.05134685635567
0.511600703001023
0.973256820440287
5
-1.46608201563358
-2.30317975580692
2.56753838956355
0.544003388285636
-2.02529998719694
2
7
1.05835095047951
4.41528438627719
2.27318738698958
-3.23054337501526
-0.948882967233662
0.22046882212162
-1.23477402031422
7
0.343330329656601
1.59954261779784
0.278952285647393
0.931053823232652
-0.629918950796133
-0.0232883930206295
0.455735960602759
|2
6
5
-1.11797824501992
1.72107602059841
1.16847023069859
-1.38781005144119
0.115964105725288
5
-1.91586405634881
2.55723856091501
1.14511556625365
-1.91322424411774
-1.46659661829471
5
-1.34038905203342
0.888663163781161
1.49332322478294
-2.12673904597758
-2.49174953103067
5
0.0228517472743947
-1.11124238371849
-2.01112363934517
1.97332603633403
0.902087935805326
5
-1.4411308914423
-1.70232703089714
-2.48385981917381
0.936028093099595
0.868848687410349
5
-1.61040895581245
-2.44413788616657
2.56753838956355
0.544003388285636
-2.09122588634492
2
7
1.13033625483513
3.98961441814898
2.04257177114486
-3.26477980613708
-0.872992831468586
0.21100677549839
-1.20820684731007
7
0.343330329656601
1.57215513586997
0.278952285647393
0.931053823232652
-0.426259356737143
-0.345283114910125
0.624190989136695
|2
6
5
-1.11797824501992
1.72107602059841
1.04409709274769
-1.38781005144119
-0.0292212843894959
5
-1.91586405634881
2.55723856091501
1.14511556625365
-1.91322424411774
-1.46659661829471
5
-1.34038905203342
0.888663163781161
1.49332322478294
-2.12673904597758
-2.05997875332834
5
0.0228517472743947
-1.11124238371849
-2.01112363934517
1.97332603633403
0.902087935805326
5
-1.4411308914423
-1.70232703089714
-2.48385981917381
0.936028093099595
0.868848687410349
5
-1.61040895581245
-2.49282166063785
2.56753838956355
0.544003388285636
-2.09122588634492
2
7
1.13033625483513
3.98961441814898
2.04257177114486
-3.26477980613708
-0.872992831468586
0.21100677549839
-1.20820684731007
7
0.343330329656601
1.57215513586997
0.278952285647393
0.931053823232652
-0.426259356737143
-0.210477399826049
0.624190989136695
|2
6
5
-1.08006758987904
1.94303704202175
0.873823785781864
-1.11545512378216
-0.136136057972908
5
-1.89979140162468
2.34861633479597
1.15685614049433
-1.80822539031506
-1.51183703541755
5
-1.86414121687412
1.04300566017627
1.56044538915158
-2.39503816962241
-2.28032669425011
5
-0.541953530907635
-0.930178362131122
-2.1748974621296
2.13828708529472
1.01681055724621
5
-1.74737918674946
-1.27126567959785
-2.49226618409157
0.463832527399064
1.0738360106945
5
-1.61040895581245
-2.30317975580692
2.64908064603804
0.581209740042686
-1.44049655199052
2
7
1.11863097846508
4.32994381785392
2.00834145545959
-2.9155171751976
-0.858197087049491
0.239653921127319
-1.23319094479084
7
0.343330329656601
1.6573147624731
0.278952285647393
0.931053823232652
-0.458875411748892
-0.0232883930206295
0.286155691742896
|2
6
5
-1.03014398217201
2.06090697646141
0.0867864847183232
-2.09441874027252
-0.400324320793152
5
-2.47812551856041
2.39212305247785
1.3294039338827
-1.91213041245938
-1.52307495474815
5
-1.14429228603839
0.800788453221316
1.40794329047203
-1.52791314721106
-2.09902974963189
5
0.15038241744041
-0.611114588379863
-2.24643616080284
1.92462241351604
0.701259770989424
5
-1.44761630296707
-1.2068265736103
-2.52437624037265
1.25163050293923
0.853858956694599
5
-1.70188254714012
-1.87406193315983
2.57609839141368
0.890152546763419
-1.3606612533331
2
7
1.3325395077467
3.89628626704215
2.43782923519611
-2.89702346026897
-1.35976795554162
0.502382481098174
-1.23319094479084
7
0.343330329656601
0.85986463427543
0.20262312591076
0.795483571290971
-0.368347924947745
0.0878175646066669
0.826119771599769
|2
6
5
-0.899671939015393
1.94303704202175
1.2963232755661
-1.11545512378216
-0.311582711338997
5
-1.91586405634881
2.55723856091501
1.14511556625365
-1.91322424411774
-1.46659661829471
5
-1.34038905203342
0.888663163781161
1.49332322478294
-2.12673904597758
-2.28014083504678
5
0.0228517472743947
-1.11124238371849
-2.01112363934517
1.97332603633403
0.902087935805326
5
-1.43187823593617
-1.70232703089714
-2.48385981917381
0.936028093099595
0.868848687410349
5
-1.61040895581245
-2.35189547538757
2.56753838956355
0.544003388285636
-2.09122588634492
2
7
1.13033625483513
4.1124997794628
2.04257177114486
-3.26477980613708
-0.872992831468586
0.21100677549839
-1.20820684731007
7
0.279139024019241
1.57215513586997
0.278952285647393
0.931053823232652
-0.426259356737143
-0.345283114910125
0.624190989136695
|2
6
5
-1.11797824501992
1.72107602059841
1.16847023069859
-1.38781005144119
0.115964105725288
5
-1.91586405634881
2.55723856091501
1.14511556625365
-1.91322424411774
-1.46659661829471
5
-1.34038905203342
0.888663163781161
1.49332322478294
-2.12673904597758
-2.49174953103067
5
0.0228517472743947
-1.11124238371849
-2.01112363934517
1.97332603633403
0.902087935805326
5
-1.4411308914423
-1.70232703089714
-2.48385981917381
1.09524595141411
0.868848687410349
5
-1.61040895581245
-2.44413788616657
2.50855965316295
0.544003388285636
-2.09122588634492
2
7
1.02598813176155
3.98961441814898
2.04257177114486
-3.26477980613708
-0.872992831468586
0.21100677549839
-1.20820684731007
7
0.494657844305038
1.57215513586997
0.278952285647393
0.931053823232652
-0.426259356737143
-0.210477399826049
0.773386317491531
|2
6
5
-1.27912486195564
1.78204806745052
1.1971571803093
-1.38781005144119
-0.311582711338997
5
-1.76427877247334
2.62776502966882
1.46480948925018
-1.91322424411774
-1.70185319781303
5
-1.84059768021106
1.1599779754877
1.15727661550045
-2.43080328106879
-2.5719795525074
5
-0.320838737487797
-1.27865625023842
-1.90892046093941
1.8980652987957
0.87223115861416
5
-1.44761630296707
-0.979097872972483
-2.52437624037265
1.25163050293923
0.854761001467701
5
-1.61040895581245
-2.23480595648288
2.98500948846339
0.386466524004935
-1.80247889757157
2
7
1.05939203202724
4.11359719634055
2.41313185691833
-2.86493197381496
-1.153068202734
0.620904397964477
-1.495926836133
7
0.366176420450211
1.68269200026988
0.278952285647393
1.16147939562798
-0.21034142374993
-0.0232883930206295
0.455735960602759
|2
6
5
-1.18190540671349
1.94303704202175
1.00425356626511
-1.38781005144119
-0.056257164478302
5
-1.90561032891274
2.62776502966882
1.36413177251815
-1.91322424411774
-1.52307495474815
5
-1.84059768021106
1.1599779754877
1.38378759324551
-2.43080328106879
-2.28032669425011
5
-0.406875088810925
-1.08195001482964
-1.90892046093941
1.8980652987957
1.15752581357956
5
-1.74737918674946
-1.42507320046425
-2.05134685635567
0.511600703001023
0.973256820440287
5
-1.46608201563358
-2.30317975580692
2.56753838956355
0.826316401362418
-2.02529998719694
2
7
1.05835095047951
4.41528438627719
2.27318738698958
-3.23054337501526
-0.948882967233662
0.22046882212162
-1.23477402031422
7
0.343330329656601
1.59954261779784
0.278952285647393
0.931053823232652
-0.582222372293478
-0.0232883930206295
0.455735960602759
|2
6
5
-1.11797824501992
1.72107602059841
1.16847023069859
-1.38781005144119
-0.0292212843894959
5
-1.83401762843132
2.93829086720944
1.20269487798213
-2.04001308679581
-1.59088259339333
5
-1.4926525145769
0.938365525007243
1.57822650372982
-1.47793380320071
-2.50666264891625
5
0.198245149850841
-0.268664732575419
-1.77447602152824
1.97266052663326
0.824457108974463
5
-1.68811005651951
-1.07015103697777
-2.51368018984794
0.499097844958306
0.870453721284861
5
-1.58457949757575
-2.05738412439823
2.36211071908474
0.632674357295035
-0.999984884262094
2
7
1.41381059288978
4.24625260233878
2.32612661123275
-3.16086373329162
-1.153068202734
0.269444572925567
-1.07171967327595
7
0.0873380839824681
0.962881880998607
0.235696229338647
1.34942389130592
-0.265231087803847
-0.107020735740661
0.372479906678199
|2
6
5
-1.03014398217201
2.00311434864998
0.254676103591919
-1.84174513816833
-0.545419418811798
5
-1.91586405634881
2.55723856091501
1.14511556625365
-1.91322424411774
-1.46659661829471
5
-1.34038905203342
0.888663163781161
1.49332322478294
-2.12673904597758
-2.53706663250924
5
0.0228517472743947
-1.31915306448936
-2.01112363934517
1.97332603633403
0.902087935805326
5
-1.56408725082874
-1.70232703089714
-2.48385981917381
1.15861546397209
0.868848687410349
5
-1.61040895581245
-2.49282166063785
2.56753838956355
0.544003388285636
-2.09122588634492
2
7
1.13033625483513
3.816097381711
1.85761461257934
-3.3192417114973
-0.974234777688982
0.143086689710616
-1.02923212349415
7
0.533942648768425
0.837395876646036
-0.0274141341447822
0.931053823232652
-0.370665997266776
-0.0683431744575497
0.380812636017799
|2
6
5
-1.27912486195564
1.94303704202175
1.1971571803093
-1.38781005144119
-0.604619124531746
5
-1.76427877247334
2.81651765704156
1.46480948925018
-1.7042706489563
-1.70185319781303
5
-1.61819055378436
1.1599779754877
1.15727661550045
-2.43080328106879
-2.12107625603676
5
-0.445582056045536
-1.15302869677544
-2.02853986620903
2.15653737187386
1.12372715473175
5
-1.50487141609192
-1.3345606714487
-2.52437624037265
1.25163050293923
0.566865274310108
5
-1.61040895581245
-2.18917829096317
2.77121368348597
0.386466524004935
-1.80247889757157
2
7
1.13033625483513
4.23741187155246
2.23759973049162
-3.29254649877548
-0.872992831468586
0.349892237782478
-1.26356867849827
7
0.44731841981411
1.4544774621725
0.482043108344079
0.774186295270921
-0.107864660024649
0.204831695556641
0.624190989136695
|2
6
5
-0.856839805841444
2.009620064497
0.416377294063569
-2.09441874027252
-0.502007356286049
5
-1.91586405634881
2.86718673110009
1.31880083084106
-1.91322424411774
-1.57941482663154
5
-1.64017200767993
1.04300566017627
1.12761302888394
-2.39503816962241
-2.28476768136025
5
-0.320838737487797
-1.24540022015572
-1.90892046093941
1.8980652987957
0.82597210109234
5
-1.45681774616241
-1.05152366757392
-2.52437624037265
1.25163050293923
1.102639529109
5
-1.61040895581245
-2.07290402948856
2.98500948846339
0.386466524004935
-1.80247889757157
2
7
1.05939203202724
4.11359719634055
2.41313185691833
-2.6481597751379
-1.153068202734
0.620904397964477
-1.26180203258991
7
0.366176420450211
1.68269200026988
0.278952285647393
1.09478444457054
-0.21034142374993
-0.0232883930206295
0.164887657761573
|2
6
5
-0.856839805841444
2.009620064497
0.5103502035141
-2.18155759572983
-0.502007356286049
5
-2.07383536696435
2.86718673110009
1.31880083084106
-1.91322424411774
-1.57941482663154
5
-1.64017200767993
1.2925768405199
1.24771361351014
-2.39503816962241
-2.28476768136025
5
-0.445582056045536
-1.15302869677544
-2.02853986620903
2.15036389231682
1.12372715473175
5
-1.50487141609192
-1.2068265736103
-2.52437624037265
1.25163050293923
0.566865274310108
5
-1.61040895581245
-2.48135189116001
2.77121368348597
0.207370349764823
-1.80247889757157
2
7
1.11863097846508
4.32994381785392
2.00834145545959
-2.95696885585784
-1.153068202734
0.463852834701537
-1.33799325525761
7
0.44731841981411
1.21685689091682
0.366644641757012
0.774186295270921
-0.379277998209006
0.204831695556641
0.624190989136695
|2
6
5
-1.14700600504876
1.80366181731224
1.22479190826416
-0.970425212383269
-0.130868878960609
5
-1.89979140162468
2.34861633479597
1.15685614049433
-1.80822539031506
-1.48075942397117
5
-1.28459105789661
0.789259174466128
1.50497041344643
-1.197016826272
-2.50666264891625
5
0.198245149850841
-0.645216301083567
-1.53426696658134
1.92462241351604
1.04612988233567
5
-1.68811005651951
-1.2617960870266
-2.51368018984794
0.718766614794732
0.870453721284861
5
-1.61040895581245
-2.30317975580692
2.56753838956355
0.544003388285636
-1.86738413572313
2
7
1.04306915402413
3.81217570602893
1.98763698339462
-3.08484857976436
-1.01634688973427
-0.00542599856853554
-1.02923212349415
7
0.343330329656601
1.6573147624731
0.278952285647393
0.931053823232652
-0.458875411748892
-0.0232883930206295
0.455735960602759
|2
6
5
-1.18190540671349
1.94303704202175
1.00425356626511
-1.38781005144119
-0.148264291882515
5
-1.90561032891274
2.62776502966882
1.36413177251815
-1.91322424411774
-1.52307495474815
5
-1.94534334242343
1.1599779754877
1.38378759324551
-2.43080328106879
-2.20882969498635
5
-0.406875088810925
-1.14536766409874
-1.90892046093941
1.8980652987957
1.01681055724621
5
-1.74737918674946
-1.49283255934715
-2.2865241587162
0.511600703001023
0.814435070753092
5
-1.61040895581245
-2.30317975580692
2.84776364266871
0.544003388285636
-1.76587429046632
2
7
1.13033625483513
3.81217570602893
2.14394868612289
-3.08484857976436
-0.873975101113321
0.250318232178687
-1.02923212349415
7
0.255769401788712
1.03952603936195
0.546865233778954
1.02728028893471
-0.436850890517241
-0.183333659172058
0.550936892628669
|2
6
5
-1.03014398217201
2.00311434864998
0.254676103591919
-1.84174513816833
-0.545419418811798
5
-2.4530094563961
2.39212305247785
1.07572682797907
-1.74320074021817
-1.52307495474815
5
-2.10153949558734
1.16212319731711
1.38378759324551
-2.23483780920504
-2.28032669425011
5
-0.406875088810925
-0.87630304694176
-1.90892046093941
2.13190407156944
0.819801589846613
5
-1.72104078829289
-1.3029818713665
-2.38275620341301
0.335918873548508
1.11196343302726
5
-1.61040895581245
-2.30317975580692
2.31027871072291
0.544003388285636
-1.81626391410829
2
7
1.13033625483513
3.81217570602893
2.11534346342086
-3.08484857976436
-1.01634688973427
0.253315690159797
-1.02923212349415
7
0.255769401788712
1.03952603936195
0.546865233778954
1.02728028893471
-0.354277226328856
-0.183333659172058
0.782591131329536
|2
6
5
-1.11797824501992
2.205242857337
1.16847023069859
-1.38781005144119
0.0966371089220046
5
-1.91586405634881
2.4853594005108
1.14511556625365
-1.91322424411774
-1.22954091131687
5
-1.14429228603839
0.800788453221316
1.40794329047203
-1.43007206320762
-1.79898923039437
5
0.535432296991344
-0.34296778738499
-2.00274366736412
1.81450475156307
0.616584229469305
5
-1.44761630296707
-1.2068265736103
-2.32468456327914
1.25163050293923
0.854761001467701
5
-1.82896321415901
-2.23480595648288
2.66672408282756
0.386466524004935
-1.80247889757157
2
7
1.13033625483513
3.95403587222099
1.85761461257934
-3.35196548402309
-1.1871263563633
0.143086689710616
-1.09113353788853
7
0.487518411874772
1.03952603936195
0.546865233778954
1.02728028893471
-0.436850890517241
-0.183333659172058
0.550936892628669
|2
6
5
-0.964856475591664
1.7565372556448
1.00425356626511
-1.38781005144119
-0.348713424801827
5
-1.90561032891274
2.62776502966882
1.23525073528289
-1.91322424411774
-1.69449679255485
5
-2.01600492298602
1.1599779754877
1.38378759324551
-2.43080328106879
-2.49856591820717
5
-0.379392924904828
-0.87630304694176
-1.90892046093941
1.58250948786736
0.884555229544642
5
-1.57613687813282
-1.3029818713665
-2.2865241587162
0.511600703001023
0.814435070753092
5
-1.61040895581245
-2.49339461624622
2.31909198462962
0.707127544283866
-2.04080071449281
2
7
1.13033625483513
4.34359729886054
2.27318738698958
-3.20695181787014
-0.872992831468586
0.349892237782478
-1.26356867849827
7
0.472322973608971
1.26261880993842
0.482043108344079
0.911614388227464
-0.572019499540335
0.297578611969948
0.543133953213691
|2
6
5
-1.14700600504876
1.98372601866722
1.22479190826416
-0.970425212383269
-0.130868878960609
5
-1.89979140162468
2.34861633479597
1.15685614049433
-1.80822539031506
-1.48075942397117
5
-1.28459105789661
0.789259174466128
1.48695651888847
-1.47793380320071
-2.50666264891625
5
0.198245149850841
-0.408396127820018
-1.53426696658134
1.92462241351604
0.824457108974463
5
-1.68811005651951
-1.2617960870266
-2.51368018984794
0.718766614794732
0.870453721284861
5
-1.83674598336219
-2.30317975580692
2.56753838956355
0.544003388285636
-1.86738413572313
2
7
1.04306915402413
3.81217570602893
1.98763698339462
-3.08484857976436
-1.01634688973427
-0.00542599856853554
-1.02923212349415
7
0.44731841981411
1.21685689091682
0.515792620182038
0.774186295270921
-0.379277998209006
0.204831695556641
0.624190989136695
|2
6
5
-1.18190540671349
1.7565372556448
1.00425356626511
-1.38781005144119
-0.148264291882515
5
-1.90561032891274
2.62776502966882
1.36413177251815
-2.16200907230378
-1.52307495474815
5
-1.84059768021106
1.1599779754877
1.38378759324551
-2.53464578986167
-2.49856591820717
5
-0.406875088810925
-1.15955941081047
-1.90892046093941
1.8980652987957
0.884555229544642
5
-1.74737918674946
-1.3029818713665
-2.2865241587162
0.511600703001023
0.814435070753092
5
-1.61040895581245
-2.49339461624622
2.34170540273189
0.707127544283866
-1.66976245343687
2
7
1.13033625483513
4.23741187155246
2.27318738698958
-3.29254649877548
-0.872992831468586
0.349892237782478
-1.26356867849827
7
0.472322973608971
1.31074718832969
0.482043108344079
0.651027268171312
-0.572019499540335
0.297578611969948
0.543133953213691
|2
6
5
-1.35302905440331
1.7962949693203
1.00395093262196
-2.19079236984253
-0.276635056734085
5
-2.4530094563961
2.66375400722028
1.36548050343989
-1.91213041245938
-1.70667970776558
5
-1.84059768021106
0.896504396200171
1.38378759324551
-2.23483780920504
-2.28032669425011
5
-0.406875088810925
-1.02906371951103
-1.90892046093941
2.13190407156944
1.01681055724621
5
-1.72104078829289
-1.3029818713665
-2.52338224053383
0.102999275922776
1.41082424521446
5
-1.61040895581245
-2.53171583712101
2.56753838956355
0.544003388285636
-1.82175031900407
2
7
1.07652960419655
3.81217570602893
2.14394868612289
-3.08484857976436
-1.01634688973427
0.250318232178687
-1.02923212349415
7
0.533942648768425
1.05857068896293
-0.0274141341447822
0.931053823232652
-0.000785011053091866
-0.362760317325592
0.380812636017799
|2
6
5
-1.11797824501992
2.08120226860046
1.16847023069859
-1.38781005144119
0.0966371089220046
5
-1.91586405634881
2.55723856091501
1.14866791963577
-1.91322424411774
-1.22954091131687
5
-1.14429228603839
0.800788453221316
1.40794329047203
-1.42538910508155
-2.04753294587136
5
0.535432296991344
-0.611114588379863
-2.11417747139931
1.81450475156307
0.616584229469305
5
-1.44761630296707
-1.2068265736103
-2.52437624037265
1.25163050293923
0.854761001467701
5
-1.79051557183265
-2.23480595648288
2.77121368348597
0.386466524004935
-1.85664260387421
2
7
1.20372274518013
3.816097381711
2.04096984863281
-3.35196548402309
-1.23390733599663
0.290210852026939
-1.02923212349415
7
0.00826902985572861
1.15770651996135
0.835242685675621
1.02728028893471
-0.436850890517241
-0.183333659172058
0.550936892628669
|2
6
5
-1.18190540671349
1.59194374978542
1.00425356626511
-1.38781005144119
-0.0939235597848893
5
-1.90561032891274
2.62776502966882
1.18154994249343
-1.91322424411774
-1.52307495474815
5
-1.84059768021106
1.1599779754877
1.44128510653973
-2.56618728041648
-2.49856591820717
5
-0.406875088810925
-0.87630304694176
-1.90892046093941
1.8980652987957
0.884555229544642
5
-1.74737918674946
-1.3029818713665
-2.2865241587162
0.365795785188676
0.814435070753092
5
-1.61040895581245
-2.49339461624622
2.34170540273189
0.428928038477897
-1.81626391410829
2
7
1.3325395077467
3.89628626704215
2.43782923519611
-2.89702346026897
-1.35976795554162
0.392984688282012
-1.22829691469669
7
0.343330329656601
0.85986463427543
0.20262312591076
0.795483571290971
-0.368347924947745
-0.0232883930206295
0.826119771599769
|2
6
5
-1.03014398217201
2.00311434864998
0.0867864847183232
-1.98914969861507
-0.400324320793152
5
-2.47812551856041
2.39212305247785
1.3294039338827
-1.91213041245938
-1.52307495474815
5
-1.14429228603839
0.800788453221316
1.40794329047203
-1.43007206320762
-2.09902974963189
5
0.15038241744041
-0.611114588379863
-2.00274366736412
1.92462241351604
0.904966688156134
5
-1.44761630296707
-1.2068265736103
-2.52437624037265
1.25163050293923
0.854761001467701
5
-1.70188254714012
-1.87406193315983
2.57609839141368
0.890152546763419
-1.3606612533331
2
7
1.15575261712074
4.23741187155246
2.27318738698958
-3.33792178630829
-0.872992831468586
0.349892237782478
-1.26356867849827
7
0.472322973608971
1.31074718832969
0.482043108344079
0.651027268171312
-0.572019499540335
0.297578611969948
0.543133953213691
|2
6
5
-0.856839805841444
2.009620064497
0.321333718299866
-2.09441874027252
-0.502007356286049
5
-1.91586405634881
2.86718673110009
1.31880083084106
-1.91322424411774
-1.57941482663154
5
-1.71163131296634
1.2925768405199
1.24771361351014
-2.39503816962241
-2.28476768136025
5
-0.445582056045536
-1.15302869677544
-2.02853986620903
2.15036389231682
1.30189371109009
5
-1.50487141609192
-1.2068265736103
-2.52437624037265
1.25163050293923
0.566865274310108
5
-1.61040895581245
-2.48135189116001
2.77121368348597
0.863089057803153
-1.80247889757157
2
7
1.6041577398777
3.57818873226642
2.21745362281798
-3.29576014280319
-0.90513606667519
0.696256482601165
-1.53447218239307
7
0.2350968927145
1.21685689091682
0.366644641757012
0.774186295270921
-0.600069183111197
0.16516672372818
0.624190989136695
|2
6
5
-1.11797824501992
1.88080113828182
1.2288470774889
-1.38781005144119
-0.159474754333496
5
-1.61579519510269
2.34861633479597
1.35991044938563
-1.80822539031506
-1.49601926207542
5
-1.12801900207996
0.789259174466128
1.48695651888847
-1.47793380320071
-2.50666264891625
5
0.323721095919605
-0.4481190353632
-2.16808719933033
1.92462241351604
0.824457108974463
5
-1.91162776052952
-1.3029818713665
-2.70783814787864
0.499097844958306
0.814435070753092
5
-1.70188254714012
-1.87406193315983
2.57609839141368
0.824226316809653
-1.59923315942289
2
7
1.11863097846508
4.32994381785392
2.00834145545959
-2.95696885585784
-1.153068202734
0.424814069271087
-1.06482847034931
7
0.343330329656601
1.6573147624731
0.278952285647393
0.931053823232652
-0.458875411748892
-0.0232883930206295
0.46202280819416
|2
6
5
-0.899671939015393
1.94303704202175
1.27716311216355
-1.11545512378216
-0.311582711338997
5
-1.89979140162468
2.34861633479597
1.29542957246302
-1.80822539031506
-1.51183703541755
5
-1.12801900207996
0.789259174466128
1.48695651888847
-1.61602933704852
-2.50666264891625
5
0.198245149850841
-0.4481190353632
-2.00274366736412
1.92462241351604
1.00675176382065
5
-1.50487141609192
-1.2068265736103
-2.52437624037265
1.25163050293923
0.566865274310108
5
-1.61040895581245
-2.48135189116001
2.77121368348597
0.428191611170768
-1.80247889757157
2
7
1.11863097846508
4.32994381785392
2.00834145545959
-2.95696885585784
-1.153068202734
0.463852834701537
-1.61365953981876
7
0.343330329656601
1.6573147624731
0.278952285647393
0.931053823232652
-0.458875411748892
-0.0232883930206295
0.455735960602759
|2
6
5
-0.856839805841444
2.009620064497
0.5103502035141
-2.18155759572983
-0.502007356286049
5
-1.91586405634881
2.89508445858957
1.31880083084106
-1.91322424411774
-1.57941482663154
5
-1.64017200767993
1.2925768405199
1.24771361351014
-2.39503816962241
-2.28476768136025
5
-0.445582056045536
-1.15302869677544
-2.02853986620903
2.15036389231682
1.12372715473175
5
-1.68811005651951
-1.3029818713665
-2.70783814787864
0.499097844958306
0.814435070753092
5
-1.70188254714012
-1.87406193315983
2.47817276418208
0.824226316809653
-1.59923315942289
2
7
1.6041577398777
3.28589675724506
2.21349099874495
-3.29576014280319
-0.90513606667519
0.696256482601165
-1.69425137341022
7
0.255769401788712
1.03952603936195
0.546865233778954
1.02728028893471
-0.354277226328856
-0.183333659172058
0.550936892628669
|2
6
5
-1.11797824501992
2.08120226860046
1.16847023069859
-1.38781005144119
0.0966371089220046
5
-1.91586405634881
2.55723856091501
1.14511556625365
-1.91322424411774
-1.22954091131687
5
-1.14429228603839
0.800788453221316
1.40794329047203
-1.43007206320762
-2.04753294587136
5
0.535432296991344
-0.611114588379863
-2.00274366736412
1.81450475156307
0.616584229469305
5
-1.44761630296707
-1.2068265736103
-2.52437624037265
1.25163050293923
0.854761001467701
5
-1.79051557183265
-2.23480595648288
2.77121368348597
0.386466524004935
-1.85664260387421
2
7
1.20372274518013
3.816097381711
2.04096984863281
-3.35196548402309
-1.23390733599663
0.143086689710616
-1.02923212349415
7
0.533942648768425
1.05857068896293
-0.0274141341447822
0.780240863561631
-0.163715404272086
-0.362760317325592
0.380812636017799
|2
6
5
-1.12562626004219
1.94303704202175
1.1971571803093
-1.38781005144119
-0.249087706208229
5
-1.78303638994694
2.62776502966882
1.21659815311431
-1.91322424411774
-1.70185319781303
5
-1.84059768021106
1.1599779754877
1.38378759324551
-2.43080328106879
-2.15238347351551
5
-0.320838737487797
-1.33663176894188
-1.90892046093941
1.8980652987957
0.951159191131594
5
-1.2759825617075
-1.70232703089714
-2.36973593831062
0.811652192473413
0.749082368612284
5
-1.80037093758583
-2.49282166063785
2.56753838956355
0.682821571826934
-2.18713382184506
2
7
1.13033625483513
4.00692689716815
2.23384141921996
-3.08484857976436
-1.01634688973427
0.253315690159797
-1.38664605915547
7
0.533942648768425
1.24568373560905
-0.0274141341447822
0.931053823232652
-0.156573432683951
-0.362760317325592
0.380812636017799
|2
6
5
-1.35302905440331
1.7962949693203
1.00395093262196
-2.19079236984253
-0.276635056734085
5
-2.4530094563961
2.66375400722028
1.36548050343989
-1.91213041245938
-1.72805337309837
5
-1.84059768021106
1.16212319731711
1.38378759324551
-2.23483780920504
-2.28032669425011
5
-0.406875088810925
-0.87630304694176
-1.90892046093941
2.13190407156944
1.01681055724621
5
-1.72104078829289
-1.3029818713665
-2.52338224053383
0.589078205823899
1.41082424521446
5
-1.61040895581245
-2.30317975580692
2.56753838956355
0.544003388285636
-1.82175031900407
2
7
1.13033625483513
3.81217570602893
2.14394868612289
-3.08484857976436
-1.01634688973427
0.250318232178687
-1.07136951982975
7
0.255769401788712
1.03952603936195
0.546865233778954
1.02728028893471
-0.436850890517241
-0.183333659172058
0.550936892628669
|2
6
5
-1.03014398217201
2.00311434864998
0.254676103591919
-1.84174513816833
-0.545419418811798
5
-2.4530094563961
2.39212305247785
1.07572682797907
-2.02001483142376
-1.52307495474815
5
-2.10153949558734
1.16212319731711
1.38378759324551
-2.0744821935892
-2.28032669425011
5
-0.406875088810925
-0.992746001482013
-1.90892046093941
2.13190407156944
0.819801589846613
5
-1.72104078829289
-1.3029818713665
-2.38275620341301
0.335918873548508
1.11196343302726
5
-1.61040895581245
-2.17575123310089
2.84776364266871
0.544003388285636
-1.82175031900407
2
7
1.13033625483513
3.81217570602893
2.14394868612289
-3.08484857976436
-1.01634688973427
0.250318232178687
-1.02923212349415
7
0.450320249795914
1.03952603936195
0.546865233778954
1.02728028893471
-0.373001834750182
-0.183333659172058
0.550936892628669
|2
6
5
-1.12562626004219
1.94303704202175
1.1971571803093
-1.38781005144119
-0.311582711338997
5
-1.89979140162468
2.34861633479597
1.32705574929713
-1.80822539031506
-1.51183703541755
5
-1.28459105789661
0.789259174466128
1.57822650372982
-1.47793380320071
-2.50666264891625
5
0.198245149850841
-0.4481190353632
-1.77447602152824
1.69804148375988
0.824457108974463
5
-1.68811005651951
-1.07015103697777
-2.51368018984794
0.657931897044182
0.781832212209696
5
-1.31263272166251
-2.05738412439823
2.33111997544765
0.876307126879691
-1.03363984823228
2
7
1.13033625483513
4.03962424099444
2.0768166065216
-3.08484857976436
-1.01634688973427
0.253315690159797
-1.02923212349415
7
0.224673765897751
0.855769330263134
0.546865233778954
1.38025984466076
-0.0716552942991319
-0.183333659172058
0.550936892628669
|2
6
5
-1.11797824501992
2.205242857337
1.16847023069859
-1.38781005144119
0.0966371089220046
5
-1.91586405634881
2.4853594005108
1.14511556625365
-2.07566332817078
-1.51531554758548
5
-1.14429228603839
0.599042776226992
1.40794329047203
-1.43007206320762
-2.04753294587136
5
0.535432296991344
-0.613644948601725
-2.00274366736412
1.69064416587352
0.616584229469305
5
-1.44761630296707
-1.2068265736103
-2.20749263763427
1.11335572600365
0.854761001467701
5
-1.82896321415901
-2.23480595648288
2.66672408282756
0.386466524004935
-1.80247889757157
2
7
1.13033625483513
3.95403587222099
1.85761461257934
-3.35196548402309
-1.1871263563633
0.143086689710616
-1.09113353788853
7
0.25360421538353
1.03952603936195
0.546865233778954
1.16918737590313
-0.436850890517241
0.0113172531127931
0.550936892628669
|2
6
5
-1.24472296535969
1.94303704202175
0.873823785781864
-1.11545512378216
-0.136136057972908
5
-1.89979140162468
2.59947610199453
1.15685614049433
-1.80822539031506
-1.78943687081337
5
-2.16199387609958
1.04300566017627
1.56044538915158
-2.39503816962241
-2.28032669425011
5
-0.541953530907635
-0.930178362131122
-2.1748974621296
2.40167164206505
1.01681055724621
5
-1.74737918674946
-1.27126567959785
-2.06923568844795
0.463832527399064
0.814435070753092
5
-1.61040895581245
-2.30317975580692
2.64908064603804
0.581209740042686
-1.44049655199052
2
7
1.13033625483513
4.23741187155246
2.27318738698958
-3.29254649877548
-0.872992831468586
0.349892237782478
-1.26356867849827
7
0.255769401788712
1.14662542045116
0.546865233778954
1.02728028893471
-0.354277226328856
-0.183333659172058
0.48687061369419
|2
6
5
-1.05883307754994
1.77514069974422
1.00425356626511
-1.09361377954483
-0.148264291882515
5
-1.90561032891274
2.62776502966882
0.901574814319603
-1.91322424411774
-1.52307495474815
5
-1.84059768021106
1.1599779754877
1.38378759324551
-2.48217992186545
-2.28032669425011
5
0.265539842844005
-0.611114588379863
-2.13567290902138
1.92462241351604
0.337459182739264
5
-1.44761630296707
-0.983723431825632
-2.52437624037265
1.25163050293923
0.854761001467701
5
-1.61040895581245
-1.94259881079197
2.80790784060954
0.386466524004935
-1.80247889757157
2
7
1.02851384282112
3.816097381711
1.85761461257934
-3.35196548402309
-1.1871263563633
0.143086689710616
-1.02923212349415
7
0.44731841981411
1.4544774621725
0.482043108344079
0.548873800039293
-0.107864660024649
-0.0393557548522945
0.624190989136695
|2
6
5
-1.31149118542671
1.94303704202175
1.1971571803093
-1.38781005144119
-0.249087706208229
5
-1.78303638994694
2.62776502966882
1.21659815311431
-1.91322424411774
-1.70185319781303
5
-1.84059768021106
1.1599779754877
1.38378759324551
-2.43080328106879
-2.15238347351551
5
-0.320838737487797
-1.38911834359169
-2.10962987542153
1.8980652987957
0.951159191131594
5
-1.18756515979767
-1.70232703089714
-2.31288651823997
0.811652192473413
0.749082368612284
5
-1.79092101454734
-2.52610554993152
2.56753838956355
0.682821571826934
-2.18713382184506
2
7
1.13033625483513
4.00692689716815
2.23384141921996
-3.08484857976436
-1.01634688973427
0.253315690159797
-1.38664605915547
7
0.533942648768425
1.07623475193977
-0.0274141341447822
0.780240863561631
-0.163715404272086
-0.362760317325592
0.380812636017799

