40
440
|2
6
5
-0.860606110095978
0.923669719696049
0.856093668937683
-1.42654865086079
-0.254174980521202
5
-1.65773437619209
2.25900576114655
1.51994656920433
-1.75181986689567
-1.34194483458996
5
-1.08984791338444
1.27829837799072
0.974082437157631
-1.4894023656845
-1.08944910168649
5
-0.960654020309449
-1.68446888625622
-1.65523751676083
2.06562933325767
1.21438045501709
5
-0.467801684141158
-0.579523992538451
-2.46211857497692
0.726252490282059
1.04382598996162
5
-1.14303670823574
-1.31403621733189
1.29036608636379
-0.0683252781629569
-1.38147114515305
2
7
1.78759564161301
2.28965140879154
1.14800866246223
-1.83701703250408
-1.90379742383957
-0.646118649840355
-0.667450934648514
7
0.108987694978714
1.2567524254322
0.245755818486214
2.15810662806034
0.820327046513552
-0.597504916787147
0.605301389098167
|2
6
5
-0.885374575853348
1.57871859073639
0.621446192264557
-2.16401239931583
0.112666982412338
5
-1.65773437619209
2.04317809343338
1.43825760483741
-1.75181986689567
-1.50640194118023
5
-1.05292566120625
1.59304164946079
1.06609879136086
-1.61515308618545
-1.08944910168649
5
-1.11860830783844
-2.04828242957592
-1.65523751676083
1.76725736260414
0.791528272628788
5
-0.467801684141158
-0.579523992538451
-2.19809400737286
0.726252490282059
1.04382598996162
5
-1.14303670823574
-1.40567674934864
1.01340709328651
-0.00809412896633213
-1.38147114515305
2
7
1.64908194243908
2.22743928730487
1.14800866246223
-1.6730927914381
-1.90379742383957
-0.821819549798966
-0.86904211640358
7
0.797305247187614
1.21431536376476
0.165021649003029
2.04105364084244
0.746997034549708
0.252862611413003
0.0817035764455792
|2
6
5
-0.737148571014405
0.923669719696049
0.909464943408966
-1.58541567623615
-0.254174980521202
5
-1.65773437619209
2.25900576114655
1.51994656920433
-1.75181986689567
-1.34194483458996
5
-1.05292566120625
1.27829837799072
0.974082437157631
-1.4894023656845
-1.08944910168649
5
-0.960654020309449
-1.68882583081723
-1.65523751676083
2.06562933325767
1.00103125572205
5
-0.467801684141158
-0.579523992538451
-2.46211857497692
0.726252490282059
1.04382598996162
5
-1.14303670823574
-1.31403621733189
1.28477304577827
-0.0683252781629569
-1.38147114515305
2
7
1.41120562255383
2.57191230654716
1.12455585598945
-1.5008930772543
-2.17749110460281
-0.598486408591271
-0.845703679323197
7
0.108987694978714
1.2567524254322
0.245755818486214
1.7584080606699
0.526751196384424
-0.460270336270332
0.624406084418296
|2
6
5
-0.827886521816254
1.14597467184067
0.909464943408966
-2.16401239931583
0.0269293576478959
5
-1.65773437619209
2.03346109390259
1.51994656920433
-1.75181986689567
-1.34194483458996
5
-1.05292566120625
1.72777910232544
1.07161788344383
-1.61515308618545
-1.08944910168649
5
-0.960654020309449
-1.81239237487316
-1.65523751676083
1.76725736260414
1.00103125572205
5
-0.467801684141158
-0.579523992538451
-2.19809400737286
0.726252490282059
1.04382598996162
5
-1.14303670823574
-1.40567674934864
1.28477304577827
-0.00809412896633213
-1.38147114515305
2
7
1.64908194243908
2.22743928730487
1.14800866246223
-1.6730927914381
-1.90379742383957
-0.869170409440995
-0.741696447134018
7
0.797305247187614
0.966788527369499
-0.0214926570653916
2.04105364084244
0.746997034549708
0.252862611413003
0.0817035764455792
|2
6
5
-0.827886521816254
1.27909188270569
0.909464943408966
-2.16401239931583
0.0269293576478959
5
-1.65773437619209
2.03346109390259
1.51994656920433
-1.75181986689567
-1.34194483458996
5
-0.904210653901102
1.13400150537491
1.27696209251881
-1.50977603197097
-1.13359608054162
5
-0.846175944805146
-1.39633780419827
-1.96357206106186
2.06562933325767
1.13492132723332
5
-0.658858865499496
-0.887951278686522
-2.429865655303
0.804682677984238
1.04382598996162
5
-0.711682388186455
-1.08845235407352
1.23600662350654
-0.0683252781629569
-1.33000627756119
2
7
1.64908194243908
2.43191648125648
1.14800866246223
-1.83701703250408
-1.90379742383957
-0.646118649840355
-0.667450934648514
7
0.0598849236965175
1.49095157980919
0.0176730662584304
1.45277074575424
0.81185274124145
0.191803947091103
0.0817035764455792
|2
6
5
-0.885374575853348
1.57871859073639
0.621446192264557
-2.1781678467989
0.112666982412338
5
-1.65773437619209
2.20396550893784
1.21158962845802
-1.75181986689567
-1.50640194118023
5
-1.05292566120625
1.14578244686127
0.974082437157631
-1.4894023656845
-1.47605877518655
5
-0.960654020309449
-1.68882583081723
-1.65523751676083
1.95845401883125
1.00103125572205
5
-0.460541409254073
-0.887951278686522
-1.74460267424583
0.804682677984238
0.957698863744735
5
-1.14303670823574
-1.31403621733189
1.28477304577827
-0.0683252781629569
-1.38147114515305
2
7
1.41120562255383
2.57191230654716
1.20139105021953
-1.5008930772543
-1.88363808393478
-0.598486408591271
-0.845703679323197
7
0.108987694978714
1.2567524254322
0.245755818486214
1.50719511806965
0.526751196384424
-0.720275023579597
0.624406084418296
|2
6
5
-0.993000268936158
0.923669719696049
0.909464943408966
-1.50820497274399
-0.254174980521202
5
-1.65773437619209
2.25900576114655
1.7563991010189
-1.75181986689567
-1.34194483458996
5
-1.05292566120625
1.59304164946079
1.06609879136086
-1.61515308618545
-1.08944910168649
5
-1.11860830783844
-2.04828242957592
-1.65523751676083
1.52075427174568
0.791528272628788
5
-0.32005081474781
-0.579523992538451
-2.19809400737286
0.726252490282059
1.04382598996162
5
-1.14303670823574
-1.40567674934864
1.01340709328651
-0.00809412896633213
-1.38147114515305
2
7
1.47469479739666
2.22743928730487
1.14800866246223
-1.6730927914381
-1.90379742383957
-0.821819549798966
-1.16357377171516
7
0.797305247187614
1.21431536376476
0.165021649003029
2.04105364084244
0.746997034549708
0.252862611413003
0.0817035764455792
|2
6
5
-0.827886521816254
1.14597467184067
0.909464943408966
-2.16401239931583
0.0269293576478959
5
-1.65773437619209
2.03346109390259
1.51994656920433
-1.75181986689567
-1.34194483458996
5
-1.05292566120625
1.72777910232544
1.07161788344383
-1.61515308618545
-1.08944910168649
5
-0.960654020309449
-1.81239237487316
-1.65523751676083
1.76725736260414
1.00103125572205
5
-0.460654026269912
-0.579523992538451
-2.19809400737286
0.726252490282059
1.04382598996162
5
-1.14303670823574
-1.40567674934864
1.28477304577827
-0.00809412896633213
-1.38147114515305
2
7
1.64908194243908
2.22743928730487
1.14800866246223
-1.6730927914381
-1.90379742383957
-0.869170409440995
-0.843119460344315
7
0.797305247187614
0.966788527369499
-0.0214926570653916
2.04105364084244
0.746997034549708
0.252862611413003
0.0817035764455792
|2
6
5
-0.827886521816254
1.14597467184067
0.909464943408966
-2.16401239931583
0.0269293576478959
5
-1.65773437619209
2.03346109390259
1.51994656920433
-1.75181986689567
-1.20460458397866
5
-1.05292566120625
1.72777910232544
1.07161788344383
-1.61515308618545
-1.08944910168649
5
-0.960654020309449
-1.67445281147957
-1.65523751676083
1.76725736260414
1.00103125572205
5
-0.467801684141158
-0.579523992538451
-2.19809400737286
0.726252490282059
1.04382598996162
5
-1.14303670823574
-1.40567674934864
1.28477304577827
-0.00809412896633213
-1.38147114515305
2
7
1.64908194243908
2.22743928730487
1.14800866246223
-1.6730927914381
-1.68716813325882
-0.869170409440995
-0.741696447134018
7
0.553167578577995
0.966788527369499
-0.0214926570653916
2.04105364084244
0.746997034549708
0.447520461678506
0.0817035764455792
|2
6
5
-0.827886521816254
1.27909188270569
0.909464943408966
-2.16401239931583
0.0269293576478959
5
-1.65773437619209
2.03346109390259
1.47923603653907
-1.90557052493095
-1.34194483458996
5
-0.904210653901102
1.00946335792541
1.27696209251881
-1.50977603197097
-1.24614933133126
5
-1.09457589387894
-1.65883176028729
-1.96357206106186
2.06562933325767
1.13492132723332
5
-0.658858865499496
-0.95032855272293
-2.429865655303
0.804682677984238
1.07098804116249
5
-0.761474415659905
-1.08845235407352
1.23600662350654
-0.0683252781629569
-1.29602708816528
2
7
1.211765858531
2.60913285613059
1.46817916035652
-1.44282887578011
-2.17749110460281
-0.460468837618828
-0.920179396867752
7
0.797305247187614
0.966788527369499
-0.0214926570653916
1.87229605913162
0.746997034549708
0.252862611413003
0.0817035764455792
|2
6
5
-0.788621449470521
1.23993109464646
0.574722218513489
-1.42654865086079
-0.185832259058952
5
-1.14409128725529
1.88678573668004
1.71825830340385
-1.88218677639961
-2.15246376693249
5
-1.12354096472264
1.4608029872179
1.33084895908833
-1.24562407732009
-1.14631978273393
5
-1.18238108158112
-1.39633780419827
-1.88868378400803
2.08276582360268
0.837718692421917
5
-0.805981650948524
-0.880509981513022
-2.62357819676399
0.767523846030236
1.55711570680141
5
-0.459878581762314
-0.880429127812386
1.07624309659004
0.280186799168586
-1.73236638307571
2
7
1.83567106425762
2.41245902180671
1.14800866246223
-1.83701703250408
-1.79577922523022
-0.646118649840355
-0.747045558691025
7
1.00591802299023
1.21431536376476
0.165021649003029
2.04105364084244
0.535257017612452
0.50362837612629
0.0817035764455792
|2
6
5
-0.737148571014405
0.923669719696049
1.13143676519394
-1.58541567623615
-0.254174980521202
5
-1.52966627180576
2.25900576114655
1.7563991010189
-1.98745049834251
-1.34194483458996
5
-1.05292566120625
1.14152971506119
1.20089103281498
-1.4894023656845
-1.08944910168649
5
-0.960654020309449
-1.68882583081723
-1.65523751676083
2.06562933325767
1.00103125572205
5
-0.460541409254073
-0.887951278686522
-2.00875691771507
0.804682677984238
0.957698863744735
5
-0.861149272322655
-1.40567674934864
1.28477304577827
-0.00809412896633213
-1.38147114515305
2
7
1.64908194243908
2.22743928730487
1.31541509032249
-1.5896655857563
-1.74453464746475
-0.869170409440995
-0.741696447134018
7
0.797305247187614
0.966788527369499
-0.0214926570653916
2.04105364084244
0.746997034549708
0.252862611413003
-0.189499512314797
|2
6
5
-0.915630233287812
0.812746036052708
0.856093668937683
-1.42654865086079
-0.185832259058952
5
-1.2642490208149
1.88678573668004
1.71825830340385
-1.88218677639961
-2.10162471234799
5
-1.12354096472264
1.03461957275867
1.11319041550159
-1.50977603197097
-0.907876622676859
5
-1.18238108158112
-1.39633780419827
-1.88868378400803
2.08276582360268
0.837718692421917
5
-0.83262967467308
-0.880509981513022
-2.71518184840679
0.767523846030236
1.18709968924522
5
-0.459878581762314
-0.728684547543526
0.970103114843364
0.189834585785865
-1.73236638307571
2
7
1.67220068871975
2.52710776627063
1.14800866246223
-1.48601514995098
-1.90379742383957
-0.770733481645585
-0.741696447134018
7
0.108987694978714
1.12021250128746
0.245755818486214
1.7584080606699
0.279147756099695
-0.227734258770942
0.624406084418296
|2
6
5
-0.827886521816254
1.27909188270569
0.767809796333313
-2.16401239931583
-0.134610292315483
5
-1.90706887841225
2.03346109390259
1.51994656920433
-1.75181986689567
-1.05688631236553
5
-0.904210653901102
1.13400150537491
1.27696209251881
-1.50977603197097
-1.13359608054162
5
-1.04657254219055
-1.56732934415341
-2.22300032377243
2.27311329245567
1.13492132723332
5
-0.658858865499496
-0.887951278686522
-2.429865655303
0.804682677984238
1.04382598996162
5
-0.711682388186455
-0.837139740586281
1.23600662350654
-0.345066449046136
-1.33000627756119
2
7
2.06168358027935
2.18699946999549
1.14800866246223
-1.83701703250408
-1.58323497474193
-0.646118649840355
-0.667450934648514
7
0.797305247187614
1.21431536376476
0.165021649003029
2.04105364084244
0.535257017612452
0.50362837612629
0.146232482790947
|2
6
5
-0.685406515002251
1.51514945030213
0.909464943408966
-2.16401239931583
0.0269293576478959
5
-1.90706887841225
2.03346109390259
1.51994656920433
-1.75181986689567
-1.05688631236553
5
-0.904210653901102
1.13400150537491
1.27696209251881
-1.50977603197097
-1.07948837876321
5
-1.02712627649307
-1.56732934415341
-2.22300032377243
2.01199952960014
0.977970615029339
5
-0.687070018053054
-0.887951278686522
-2.429865655303
0.804682677984238
1.12180738151073
5
-0.711682388186455
-0.899751761555672
1.23600662350654
-0.345066449046136
-1.05189617872238
2
7
1.83567106425762
2.18699946999549
1.14800866246223
-1.83701703250408
-1.79577922523022
-0.646118649840355
-0.506795161962509
7
0.797305247187614
1.21431536376476
0.0264992505311965
2.04105364084244
0.535257017612452
0.50362837612629
0.0817035764455792
|2
6
5
-1.00804631710053
1.23993109464646
0.574722218513489
-1.42654865086079
-0.185832259058952
5
-1.14409128725529
1.88678573668004
1.71825830340385
-1.88218677639961
-2.15246376693249
5
-1.12354096472264
1.4608029872179
1.46070820689201
-1.24562407732009
-1.42841535806657
5
-1.18238108158112
-1.39633780419827
-1.88868378400803
2.08276582360268
0.837718692421917
5
-0.805981650948524
-0.880509981513022
-2.62357819676399
0.767523846030236
1.55711570680141
5
-0.459878581762314
-0.951243057847023
1.07624309659004
0.280186799168586
-1.73236638307571
2
7
1.41120562255383
2.57191230654716
1.20139105021953
-1.5008930772543
-2.17749110460281
-0.598486408591271
-0.845703679323197
7
0.108987694978714
1.2567524254322
0.245755818486214
1.46044417917728
0.526751196384424
-0.720275023579597
0.624406084418296
|2
6
5
-0.737148571014405
0.923669719696049
0.909464943408966
-1.50820497274399
-0.254174980521202
5
-1.65773437619209
2.25900576114655
1.7563991010189
-1.75181986689567
-1.34194483458996
5
-1.05292566120625
1.14578244686127
0.974082437157631
-1.4894023656845
-1.29384680390359
5
-0.960654020309449
-1.68882583081723
-1.65523751676083
2.06562933325767
1.08935839235783
5
-0.460541409254073
-1.01260579824448
-2.00875691771507
0.932968577742577
0.957698863744735
5
-1.14303670823574
-1.31403621733189
1.28477304577827
-0.0683252781629569
-1.38147114515305
2
7
1.83567106425762
2.18699946999549
1.14800866246223
-1.83701703250408
-1.79577922523022
-0.646118649840355
-0.751164823770523
7
0.797305247187614
1.21431536376476
0.165021649003029
2.04105364084244
0.535257017612452
0.50362837612629
0.0817035764455792
|2
6
5
-0.737148571014405
0.923669719696049
0.909464943408966
-1.50820497274399
-0.365518018603325
5
-1.65773437619209
2.25900576114655
1.7563991010189
-1.75181986689567
-1.34194483458996
5
-1.05292566120625
1.14578244686127
0.974082437157631
-1.4894023656845
-1.29384680390359
5
-0.665373706817628
-1.59830704331398
-1.65523751676083
2.45312827527523
1.17302569150925
5
-0.929074329137801
-0.535852801799773
-2.46211857497692
0.448232370615006
1.04382598996162
5
-1.14303670823574
-1.31403621733189
1.29036608636379
-0.0683252781629569
-1.38147114515305
2
7
1.91324945390225
2.30201324522495
0.910527521371837
-1.6478285998106
-1.99727144241333
-1.18839879930019
-0.922949868440628
7
0.197092646360397
0.741969996690749
0.248799696564674
2.06942434906959
0.37831134796142
-0.77030370235443
0.572486492991447
|2
6
5
-0.910840594768525
0.923669719696049
1.05805234909058
-1.42654865086079
-0.254174980521202
5
-1.71404742598534
2.25900576114655
1.51994656920433
-1.50888840556144
-1.66017030179501
5
-1.22196047604084
1.27829837799072
0.706705465912819
-1.7721188545227
-1.08944910168649
5
-0.854031214118005
-1.68882583081723
-1.65523751676083
1.88873314261436
1.00103125572205
5
-0.460541409254073
-0.887951278686522
-2.00875691771507
0.804682677984238
0.957698863744735
5
-1.14303670823574
-1.31403621733189
1.28477304577827
-0.0683252781629569
-1.38147114515305
2
7
1.41120562255383
2.57191230654716
1.20139105021953
-1.5008930772543
-2.17749110460281
-0.598486408591271
-1.11016684174538
7
0.108987694978714
1.2567524254322
0.245755818486214
1.46044417917728
0.526751196384424
-0.720275023579597
0.624406084418296
|2
6
5
-0.827886521816254
0.909498965740208
0.909464943408966
-2.33244668543339
0.0269293576478959
5
-1.65773437619209
2.03346109390259
1.51994656920433
-1.75181986689567
-1.61108283698559
5
-1.05292566120625
1.72777910232544
1.07161788344383
-1.61515308618545
-1.08944910168649
5
-0.948814141750336
-2.04828242957592
-1.65523751676083
1.79354344010353
0.866635954380039
5
-0.512748354673385
-0.579523992538451
-2.19809400737286
0.726252490282059
1.3374496281147
5
-1.14303670823574
-1.54342867434025
1.28477304577827
-0.00809412896633213
-1.57495046854019
2
7
1.64908194243908
2.4798696219921
1.14800866246223
-1.6796595543623
-1.90379742383957
-0.91736179292202
-0.859387594461441
7
0.568097585439682
0.99502668082714
-0.102797672152519
1.40886090099811
0.538826215267176
0.327186408638955
-0.043707433342934
|2
6
5
-0.827886521816254
1.27909188270569
0.911433720588684
-2.16401239931583
0.0269293576478959
5
-1.65773437619209
1.87929866313935
1.51994656920433
-1.75181986689567
-1.34194483458996
5
-0.771010589599611
1.35492748022079
1.25987702906132
-1.32357078790664
-1.13838768601418
5
-0.846175944805146
-1.39633780419827
-2.02782402038574
2.06562933325767
1.13492132723332
5
-0.658858865499496
-0.807928761839866
-2.429865655303
0.804682677984238
1.04382598996162
5
-0.987576660513878
-0.990543293952942
1.23600662350654
-0.226885673403741
-1.33000627756119
2
7
1.211765858531
2.60913285613059
1.46817916035652
-1.53148824870586
-2.17749110460281
-0.460468837618828
-0.813931375741959
7
0.797305247187614
1.22323002517223
0.211930194497108
2.04105364084244
0.746997034549708
0.512293162941933
0.0817035764455792
|2
6
5
-0.737148571014405
0.923669719696049
1.34412420988083
-1.58541567623615
-0.121951526403427
5
-1.65773437619209
2.51411352157593
1.77035738825798
-1.59210812449455
-1.34194483458996
5
-1.05292566120625
1.27829837799072
1.07922194600105
-1.4894023656845
-1.08944910168649
5
-0.960654020309449
-1.68882583081723
-1.65523751676083
1.90343958735466
1.00103125572205
5
-0.460541409254073
-0.887951278686522
-2.00875691771507
0.804682677984238
0.957698863744735
5
-0.922391292452813
-1.08845235407352
1.23600662350654
-0.0683252781629569
-1.33000627756119
2
7
1.69227233827114
2.12623044848441
1.14800866246223
-1.83701703250408
-1.90379742383957
-0.596450611948967
-0.667450934648514
7
0.185703584551811
1.12021250128746
0.529246786236763
1.7584080606699
0.279147756099695
-0.227734258770942
0.624406084418296
|2
6
5
-0.915630233287812
0.812746036052708
0.856093668937683
-1.42654865086079
-0.185832259058952
5
-1.2642490208149
1.88678573668004
1.71825830340385
-1.88218677639961
-1.82088447511196
5
-0.920966377854349
1.03461957275867
1.11319041550159
-1.50977603197097
-0.907876622676859
5
-1.18238108158112
-1.66442452371121
-1.88868378400803
2.08276582360268
0.837718692421917
5
-0.83262967467308
-0.880509981513022
-2.71518184840679
0.767523846030236
1.18709968924522
5
-0.459878581762314
-1.02456167042255
0.970103114843364
0.189834585785865
-1.73236638307571
2
7
1.64908194243908
2.52710776627063
1.14800866246223
-1.48601514995098
-1.90379742383957
-0.770733481645585
-0.741696447134018
7
0.108987694978714
1.2567524254322
0.419810083508491
1.7584080606699
0.657946470379824
-0.460270336270332
0.443464407324791
|2
6
5
-0.885374575853348
1.57871859073639
0.530104780197144
-2.16401239931583
-0.150611358880997
5
-1.65773437619209
2.04317809343338
1.43825760483741
-1.75181986689567
-1.50640194118023
5
-1.05292566120625
1.59304164946079
1.06609879136086
-1.61515308618545
-1.07675155997277
5
-1.11860830783844
-2.04828242957592
-1.65523751676083
1.76725736260414
0.791528272628788
5
-0.736117643117904
-0.579523992538451
-2.19809400737286
0.726252490282059
1.04382598996162
5
-1.14303670823574
-1.40567674934864
1.01340709328651
-0.00809412896633213
-1.38147114515305
2
7
1.64908194243908
2.22743928730487
1.14800866246223
-1.6730927914381
-1.90379742383957
-0.869170409440995
-0.741696447134018
7
0.660789355635643
0.966788527369499
-0.0214926570653916
2.04105364084244
0.746997034549708
0.252862611413003
0.0817035764455792
|2
6
5
-0.915630233287812
0.996187424659733
0.747711217403412
-1.42654865086079
-0.185832259058952
5
-1.38477858901024
1.88678573668004
1.44271221756935
-1.88218677639961
-1.82088447511196
5
-1.03488694727421
1.72777910232544
1.07161788344383
-1.61515308618545
-1.08944910168649
5
-1.21862351894379
-2.04458977878094
-1.65523751676083
1.76725736260414
1.00103125572205
5
-0.467801684141158
-0.579523992538451
-2.19809400737286
0.726252490282059
1.06912705302238
5
-1.14303670823574
-1.68583891689777
1.28477304577827
-0.00809412896633213
-1.38147114515305
2
7
1.64908194243908
2.22743928730487
1.14800866246223
-1.6730927914381
-1.90379742383957
-0.821819549798966
-0.86904211640358
7
0.797305247187614
1.21431536376476
0.165021649003029
2.04105364084244
0.746997034549708
0.252862611413003
0.0817035764455792
|2
6
5
-0.584037172794343
1.51400032043457
0.909464943408966
-2.16401239931583
0.0269293576478959
5
-1.65773437619209
2.03346109390259
1.51994656920433
-1.75181986689567
-1.5317734926939
5
-0.700114074349405
1.13400150537491
1.27696209251881
-1.50977603197097
-1.13359608054162
5
-0.960654020309449
-1.81239237487316
-1.65523751676083
1.76725736260414
1.00103125572205
5
-0.467801684141158
-0.579523992538451
-2.19809400737286
0.726252490282059
1.04382598996162
5
-1.14303670823574
-1.40567674934864
1.28477304577827
-0.00809412896633213
-1.38147114515305
2
7
1.64908194243908
2.17754143774509
1.14169095158576
-1.6730927914381
-1.90379742383957
-0.869170409440995
-0.741696447134018
7
0.797305247187614
0.966788527369499
-0.0214926570653916
2.04105364084244
0.683759236335749
0.252862611413003
0.0817035764455792
|2
6
5
-0.827886521816254
1.14597467184067
0.909464943408966
-2.16401239931583
0.0269293576478959
5
-1.27766292691231
2.28777964115143
1.51830695271492
-1.75181986689567
-1.34194483458996
5
-1.32042079269886
1.96858843564987
1.07161788344383
-1.61515308618545
-1.30325005650521
5
-0.58962608575821
-1.39633780419827
-1.96357206106186
2.06562933325767
1.13492132723332
5
-0.658858865499496
-0.875958478450774
-2.429865655303
0.804682677984238
1.04382598996162
5
-0.479334422945977
-1.08845235407352
1.26613144278526
-0.0683252781629569
-1.33000627756119
2
7
1.46943745315075
2.43191648125648
1.14800866246223
-1.87629805505276
-1.90379742383957
-0.646118649840355
-0.667450934648514
7
0.0598849236965175
1.49095157980919
0.0176730662584304
1.45277074575424
0.81185274124145
0.205164459347726
0.0817035764455792
|2
6
5
-0.827886521816254
1.14597467184067
0.63551813364029
-2.16401239931583
0.0269293576478959
5
-1.65773437619209
2.28636343479157
1.51994656920433
-1.75181986689567
-1.34194483458996
5
-1.12354096472264
1.03461957275867
1.11319041550159
-1.50977603197097
-0.907876622676859
5
-1.18238108158112
-1.39633780419827
-1.88868378400803
2.21033739745617
0.837718692421917
5
-0.902157717943191
-0.880509981513022
-2.71518184840679
0.767523846030236
1.18709968924522
5
-0.612676805257798
-0.951243057847023
1.07624309659004
0.189834585785865
-1.60549068152905
2
7
1.211765858531
2.60913285613059
1.46817916035652
-1.53148824870586
-2.46383744478226
-0.460468837618828
-0.350952845811844
7
0.797305247187614
0.966788527369499
-0.0214926570653916
2.04105364084244
0.495419847965235
0.252862611413003
0.0817035764455792
|2
6
5
-0.827886521816254
1.14597467184067
0.567382979393006
-2.16401239931583
0.0269293576478959
5
-1.53629247248173
2.15572640001774
1.51994656920433
-1.48180338740348
-1.34194483458996
5
-1.05292566120625
1.72777910232544
1.30868338942528
-1.61515308618545
-1.08944910168649
5
-0.960654020309449
-1.81239237487316
-1.64190640151501
1.76725736260414
1.00103125572205
5
-0.214405888319015
-0.579523992538451
-2.19809400737286
0.726252490282059
1.04382598996162
5
-1.05596463084221
-1.47561756670475
1.28477304577827
-0.00809412896633213
-1.26555008590221
2
7
1.64908194243908
2.22743928730487
1.14800866246223
-1.6730927914381
-1.66166533231735
-0.869170409440995
-0.741696447134018
7
1.07011315524578
1.22323002517223
0.211930194497108
2.04105364084244
0.746997034549708
-0.00393744409084246
0.0817035764455792
|2
6
5
-0.737148571014405
0.824370086193089
0.790932512283326
-1.58541567623615
-0.254174980521202
5
-1.44679558873177
1.62191888391972
1.89829625487327
-1.88218677639961
-1.60807314813137
5
-1.12354096472264
1.03461957275867
1.11319041550159
-1.62117940187454
-1.00473432838918
5
-1.05095916986466
-1.20716496407986
-1.98632245063782
2.49963180720806
1.16979515850544
5
-0.902157717943191
-0.880509981513022
-2.71518184840679
0.767523846030236
1.18709968924522
5
-0.612676805257798
-1.02184219658375
1.07624309659004
0.189834585785865
-1.60549068152905
2
7
1.211765858531
2.60913285613059
1.46817916035652
-1.53148824870586
-1.88960911035538
-0.460468837618828
-0.350952845811844
7
1.07011315524578
1.22323002517223
0.211930194497108
2.04105364084244
0.746997034549708
0.252862611413003
0.0817035764455792
|2
6
5
-0.827886521816254
1.14597467184067
0.399043929576874
-2.16401239931583
0.0269293576478959
5
-1.65773437619209
2.03346109390259
1.51994656920433
-1.75181986689567
-1.34194483458996
5
-1.12354096472264
1.03461957275867
1.11319041550159
-1.49901568889617
-0.907876622676859
5
-1.18238108158112
-1.39633780419827
-1.88868378400803
1.89446495175362
0.837718692421917
5
-0.475498408079147
-0.906343472003936
-2.43412110507488
0.654471248388291
1.30939883589744
5
-1.22180088460445
-1.16083727180958
1.20689153075218
-0.0683252781629569
-1.33000627756119
2
7
1.83612003028393
2.43191648125648
1.36594649553298
-1.83701703250408
-2.13053649663925
-0.409686288237572
-0.667450934648514
7
0.215620800852775
1.47706267237663
0.29730387032032
2.29220328330994
0.784082508087153
0.103446912765504
0.325478109717369
|2
6
5
-0.827886521816254
1.27909188270569
0.909464943408966
-2.16401239931583
0.0252476841211319
5
-1.65773437619209
1.81083960533143
1.51994656920433
-1.75181986689567
-1.34194483458996
5
-0.904210653901102
1.13400150537491
1.27696209251881
-1.50977603197097
-0.95523869395257
5
-1.09457589387894
-1.46006748378277
-1.96357206106186
2.06562933325767
1.13492132723332
5
-0.658858865499496
-0.95032855272293
-2.429865655303
0.804682677984238
1.0399224460125
5
-0.72638336122036
-1.08845235407352
1.23600662350654
-0.0683252781629569
-1.33000627756119
2
7
1.211765858531
2.60913285613059
1.46817916035652
-1.44282887578011
-2.14529104232788
-0.460468837618828
-0.920179396867752
7
0.797305247187614
0.966788527369499
-0.0214926570653916
1.87229605913162
0.746997034549708
0.292607334256173
0.0817035764455792
|2
6
5
-0.827886521816254
1.27909188270569
0.909464943408966
-2.16401239931583
0.316020849347115
5
-1.65773437619209
2.03346109390259
1.51994656920433
-1.75181986689567
-1.34194483458996
5
-0.904210653901102
1.00946335792541
1.27696209251881
-1.50977603197097
-1.13359608054162
5
-0.846175944805146
-1.39633780419827
-1.96357206106186
2.06562933325767
1.02579300701619
5
-0.658858865499496
-0.887951278686522
-2.429865655303
0.804682677984238
1.04382598996162
5
-0.711682388186455
-1.08845235407352
1.5034920990467
-0.0683252781629569
-1.33000627756119
2
7
1.65342629849911
2.23804784417152
1.34298058152198
-1.83701703250408
-1.90379742383957
-0.458395892381669
-0.667450934648514
7
0.237121075391769
1.01804165244102
-0.102797672152519
1.40886090099811
0.314463686943049
0.179076257348061
0.120095500349998
|2
6
5
-0.827886521816254
1.40561932623387
1.27130465805531
-1.96084944307804
0.0269293576478959
5
-1.65773437619209
2.03346109390259
1.61889632642269
-1.75181986689567
-1.34194483458996
5
-0.700114074349405
1.13400150537491
1.0804015904665
-1.50977603197097
-1.13359608054162
5
-0.58962608575821
-1.39633780419827
-1.75282217264175
2.06562933325767
1.13492132723332
5
-0.902157717943191
-1.02352232635021
-2.46211857497692
0.767523846030236
0.900723594427108
5
-0.591429740190506
-0.951243057847023
1.07313141226768
0.280186799168586
-1.73236638307571
2
7
1.91324945390225
2.47077919542789
0.910527521371837
-1.6478285998106
-1.99727144241333
-1.18839879930019
-0.922949868440628
7
0.197092646360397
0.741969996690749
0.248799696564674
2.06801232695579
0.37831134796142
-0.814815318584441
0.301467797160148
|2
6
5
-0.910840594768525
0.923669719696049
1.05805234909058
-1.42654865086079
-0.254174980521202
5
-1.65773437619209
2.25900576114655
1.51994656920433
-1.50888840556144
-1.66017030179501
5
-1.22196047604084
1.27829837799072
1.00633728802204
-1.4894023656845
-1.08944910168649
5
-0.665373706817628
-1.59830704331398
-1.65523751676083
2.45312827527523
1.17302569150925
5
-0.846501523256301
-0.535852801799773
-2.46211857497692
0.332580560445786
0.800844532251357
5
-1.14303670823574
-1.31403621733189
1.35678727328777
-0.0683252781629569
-1.38147114515305
2
7
1.211765858531
2.60913285613059
1.46817916035652
-1.76279658973217
-2.11054320335388
-0.590679821372033
-0.361535054445267
7
-0.0737697660923008
1.06378814876079
0.248799696564674
2.30165258049965
0.436147606372828
-0.885665073990821
0.450382575392723
|2
6
5
-0.885374575853348
1.57871859073639
0.621446192264557
-2.16401239931583
0.112666982412338
5
-1.65773437619209
1.99283149242402
1.43825760483741
-1.89841836094856
-1.50640194118023
5
-1.05292566120625
1.59304164946079
1.06609879136086
-1.61515308618545
-0.796164494752893
5
-1.11860830783844
-2.04828242957592
-1.65523751676083
1.76725736260414
0.791528272628788
5
-0.467801684141158
-0.579523992538451
-2.24854675233364
0.461345154047013
1.04382598996162
5
-1.33599117696285
-1.40567674934864
1.01340709328651
-0.00809412896633213
-1.38147114515305
2
7
1.64908194243908
2.22743928730487
1.14800866246223
-1.6730927914381
-1.90379742383957
-0.821819549798966
-0.86904211640358
7
0.797305247187614
1.22323002517223
0.211930194497108
2.04105364084244
0.746997034549708
0.512293162941933
0.0817035764455792
|2
6
5
-0.827886521816254
0.909498965740208
0.909464943408966
-2.33244668543339
0.0269293576478959
5
-1.65773437619209
2.03346109390259
1.23407487273216
-1.73595824837684
-1.61108283698559
5
-1.05292566120625
1.72777910232544
1.07161788344383
-1.61515308618545
-1.08944910168649
5
-0.960654020309449
-2.04828242957592
-1.54312984347344
1.79354344010353
0.825852394104008
5
-0.512748354673385
-0.579523992538451
-2.03757381141186
0.726252490282059
1.3374496281147
5
-1.14303670823574
-1.54342867434025
1.10738933682441
-0.00809412896633213
-1.57495046854019
2
7
1.211765858531
2.60913285613059
1.46817916035652
-1.53148824870586
-2.44209889173508
-0.460468837618828
-0.813931375741959
7
0.328383049368858
0.858253377676009
-0.102797672152519
1.40886090099811
0.240347993373865
0.591494002938271
0.181463226675987
|2
6
5
-0.915630233287812
0.812746036052708
0.856093668937683
-1.42654865086079
-0.185832259058952
5
-1.2642490208149
1.88678573668004
1.71825830340385
-1.88218677639961
-1.82088447511196
5
-1.12354096472264
1.03461957275867
1.39773910343647
-1.50977603197097
-0.907876622676859
5
-1.18238108158112
-1.39633780419827
-1.88868378400803
2.08276582360268
0.837718692421917
5
-0.83262967467308
-0.880509981513022
-2.71518184840679
0.767523846030236
1.18709968924522
5
-0.459878581762314
-1.02456167042255
0.970650392770763
0.189834585785865
-1.73236638307571
2
7
1.78759564161301
2.28965140879154
1.14800866246223
-1.7151607811451
-1.90379742383957
-0.646118649840355
-0.667450934648514
7
0.237121075391769
1.01804165244102
-0.207764276862145
1.40886090099811
0.314463686943049
0.590649858117104
0.156577655673027
|2
6
5
-0.642288744449616
1.04594876766205
1.04093416035175
-1.82373325526714
0.0269293576478959
5
-1.9253700196743
2.16688009798527
1.71825830340385
-1.88218677639961
-1.54711544215679
5
-0.852467158436777
0.850765097141265
1.27696209251881
-1.50209282636642
-1.17996861338616
5
-0.803372395038605
-1.39633780419827
-1.71048650741577
2.06562933325767
1.13492132723332
5
-0.374646204710006
-0.887951278686522
-2.46211857497692
0.654471248388291
1.20473957657814
5
-0.572585424780846
-1.09967958033085
1.06842227578163
0.198496440052985
-1.62569214105606
2
7
1.64908194243908
2.52710776627063
1.14800866246223
-1.48601514995098
-1.90379742383957
-0.770733481645585
-0.741696447134018
7
0.108987694978714
0.87669739127159
0.245755818486214
1.7584080606699
0.279147756099695
-0.227734258770942
0.624406084418296
|2
6
5
-0.827886521816254
1.27909188270569
0.909464943408966
-2.16401239931583
0.0269293576478959
5
-1.65773437619209
2.03346109390259
1.51994656920433
-1.75181986689567
-1.34194483458996
5
-1.16797679960728
1.13400150537491
1.27696209251881
-1.50977603197097
-1.13359608054162
5
-0.846175944805146
-1.39633780419827
-1.96357206106186
2.06562933325767
1.13492132723332
5
-0.658858865499496
-0.887951278686522
-2.429865655303
0.804682677984238
1.04382598996162
5
-0.711682388186455
-1.08845235407352
1.23600662350654
-0.0683252781629569
-1.33000627756119
2
7
1.64908194243908
2.43191648125648
1.04619526267051
-1.74363707005978
-1.73988412618637
-0.91736179292202
-0.859387594461441
7
0.237121075391769
1.1658196657896
0.00127725005149833
1.40886090099811
0.273281791806216
0.327186408638955
0.181463226675987

