40
654
|2
6
5
-1.27846053242683
1.60896680951119
0.565691900253297
-2.22226051092148
-0.40112778544426
5
-2.44390349984169
2.20375603735448
1.23436926305294
-1.44081004261971
-2.28937639296055
5
-1.15344648659229
0.691860377788539
0.819147637486461
-2.07171145379543
-1.95223860144616
5
0.332114389538761
-1.26395589411259
-2.13453280925751
1.87022114396095
1.07308148741723
5
-1.30691293776035
-1.36783965229988
-2.45104113221168
0.624642688035966
0.30892640650272
5
-1.28213207125664
-2.16214080154896
2.78224057555198
0.129211717844009
-1.53921733796597
2
7
1.67126250565052
2.67067756354808
2.38690350055694
-3.26265262663364
-1.19073557257653
0.701575008034705
-1.54920018315315
7
0.0773282945156102
0.84316664934158
0.50249648988247
0.469488111138345
-0.255648431181914
0.207154273986817
0.492621913552283
|2
6
5
-1.49218617081642
1.60896680951119
0.565691900253297
-2.3745383143425
-0.40112778544426
5
-2.44390349984169
2.20375603735448
1.23436926305294
-1.74898247420788
-2.02918831408024
5
-0.90646875202656
0.737605881690974
0.819147637486461
-2.07171145379543
-1.69678608775139
5
0.133742788434025
-1.30328870117665
-2.13453280925751
1.87022114396095
0.894592207670217
5
-1.31444862186909
-1.36783965229988
-2.45104113221168
0.808772331476213
0.689202195405956
5
-1.28213207125664
-2.12550547420978
2.52941412329673
0.124669557809829
-1.61256745755673
2
7
1.31999436914921
2.61106868684291
2.38690350055694
-3.26265262663364
-0.818751269578938
0.651227736473083
-1.49616636633873
7
0.0773282945156102
0.773930573463436
0.286640605330468
0.808762723207475
-0.1697185009718
-0.169233420491218
0.666133514046668
|2
6
5
-1.27846053242683
1.60896680951119
0.565691900253297
-2.22226051092148
-0.40112778544426
5
-2.44390349984169
2.20375603735448
1.23436926305294
-1.44081004261971
-2.24166164696216
5
-1.33953085243702
0.996982216835017
0.467175045609478
-1.84760001599788
-2.2657270371914
5
0.0844080239534337
-1.12634136974812
-2.13453280925751
1.87022114396095
1.13774421811104
5
-1.10726617872715
-1.33017303347587
-2.8271138370037
0.733049815893174
0.557667934894558
5
-1.55459240078926
-2.20657230913639
2.71227884590625
-0.22283633351326
-1.2509185910225
2
7
1.52853336632252
2.76336315572261
2.30668853521346
-3.53687144815921
-1.12292594015599
1.03600353002548
-1.38243287205696
7
0.0773282945156102
0.742068397998806
0.582081565260888
0.860246831178666
-0.255648431181914
0.3402773052454
0.930101326107978
|2
6
5
-1.10964079499244
1.60896680951119
0.654113996028901
-2.04752975702286
-0.465799215435982
5
-2.93836533427238
2.20375603735448
0.986236032843585
-1.58775660693646
-2.02918831408024
5
-1.15344648659229
0.691860377788539
0.819147637486461
-2.07171145379543
-1.69678608775139
5
0.133742788434025
-1.12634136974812
-2.13453280925751
1.71814997792243
1.07308148741723
5
-1.30691293776035
-1.36783965229988
-2.45104113221168
0.624642688035966
0.30892640650272
5
-1.28213207125664
-2.37641475498676
2.7169251024723
0.129211717844009
-1.78169361054898
2
7
1.67126250565052
2.67067756354808
2.38690350055694
-3.26265262663364
-1.19073557257653
0.701575008034705
-1.48148102164268
7
0.0773282945156102
0.84316664934158
0.50249648988247
0.469488111138345
-0.255648431181914
0.207154273986817
0.492621913552283
|2
6
5
-1.36377651393413
1.44332473874092
0.654113996028901
-2.04752975702286
-0.567674475908279
5
-2.32757999300957
2.5147243320942
0.866220375895496
-1.74229900836945
-1.93505444526672
5
-0.90646875202656
0.737605881690974
0.819147637486461
-2.07171145379543
-1.8740460574627
5
0.133742788434025
-1.30328870117665
-2.13453280925751
1.87022114396095
1.03288160264493
5
-1.31444862186909
-1.36783965229988
-2.45104113221168
0.808772331476213
0.801554486155506
5
-1.10646898150444
-2.12550547420978
2.33114179968833
0.289388447999954
-1.61256745755673
2
7
1.31999436914921
2.61106868684291
2.38690350055694
-3.26265262663364
-0.818751269578938
0.651227736473083
-1.49616636633873
7
0.0773282945156102
0.773930573463436
0.286640605330468
0.808762723207475
-0.1697185009718
0.0461692780256275
0.666133514046668
|2
6
5
-1.33440979421138
1.79161759018898
0.654113996028901
-1.8795575261116
-0.619836467504501
5
-2.33683915734291
2.41966084539891
1.14798510968685
-1.47408425807953
-1.67807071208954
5
-1.10736009180546
0.475976991653437
0.819147637486461
-2.35409835278987
-2.09722984433175
5
-0.0101955711841624
-1.12634136974812
-2.09395130872727
2.01550253033637
0.804878896474844
5
-0.426098564267158
-1.3029818713665
-2.84799436926841
0.647084766626359
0.935393363237377
5
-1.28213207125664
-2.12550547420978
2.30646285712718
0.102879184484481
-1.6634817570448
2
7
1.37400833666324
2.76336315572261
2.22338845729827
-3.26265262663364
-1.35484324097634
0.738927674293517
-1.61013979315758
7
0.0773282945156102
0.726178276538845
0.286640605330468
0.698707976937295
-0.325043722987181
-0.122132220864296
0.492621913552283
|2
6
5
-1.53747187256813
1.60896680951119
0.565691900253297
-2.64820603132248
-0.459805113077164
5
-2.44390349984169
2.20375603735448
1.23436926305294
-1.74898247420788
-2.02918831408024
5
-0.703187420964243
0.737605881690974
0.978199699521068
-2.07171145379543
-1.69678608775139
5
-0.0902033537626307
-1.0815648585558
-1.94848792552948
1.87022114396095
0.894592207670217
5
-1.41698700487614
-1.36783965229988
-2.45104113221168
0.808772331476213
0.667640095949169
5
-1.28213207125664
-2.12550547420978
2.48305256962776
0.124669557809829
-1.61256745755673
2
7
1.31999436914921
2.76336315572261
2.38690350055694
-3.26265262663364
-1.35326052308083
0.66736100912094
-1.35575991272926
7
-0.408700567483901
0.773930573463436
0.286640605330468
0.972209423780442
-0.255648431181914
-0.00499322414398157
0.962622609734534
|2
6
5
-1.49218617081642
1.60896680951119
0.565691900253297
-2.3745383143425
-0.40112778544426
5
-2.44390349984169
2.20375603735448
1.23436926305294
-1.71140232980251
-2.02918831408024
5
-1.33953085243702
0.996982216835017
0.467175045609478
-1.84760001599788
-2.2657270371914
5
0.0844080239534337
-1.12634136974812
-2.13453280925751
1.87022114396095
1.13774421811104
5
-1.10726617872715
-1.33017303347587
-2.8271138370037
0.733049815893174
0.557667934894558
5
-1.6900228202343
-2.20657230913639
2.71227884590625
-0.22283633351326
-1.2509185910225
2
7
1.52853336632252
2.76336315572261
2.30668853521346
-3.53687144815921
-0.892057123780254
1.183941796422
-1.38243287205696
7
0.0773282945156102
0.742068397998806
0.582081565260888
0.860246831178666
-0.255648431181914
0.3402773052454
0.930101326107978
|2
6
5
-1.27846053242683
1.60896680951119
0.565691900253297
-2.22226051092148
-0.40112778544426
5
-2.44390349984169
2.20375603735448
1.23436926305294
-1.44081004261971
-2.24166164696216
5
-0.90646875202656
0.737605881690974
0.701031914353374
-2.07171145379543
-1.69678608775139
5
0.133742788434025
-1.30328870117665
-2.17334970235825
1.87022114396095
0.894592207670217
5
-1.31444862186909
-1.36783965229988
-2.45104113221168
0.817564755678178
0.399352318048473
5
-1.28213207125664
-2.12550547420978
2.52941412329673
0.0193906724452967
-1.61256745755673
2
7
1.31999436914921
2.61106868684291
2.38690350055694
-3.26265262663364
-0.818751269578938
0.651227736473083
-1.49616636633873
7
-0.409359890222549
0.773930573463436
0.286640605330468
0.698707976937295
-0.255648431181914
0.0234945893287662
0.492621913552283
|2
6
5
-1.36377651393413
1.44332473874092
0.654113996028901
-2.04752975702286
-0.567674475908279
5
-2.50300815701485
2.50070771574975
0.866220375895496
-1.92812552452088
-1.93505444526672
5
-1.10805914700031
0.737605881690974
0.819147637486461
-1.84760001599788
-1.89557886719704
5
-0.114536675810818
-1.12634136974812
-2.13453280925751
2.05214826464653
1.13774421811104
5
-1.31444862186909
-1.36783965229988
-2.26107936501503
0.648650175333024
0.591261735558506
5
-1.38757160305977
-2.37641475498676
2.6435688316822
0.150692492723464
-1.78169361054898
2
7
1.60532721877098
2.95861452519893
2.77466236650943
-3.45813659727573
-1.46560903191567
0.224222886562347
-1.95806010365486
7
0.0773282945156102
0.48639733791351
0.286640605330468
0.541932573914529
-0.187303420901304
-0.00499322414398157
0.492621913552283
|2
6
5
-1.27846053242683
1.63675381541252
0.462888944149018
-2.22226051092148
-0.40112778544426
5
-2.54288133978844
1.90752636492253
1.23436926305294
-1.58775660693646
-2.02918831408024
5
-1.15344648659229
0.537028717994685
0.819147637486461
-1.99270510077476
-1.69678608775139
5
0.0930614382028539
-1.12634136974812
-2.16474295854569
1.87022114396095
1.07308148741723
5
-1.1435160189867
-1.51126608550548
-2.88963280320167
0.733049815893174
0.452357587218281
5
-1.28213207125664
-1.9199853926897
2.48305256962776
0.124669557809829
-1.61256745755673
2
7
1.45072119534015
2.74141378104686
2.01768380403518
-3.26265262663364
-1.35484324097634
0.738927674293517
-1.56909294724464
7
0.0773282945156102
0.903979793190952
0.286640605330468
0.972209423780442
-0.255648431181914
-0.0232883930206295
0.671799126267432
|2
6
5
-1.33440979421138
1.60896680951119
0.654113996028901
-1.8795575261116
-0.619836467504501
5
-2.31695039868355
2.26439470350743
1.08760082423687
-1.47408425807953
-1.67807071208954
5
-1.15344648659229
0.737605881690974
0.819147637486461
-2.07171145379543
-2.00077225267888
5
-0.135317251086239
-1.12634136974812
-2.09395130872727
2.01550253033637
0.936289650201803
5
-0.607334354519844
-1.3029818713665
-2.76577979922294
0.647084766626359
0.935393363237377
5
-1.28213207125664
-2.12550547420978
2.52941412329673
0.124669557809829
-1.61256745755673
2
7
1.11563486158848
2.61106868684291
2.38690350055694
-3.26265262663364
-0.818751269578938
0.651227736473083
-1.49616636633873
7
0.0773282945156102
0.773930573463436
0.391848278045655
0.808762723207475
-0.1697185009718
-0.169233420491218
0.666133514046668
|2
6
5
-1.49218617081642
1.60896680951119
0.425927674770356
-2.3745383143425
-0.40112778544426
5
-2.44390349984169
2.33205466866494
1.23436926305294
-1.74898247420788
-2.02918831408024
5
-0.90646875202656
0.737605881690974
0.819147637486461
-2.07171145379543
-1.69678608775139
5
0.133742788434025
-1.30328870117665
-2.13453280925751
1.87022114396095
0.894592207670217
5
-1.31444862186909
-1.36783965229988
-2.45104113221168
0.808772331476213
0.689202195405956
5
-1.31798072457313
-2.05738412439823
2.4774449288845
0.416618925333022
-1.52317600250245
2
7
1.48993815779686
3.83209972679614
2.27212837934493
-3.36578021049499
-0.911522191762928
0.538932836055755
-1.23319094479084
7
0.0773282945156102
0.773930573463436
0.286640605330468
0.626197960972787
-0.255648431181914
-0.00499322414398157
0.492621913552283
|2
6
5
-1.36770376861095
1.60896680951119
0.524795436859132
-1.78164760768414
-0.619836467504501
5
-2.31695039868355
2.41966084539891
1.08760082423687
-1.47408425807953
-1.67807071208954
5
-1.15344648659229
0.737605881690974
0.819147637486461
-2.07171145379543
-1.88300227522851
5
-0.135317251086239
-1.12634136974812
-2.13453280925751
1.87022114396095
1.13774421811104
5
-0.961437943577766
-1.24676086604595
-2.88963280320167
0.808772331476213
0.648806008696552
5
-1.5366367995739
-1.92087170183658
2.41636781990528
-0.249564403295517
-1.58503024578095
2
7
1.57830490171909
2.76336315572261
2.38690350055694
-3.26265262663364
-1.35484324097634
0.66736100912094
-1.56909294724464
7
0.0773282945156102
0.773930573463436
0.538756236433983
0.698707976937295
-0.255648431181914
-0.00499322414398157
0.492621913552283
|2
6
5
-1.27846053242683
1.60896680951119
0.654113996028901
-2.04752975702286
-0.58628231883049
5
-2.49838270545006
2.20375603735448
1.23436926305294
-1.58775660693646
-2.02918831408024
5
-1.15344648659229
0.737605881690974
0.819147637486461
-2.07171145379543
-1.88300227522851
5
-0.135317251086239
-1.12634136974812
-2.16440142393112
1.87022114396095
1.13774421811104
5
-1.1435160189867
-1.24676086604595
-2.65693064332008
0.808772331476213
0.452357587218281
5
-1.5366367995739
-1.88859818279743
2.4548381358385
-0.249564403295517
-1.45161209106446
2
7
1.57830490171909
2.72781741321086
2.38690350055694
-3.26265262663364
-1.35484324097634
0.66736100912094
-1.81144562363624
7
-0.207559996843338
0.796219193935391
0.538756236433983
0.698707976937295
-0.255648431181914
-0.00499322414398157
0.492621913552283
|2
6
5
-1.49218617081642
1.60896680951119
0.565691900253297
-2.3745383143425
-0.40112778544426
5
-2.44390349984169
2.20375603735448
1.23436926305294
-1.74898247420788
-2.02918831408024
5
-0.90646875202656
0.737605881690974
0.94328805804253
-2.08438610732555
-1.77306979298592
5
0.133742788434025
-1.30328870117665
-2.13453280925751
1.87022114396095
0.894592207670217
5
-1.31444862186909
-1.36783965229988
-2.54777964949608
0.845111006498338
0.689202195405956
5
-1.28213207125664
-2.12550547420978
2.52941412329673
0.124669557809829
-1.61256745755673
2
7
1.31999436914921
2.61106868684291
2.42477060556411
-3.26265262663364
-0.818751269578938
0.651227736473083
-1.49616636633873
7
0.0773282945156102
0.742068397998806
0.582081565260888
0.860246831178666
-0.255648431181914
0.27207320034504
0.930101326107978
|2
6
5
-1.27846053242683
1.60896680951119
0.565691900253297
-2.22226051092148
-0.40112778544426
5
-2.44390349984169
2.20375603735448
1.23436926305294
-1.44081004261971
-2.24166164696216
5
-1.33953085243702
0.996982216835017
0.467175045609478
-1.84760001599788
-2.2657270371914
5
0.290309050679203
-1.12634136974812
-2.13453280925751
1.87022114396095
1.13774421811104
5
-1.10726617872715
-1.33017303347587
-2.8271138370037
0.733049815893174
0.557667934894558
5
-1.55459240078926
-2.20657230913639
2.71227884590625
-0.136708250641823
-1.2509185910225
2
7
1.52853336632252
2.76336315572261
2.30668853521346
-3.53687144815921
-1.12292594015599
1.03600353002548
-1.38243287205696
7
0.0773282945156102
0.773930573463436
0.286640605330468
0.808762723207475
-0.1697185009718
-0.459976652264595
0.666133514046668
|2
6
5
-1.19388997256756
1.7962949693203
0.949840664863587
-1.86535619497299
-0.305392950773239
5
-1.98076893687248
1.98439640104771
1.23436926305294
-1.87667578458786
-2.27772194445133
5
-1.26888858377934
0.737605881690974
0.819147637486461
-1.81379613578319
-1.89557886719704
5
-0.135317251086239
-1.12634136974812
-2.13453280925751
1.80166835188865
1.13774421811104
5
-1.1435160189867
-1.51126608550548
-2.66018679141998
0.733049815893174
0.452357587218281
5
-1.19897430241108
-2.12550547420978
2.59880382716655
0.0853285968303675
-1.61256745755673
2
7
1.33310779631138
2.76336315572261
2.27869364023208
-3.26265262663364
-1.77575293183327
0.738927674293517
-1.56909294724464
7
-0.117807847261428
0.621711778640743
0.286640605330468
0.770057132840158
-0.205712565779692
-0.122132220864296
0.666133514046668
|2
6
5
-1.36377651393413
1.44332473874092
0.654113996028901
-2.04752975702286
-0.567674475908279
5
-2.32757999300957
2.77143076062203
0.686223265528674
-1.74229900836945
-1.93505444526672
5
-1.15344648659229
0.737605881690974
0.819147637486461
-2.02503250539302
-1.89557886719704
5
-0.135317251086239
-0.879609397053723
-1.9429976940155
1.94863111674785
1.13774421811104
5
-1.1435160189867
-1.76226191222668
-2.88963280320167
0.733049815893174
0.25957263410091
5
-1.57939604818821
-1.88859818279743
2.53626674711704
-0.0753587633371359
-1.49120560884476
2
7
1.99002158045769
3.28017769753932
2.07872197628021
-3.70346902906894
-1.04721968770028
0.590383550524711
-1.51702201664448
7
0.0565846979618077
0.625649011135098
0.286640605330468
0.972209423780442
-0.255648431181914
-0.00499322414398157
0.671799126267432
|2
6
5
-1.49218617081642
1.38318768143654
0.565691900253297
-2.3745383143425
-0.40112778544426
5
-2.44390349984169
2.20375603735448
1.23436926305294
-1.71140232980251
-2.02918831408024
5
-0.90646875202656
0.586283516883845
0.819147637486461
-2.07171145379543
-1.69678608775139
5
0.133742788434025
-1.30328870117665
-2.17334970235825
1.87022114396095
0.894592207670217
5
-1.31444862186909
-1.08069780468941
-2.45104113221168
0.573457056283952
0.399352318048473
5
-1.28213207125664
-2.12550547420978
2.52941412329673
0.124669557809829
-1.70151726901532
2
7
1.31999436914921
2.61106868684291
2.38690350055694
-3.39825141727924
-0.818751269578938
0.651227736473083
-1.49616636633873
7
-0.145431095361709
0.773930573463436
0.286640605330468
0.698707976937295
-0.255648431181914
0.0234945893287662
0.228346791863441
|2
6
5
-1.03014398217201
1.86408647894859
0.654113996028901
-2.09441874027252
-0.596930223703384
5
-2.05481786131859
2.51730071902276
1.12257750928401
-1.84867788553238
-1.61416397988796
5
-1.36341324150562
0.842041721940036
1.18365333378315
-2.15850498378276
-2.12635080218316
5
-0.072737067937855
-1.08808397650719
-1.94109570384026
1.87841411232948
0.905754694342619
5
-1.04344916641712
-1.3029818713665
-2.52845790982246
0.510154813528062
1.09575434327125
5
-1.5366367995739
-2.11826036274433
2.65507762730121
-0.249564403295517
-1.20435322523118
2
7
1.57830490171909
2.76336315572261
2.38690350055694
-3.26265262663364
-1.28781916499138
0.66736100912094
-1.54157616496086
7
0.0773282945156102
0.773930573463436
0.286640605330468
0.808762723207475
-0.1697185009718
-0.169233420491218
0.666133514046668
|2
6
5
-1.36377651393413
1.21611946225166
0.654113996028901
-2.04752975702286
-0.324639874696732
5
-2.32757999300957
2.5147243320942
0.866220375895496
-1.74229900836945
-2.11942019462585
5
-1.39895501434803
0.789602184295649
0.442365899682049
-2.34890144765376
-1.71006327271462
5
0.133742788434025
-1.30328870117665
-2.13453280925751
1.87022114396095
0.894592207670217
5
-1.31444862186909
-1.36783965229988
-2.45104113221168
0.808772331476213
0.689202195405956
5
-1.28213207125664
-2.37682338058948
2.52941412329673
0.103016299009323
-1.61256745755673
2
7
1.31999436914921
2.61106868684291
2.38690350055694
-3.26265262663364
-0.818751269578938
0.651227736473083
-1.49616636633873
7
0.0773282945156102
0.773930573463436
0.286640605330468
0.808762723207475
-0.1697185009718
-0.169233420491218
0.666133514046668
|2
6
5
-1.49218617081642
1.60896680951119
0.308187460899354
-2.17282017469406
-0.40112778544426
5
-2.44390349984169
1.93655180037022
1.23436926305294
-1.74898247420788
-2.02918831408024
5
-0.90646875202656
0.737605881690974
0.819147637486461
-2.07171145379543
-1.69678608775139
5
-0.135317251086239
-1.12634136974812
-1.77039972543717
1.94559485614299
1.13774421811104
5
-0.875622346997261
-1.48558489978313
-2.88963280320167
0.808772331476213
0.452357587218281
5
-1.5366367995739
-1.80761479139328
2.53626674711704
-0.249564403295517
-1.49120560884476
2
7
1.57830490171909
2.76336315572261
2.38690350055694
-3.26265262663364
-1.35484324097634
0.66736100912094
-1.56909294724464
7
0.0773282945156102
0.773930573463436
0.538756236433983
0.698707976937295
-0.255648431181914
-0.00499322414398157
0.492621913552283
|2
6
5
-1.27846053242683
1.63675381541252
0.462888944149018
-2.22226051092148
-0.40112778544426
5
-2.54288133978844
1.90752636492253
1.23436926305294
-1.58775660693646
-2.02918831408024
5
-1.15344648659229
0.537028717994685
0.819147637486461
-1.99270510077476
-1.69678608775139
5
0.0930614382028539
-1.35193589031697
-2.16474295854569
1.87022114396095
1.07308148741723
5
-1.31444862186909
-1.36783965229988
-2.26107936501503
0.808772331476213
0.591261735558506
5
-1.38757160305977
-2.37641475498676
2.6435688316822
0.150692492723464
-1.78169361054898
2
7
1.60532721877098
2.76336315572261
2.77466236650943
-3.45813659727573
-1.46560903191567
0.297420048713683
-1.95806010365486
7
0.0773282945156102
0.773930573463436
0.286640605330468
0.808762723207475
-0.1697185009718
-0.169233420491218
0.666133514046668
|2
6
5
-1.2416086256504
1.86408647894859
0.654113996028901
-2.12690547704697
-0.401864820718765
5
-2.05481786131859
2.51730071902276
1.12257750928401
-1.84867788553238
-1.61416397988796
5
-1.53665454685688
0.842041721940036
1.18365333378315
-2.15850498378276
-2.12635080218316
5
-0.072737067937855
-1.08808397650719
-1.94109570384026
1.87841411232948
1.09494934976101
5
-1.04344916641712
-1.3029818713665
-2.52845790982246
0.563203221559526
1.09575434327125
5
-1.5366367995739
-2.11826036274433
2.65507762730121
-0.249564403295517
-1.20435322523118
2
7
1.57830490171909
2.76336315572261
2.38690350055694
-3.26265262663364
-1.28781916499138
0.66736100912094
-1.54157616496086
7
0.0773282945156102
0.48639733791351
0.286640605330468
0.541932573914529
-0.187303420901304
-0.00499322414398157
0.492621913552283
|2
6
5
-1.19388997256756
1.7962949693203
0.710517024993897
-1.86535619497299
-0.305392950773239
5
-1.98076893687248
1.98439640104771
1.23436926305294
-1.87667578458786
-2.02918831408024
5
-1.15344648659229
0.57988469600677
0.819147637486461
-2.10315077006816
-2.09722984433175
5
-0.135317251086239
-1.31341281533242
-1.90402287244797
1.87022114396095
1.17793425917626
5
-1.33363292515278
-1.3029818713665
-2.45104113221168
0.808772331476213
0.787077727913852
5
-1.28213207125664
-2.12550547420978
2.44029204249382
0.0647791564464564
-1.44154888093472
2
7
1.25925002396107
2.76336315572261
2.64072294235229
-3.26265262663364
-1.35326052308083
0.66736100912094
-1.35575991272926
7
0.0773282945156102
0.773930573463436
0.286640605330468
0.698707976937295
-0.325043722987181
-0.122132220864296
0.492621913552283
|2
6
5
-1.61986506879329
1.60896680951119
0.654113996028901
-1.8795575261116
-0.619836467504501
5
-2.31695039868355
2.41966084539891
1.08760082423687
-1.47408425807953
-1.67807071208954
5
-1.15344648659229
0.737605881690974
0.819147637486461
-1.65266718566417
-1.89557886719704
5
-0.135317251086239
-1.12634136974812
-2.13453280925751
1.80166835188865
1.13774421811104
5
-0.907674172520637
-1.51126608550548
-2.79944528639316
0.733049815893174
0.452357587218281
5
-1.29077275395393
-2.12550547420978
2.59880382716655
0.124669557809829
-1.61256745755673
2
7
1.52302643358707
2.76336315572261
2.27869364023208
-3.11608529090881
-1.54917007088662
0.738927674293517
-1.56909294724464
7
0.0773282945156102
0.625649011135098
0.286640605330468
0.972209423780442
-0.255648431181914
-0.00499322414398157
0.671799126267432
|2
6
5
-1.33440979421138
1.60896680951119
0.654113996028901
-1.85160193443298
-0.619836467504501
5
-2.31695039868355
2.41966084539891
1.08760082423687
-1.47408425807953
-1.67807071208954
5
-1.15344648659229
0.737605881690974
0.819147637486461
-2.07171145379543
-1.88300227522851
5
-0.135317251086239
-1.12634136974812
-2.13453280925751
1.87022114396095
1.13774421811104
5
-1.1435160189867
-1.24676086604595
-2.88963280320167
0.808772331476213
0.452357587218281
5
-1.59960945248604
-1.88859818279743
2.53626674711704
-0.266645103693009
-1.49120560884476
2
7
1.57830490171909
2.76336315572261
2.45976964235305
-3.25946255028247
-1.35484324097634
0.66736100912094
-1.56909294724464
7
-0.169889265298843
0.773930573463436
0.538756236433983
0.698707976937295
-0.255648431181914
-0.00499322414398157
0.409043958783149
|2
6
5
-1.27846053242683
1.60896680951119
0.654113996028901
-2.04752975702286
-0.58628231883049
5
-2.49838270545006
2.20375603735448
1.23436926305294
-1.58775660693646
-2.02918831408024
5
-1.0188646197319
0.737605881690974
0.819147637486461
-2.04459113776683
-2.09722984433175
5
-0.135317251086239
-1.12634136974812
-2.09395130872727
2.01550253033637
0.599331635236746
5
-0.607334354519844
-1.3029818713665
-2.44287910759449
0.647084766626359
0.935393363237377
5
-1.31798072457313
-2.08347389996052
2.40397747159004
0.416618925333022
-1.52317600250245
2
7
1.48993815779686
3.83209972679614
2.27212837934493
-3.55095748901367
-0.732448118925098
0.538932836055755
-1.43024032413959
7
0.0773282945156102
0.773930573463436
0.286640605330468
0.626197960972787
-0.255648431181914
-0.0710505336523052
0.492621913552283
|2
6
5
-1.33440979421138
1.60896680951119
0.654113996028901
-1.8795575261116
-0.619836467504501
5
-2.31695039868355
2.41966084539891
1.08760082423687
-1.47408425807953
-1.67807071208954
5
-1.15344648659229
0.50168313980102
0.819147637486461
-2.07171145379543
-2.09722984433175
5
0.120816400647159
-1.05057562589646
-2.09395130872727
2.01550253033637
0.800363129377371
5
-0.607334354519844
-1.3029818713665
-2.5878896176815
0.647084766626359
1.22433851361274
5
-1.31798072457313
-2.08347389996052
2.40397747159004
0.416618925333022
-1.52317600250245
2
7
1.87681673169136
2.76336315572261
2.48000024855136
-3.26265262663364
-1.17469106316567
0.900973573327063
-1.59209095835686
7
0.0773282945156102
0.738581812381741
0.286640605330468
0.681539621949197
-0.364054164290434
-0.00499322414398157
0.492621913552283
|2
6
5
-1.36377651393413
1.60896680951119
0.654113996028901
-2.04752975702286
-0.567674475908279
5
-2.56959092020988
2.4590706050396
1.08760082423687
-1.48862347602844
-1.93505444526672
5
-1.15344648659229
0.737605881690974
0.819147637486461
-2.25873945653438
-2.09844585061074
5
-0.135317251086239
-1.36137812435627
-2.13453280925751
1.87022114396095
1.13774421811104
5
-1.1435160189867
-1.51126608550548
-2.88963280320167
0.907971614599229
0.452357587218281
5
-1.58919465839863
-2.05360822677612
2.53626674711704
0.248577582836151
-1.54602009057999
2
7
1.48993815779686
3.83209972679614
2.27212837934493
-3.36578021049499
-0.732448118925098
0.488995790481566
-1.43024032413959
7
0.0773282945156102
0.773930573463436
0.286640605330468
0.626197960972787
-0.255648431181914
-0.209649562835693
0.492621913552283
|2
6
5
-1.03014398217201
1.86408647894859
0.654113996028901
-2.12690547704697
-0.401864820718765
5
-2.05481786131859
2.51730071902276
1.12257750928401
-1.8421957731247
-1.61416397988796
5
-1.36341324150562
0.842041721940036
1.18365333378315
-2.15850498378276
-2.28032669425011
5
-0.072737067937855
-1.08808397650719
-1.94109570384026
1.87841411232948
0.905754694342619
5
-1.04344916641712
-1.3029818713665
-2.52845790982246
0.563203221559526
0.854900413751598
5
-1.5366367995739
-2.11826036274433
2.72991165220737
-0.249564403295517
-1.20435322523118
2
7
1.57830490171909
2.76336315572261
2.38690350055694
-3.26265262663364
-1.28781916499138
0.66736100912094
-1.54157616496086
7
0.0773282945156102
0.48639733791351
0.286640605330468
0.541932573914529
-0.187303420901304
-0.00499322414398157
0.492621913552283
|2
6
5
-1.27846053242683
1.63675381541252
0.462888944149018
-2.22226051092148
-0.40112778544426
5
-2.54288133978844
1.90752636492253
1.23436926305294
-1.58775660693646
-2.02918831408024
5
-1.15344648659229
0.537028717994685
0.819147637486461
-1.99270510077476
-1.69678608775139
5
0.0930614382028539
-1.12634136974812
-2.09850816726685
1.87022114396095
1.07308148741723
5
-1.31444862186909
-1.36783965229988
-2.26107936501503
0.808772331476213
0.591261735558506
5
-1.38757160305977
-2.37641475498676
2.6435688316822
0.150692492723464
-1.78169361054898
2
7
1.60532721877098
2.76336315572261
2.77466236650943
-3.58950121700763
-1.46560903191567
0.550969195365905
-1.95806010365486
7
0.0773282945156102
0.773930573463436
0.286640605330468
0.808762723207475
-0.1697185009718
-0.169233420491218
0.666133514046668
|2
6
5
-1.42811855971813
1.60896680951119
0.654113996028901
-1.8795575261116
-0.619836467504501
5
-2.40224189162254
2.41966084539891
1.14798510968685
-1.47408425807953
-1.67807071208954
5
-1.10736009180546
0.475976991653437
0.819147637486461
-2.07171145379543
-2.09722984433175
5
-0.135317251086239
-1.12634136974812
-1.92957631349564
2.01550253033637
0.936289650201803
5
-0.426098564267158
-1.3029818713665
-2.84799436926841
0.647084766626359
0.935393363237377
5
-1.28213207125664
-2.12550547420978
2.52941412329673
0.124669557809829
-1.61256745755673
2
7
1.31999436914921
2.61106868684291
2.38690350055694
-3.26265262663364
-0.818751269578938
0.651227736473083
-1.49616636633873
7
0.0773282945156102
0.773930573463436
0.286640605330468
0.808762723207475
-0.1697185009718
-0.169233420491218
0.666133514046668
|2
6
5
-1.49218617081642
1.60896680951119
0.565691900253297
-2.3745383143425
-0.40112778544426
5
-2.44390349984169
2.34006074070931
1.23436926305294
-1.74898247420788
-2.02918831408024
5
-0.90646875202656
0.737605881690974
0.819147637486461
-2.07171145379543
-1.69678608775139
5
0.133742788434025
-1.09259281456471
-2.13453280925751
1.87022114396095
0.894592207670217
5
-1.31444862186909
-1.36783965229988
-2.45104113221168
0.808772331476213
0.689202195405956
5
-1.28213207125664
-2.12550547420978
2.20371888279914
0.124669557809829
-1.61256745755673
2
7
1.37400833666324
2.76336315572261
2.22338845729827
-3.26265262663364
-1.35484324097634
0.738927674293517
-1.56909294724464
7
-0.187601214647293
0.833391034603115
0.147789618372917
0.972209423780442
-0.255648431181914
-0.00499322414398157
0.962622609734534
|2
6
5
-1.03014398217201
1.86408647894859
0.654113996028901
-2.12690547704697
-0.401864820718765
5
-2.05481786131859
2.51730071902276
1.12257750928401
-1.84867788553238
-1.61416397988796
5
-1.36341324150562
0.842041721940036
1.18365333378315
-2.15850498378276
-2.12635080218316
5
-0.072737067937855
-1.3864173591137
-1.94109570384026
1.87841411232948
0.835549232363706
5
-1.04344916641712
-1.3029818713665
-2.52845790982246
0.563203221559526
1.09575434327125
5
-1.5366367995739
-2.11826036274433
2.65507762730121
-0.249564403295517
-1.20435322523118
2
7
1.33310779631138
2.76336315572261
2.27869364023208
-3.26265262663364
-1.54917007088662
0.738927674293517
-1.56909294724464
7
0.0773282945156102
0.632348632812496
0.286640605330468
0.972209423780442
-0.255648431181914
-0.00499322414398157
0.671799126267432
|2
6
5
-1.19388997256756
1.7962949693203
0.710517024993897
-1.86535619497299
-0.333889991044998
5
-1.98076893687248
1.98439640104771
1.23436926305294
-1.87667578458786
-2.02918831408024
5
-1.15344648659229
0.936581015586848
0.819147637486461
-1.81379613578319
-1.89557886719704
5
-0.135317251086239
-1.12634136974812
-2.13453280925751
1.80166835188865
1.13774421811104
5
-1.1435160189867
-1.51126608550548
-2.79944528639316
0.733049815893174
0.452357587218281
5
-1.28213207125664
-2.12550547420978
2.59880382716655
0.124669557809829
-1.61256745755673
2
7
1.78384000360966
2.76336315572261
2.38690350055694
-3.26265262663364
-1.54132768511773
0.66736100912094
-1.77046887278557
7
0.0773282945156102
0.773930573463436
0.286640605330468
0.808762723207475
-0.1697185009718
-0.169233420491218
0.666133514046668
|2
6
5
-1.36377651393413
1.342938631773
0.234853470325471
-2.04752975702286
-0.324639874696732
5
-2.32757999300957
2.5147243320942
0.866220375895496
-1.74229900836945
-1.93505444526672
5
-1.15344648659229
0.537028717994685
0.731838050484661
-1.99270510077476
-1.69678608775139
5
0.0930614382028539
-1.12634136974812
-2.16474295854569
1.87022114396095
1.07308148741723
5
-1.31444862186909
-1.36783965229988
-2.26107936501503
0.808772331476213
0.591261735558506
5
-1.38757160305977
-2.65042393505573
2.6435688316822
0.150692492723464
-1.78169361054898
2
7
1.60532721877098
2.76336315572261
2.77466236650943
-3.45813659727573
-1.46560903191567
0.297420048713683
-1.95806010365486
7
-0.0552908122539515
0.744949340820309
0.286640605330468
0.541932573914529
-0.187303420901304
-0.00499322414398157
0.492621913552283
|2
6
5
-1.27846053242683
1.63675381541252
0.621796452999116
-2.22226051092148
-0.40112778544426
5
-2.54288133978844
1.90752636492253
1.23436926305294
-1.58775660693646
-2.02918831408024
5
-1.39895501434803
0.789602184295649
0.166397705674175
-2.34890144765376
-1.65841819643975
5
-0.135317251086239
-1.12634136974812
-1.77039972543717
1.87022114396095
1.13774421811104
5
-1.27726966440678
-1.48558489978313
-3.13934589028358
0.808772331476213
0.452357587218281
5
-1.5366367995739
-1.80761479139328
2.53626674711704
-0.249564403295517
-1.49120560884476
2
7
1.34459469616413
2.61106868684291
2.38690350055694
-3.26265262663364
-0.818751269578938
0.855759119987487
-1.49616636633873
7
0.0773282945156102
0.69416328668594
0.286640605330468
0.290843835473062
-0.255648431181914
-0.184349966049194
0.492621913552283
|2
6
5
-1.50023797452449
1.60896680951119
0.654113996028901
-1.8795575261116
-0.619836467504501
5
-2.31695039868355
2.41966084539891
1.21529356241226
-1.47408425807953
-1.67807071208954
5
-1.15344648659229
0.737605881690974
0.819147637486461
-2.07171145379543
-2.06000704169274
5
-0.135317251086239
-1.07718037664891
-2.09395130872727
2.01550253033637
0.800363129377371
5
-1.1435160189867
-1.51126608550548
-2.79944528639316
0.733049815893174
0.452357587218281
5
-1.28213207125664
-2.12550547420978
2.59880382716655
0.124669557809829
-1.61256745755673
2
7
1.33310779631138
2.76336315572261
2.27869364023208
-3.01426626741886
-1.54917007088662
0.738927674293517
-1.56909294724464
7
0.0773282945156102
0.625649011135098
0.286640605330468
0.972209423780442
-0.255648431181914
-0.00499322414398157
0.639536479115485

