FiveLongFeelerGenome 30
3
6
7
1.93110496401787
1.49906292557716
10.9526849150658
4.25503904223442
-17.2471038758755
-0.687457031011581
-1.5688317835331
7
-11.7770597815514
8.41581470966339
5.51049017906189
-14.2688626170159
-6.59107339978218
7.16531871557236
-2.99722586870194
7
-0.0811415076255804
-6.7937087237835
0.771734213829039
3.49557635784149
0.628404366970065
6.48170495033264
0.389645397663115
7
4.65795897841454
10.7530198574066
-2.61686525940895
11.9771797001362
-1.18184959292412
6.06789072751999
-8.85201629400253
7
4.44036195278167
-6.85352907776833
0.18414571881295
3.06201823949813
4.34610788226128
7.35359085202217
4.05010012984276
7
1.34123601913452
-13.4144713521004
-0.990031677484513
-4.4709888279438
8.49166518449782
2.90648739337921
0.137631422281268
6
7
8.59244959950447
-2.35212916731835
10.9112085402012
2.33763375878334
0.052165746688848
-0.985717135667804
-4.983737885952
7
6.38896846175194
5.15479840040207
9.55612758994103
-4.70690672993659
-2.91884890198708
-3.86779143214226
2.09707265496254
7
-6.22397962212562
-11.0365625858307
6.18866077065468
-6.52247723340988
6.33218041658401
3.6545979499817
1.30057109594345
7
-11.7909319102764
-10.0893091380596
-3.30321037769318
4.54107382893562
1.93230121135711
3.1556786775589
2.06328716874122
7
-4.39290916323662
0.480295896530149
-17.2715867459774
-6.0382050216198
2.84709765315056
-8.24648994803428
3.34071061611176
7
-2.59384309053421
2.52469165921211
-6.75636211633682
11.28352470994
-9.91445865035058
0.222911298275
9.42426812648773
2
7
-5.8798575937748
4.87917667031288
-3.17389804124832
-8.05279846787453
-6.99060586690903
1.30805997252464
7.28672868609428
7
5.03101291060448
2.84154242873192
4.44234747886657
3.49350073933602
3.72732249498369
4.02621021270752
-3.16535693407059
