FiveLongFeelerGenome 30
3
6
7
1.03111322522163
-0.715478181838987
18.2747861683369
4.00400335788727
-21.4735620617867
0.585373902320866
-0.845801484584807
7
-10.8512604534626
15.3884526312351
10.1815884888172
-18.6244111418724
-2.34345487356186
-3.15528509616851
-2.83235611319542
7
-5.24513456225395
-11.6335901319981
-16.4104521036148
-0.312425374984743
5.10207313895226
4.38698436021805
-2.86710308790207
7
1.32653756141663
2.18910466432572
-3.49428765773773
3.86883810162545
-9.87589224576951
5.60339785814284
-12.1511695742607
7
7.2769180059433
-1.3033707022667
2.03809245228768
-15.3169423997402
4.09830636978148
6.63667137622833
1.33491117358207
7
8.73753518462182
-1.6849740087986
-1.07807043194771
0.0118142783641817
14.0329941928387
3.33806439042092
-8.54425760507584
6
7
-3.93157014250755
9.71352054476737
8.61728540062905
-1.98137878775596
-4.96497200131416
0.448635905981055
-1.2712966799736
7
15.1692629635334
3.50335129499435
3.54694665670395
-0.138693434000014
8.37500957846641
4.45293352007866
4.15699340701104
7
-11.7325968563557
-11.9130937576294
4.44976698160172
11.4295107781887
9.82501200437544
8.50532481670379
-5.76920318603514
7
-4.04399215579033
-8.87854718565941
11.4218464612961
2.88780857920647
1.26764824390412
3.40916545391083
-1.21994614601135
7
-17.6024599194527
0.610527461767194
2.11709562540055
-13.8277283847332
-1.2346729516983
5.27204781770706
8.55558782219887
7
-5.09183251857757
11.3411041259766
-6.68393451571464
14.4855336725712
2.26986536383629
-3.68031888604164
1.18235579133034
2
7
6.90892741680145
3.94101015925408
-22.7571827590466
-11.9340946555138
-4.07386785745622
2.58791655898093
-1.417099827528
7
8.25290780663491
-0.646267169713967
8.48309986591339
11.2156598329544
12.3614376962185
24.678537774086
17.7372529506683
