BasicGenome
2
6
5
-10.0192031741142
5.79085309505462
-2.860672301054
-7.46054127514363
-1.92037443816662
5
-5.33442824780942
-1.31826950311661
5.90321767032147
-4.83885270953179
2.77296570241452
5
-4.79236589372158
-3.00774628818036
-0.0798557907342893
4.3938184350729
-0.998507758975029
5
-1.79954494535923
2.82964348793029
7.75221688449383
1.81207514703274
-6.73252174556255
5
0.361513710021985
-8.65487498342991
1.12676647901534
3.66091134250164
1.010200715065
5
0.663799908757217
-0.332799804210666
-9.97686612606049
4.58086221218109
3.22368707656861
2
7
9.00732925534246
4.92756764888764
-1.9951867043972
-0.285746344923977
-7.18795233368874
-3.57657284736633
-1.99311621487141
7
3.73890200257301
1.55598358213902
1.50409430861473
8.10033113658428
-4.60244891345502
-2.91255398094654
-0.497228959202765