50
2327
|Explorer2Genome 30
3
6
8
8.47199333310128
-8.49343105554581
0.813144874572757
4.69711848497391
-10.9841484904289
-10.7684486806393
2.7288233935833
-17.5695177555084
8
-4.64670813679695
8.4849421441555
2.36106191277504
-2.86633788943291
-4.15234768390656
1.88984379768371
1.56627960801125
-6.22988949418068
8
0.909754669666291
-9.4010878264904
-0.700480234622955
7.00910633206368
1.60140081048012
-8.40503593087196
-4.11027803421021
6.09517041444778
8
0.000582611560819846
-0.948894065618508
-0.79985973238945
4.30309342741966
-0.133076107501986
-5.41961618065834
-9.7222033381462
0.870866364240647
8
4.44072452783584
7.06799451708794
-4.60279608368873
-13.6565620005131
3.7991772711277
12.0090414762497
5.16245034337044
-2.72899858355522
8
17.0035463929176
-2.51465975642204
-5.64545520544052
-3.84216800928116
5.91854938268662
5.5439847946167
-0.850453299283983
3.8483594596386
6
7
-0.00812503099441592
1.35864178538322
-0.351260191202167
5.63545594215393
-8.95130470395088
-3.62914044857025
4.55851917862892
7
-4.67646021842956
-3.88743175268173
-2.01054039597511
2.57276071310044
-4.93990421295166
4.34833827018738
-0.809631842374804
7
6.02362104058266
-0.598742693662644
-1.83392515778542
-2.20028885006904
1.15066291093827
-6.37309601306915
3.23802466988564
7
0.229700529575351
-2.51656962633133
2.04855406284332
1.33798761963844
-1.36542082428932
-3.90594792962074
8.32707068920135
7
4.42582458853721
0.209467792510987
-10.195125579834
7.68441828489304
-7.34193605780602
-0.21728038787842
3.32135124802589
7
-5.3734916627407
-3.26341319084168
4.26869251132011
-3.02801996469497
3.87801332473755
-2.77873437404633
-3.93445341587067
2
7
9.45611675381661
3.70660463571548
7.08990151286126
3.5565952718258
-1.79185235500336
-6.70647494792938
-4.98357105851174
7
-6.85964308977128
1.94420225024223
4.31332521438599
3.04905765652656
2.53347595334053
12.0613697528839
10.0470180332661
|Explorer2Genome 30
3
6
8
9.91439825892449
-9.92256902456284
-1.91055516004562
1.61516171097755
-11.7556050181389
-10.4188902378082
0.941080462932588
-16.4609202861786
8
-4.52589285969734
8.4849421441555
1.97593002915382
-2.86633788943291
-4.14250855445862
2.13234716057777
1.81016691923142
-6.22988949418068
8
0.50606102347374
-9.4010878264904
-0.600383412837982
6.63373683094978
2.1731247484684
-8.5633062183857
-4.11027803421021
6.27644824385643
8
-0.672994315624239
-0.921599531173699
-0.0932113111019131
4.47042017579078
-0.787832492589952
-5.49541619420052
-9.6075627207756
0.325812882184983
8
4.38449949026108
7.06799451708794
-4.60279608368873
-13.6565620005131
3.91211314797401
11.8344750165939
4.30941789746284
-2.70798401236534
8
17.2352474629879
-2.87340134978294
-5.64545520544052
-3.84216800928116
5.89447423219681
5.5439847946167
-0.516301983594896
4.08277764320374
6
7
0.767156219482421
1.83054785132408
-0.235560119152072
5.29905512928962
-9.16242824196816
-3.54126695394516
5.12259796261788
7
-4.74754812717438
-3.71458147764206
-2.14876914620399
3.53706048727036
-4.91064260005951
4.1183577299118
-0.552113687992098
7
5.57618852257728
-0.264123672246933
-1.6301673412323
-2.20028885006904
1.15066291093827
-6.518270611763
3.23802466988564
7
0.379159152507785
-3.00775562524795
1.76621245741844
1.8100333750248
-0.796047788858416
-4.48180039525032
8.09670941829681
7
2.42414398193358
-0.86324695944786
-9.68773843050003
5.69301297068596
-7.71696643829346
-1.932510638237
2.55953043103218
7
-4.3511709690094
-2.74448528289795
3.60667576193809
-4.28497794270515
3.44413003921508
-3.05439609885216
-3.37583455443382
2
7
9.45611675381661
3.266572868824
7.08990151286126
3.5565952718258
-1.62755941748619
-7.07557723522186
-4.98357105851174
7
-8.32687489986421
2.89719688892364
-3.3534900188446
5.78032988905906
3.89437848925591
14.5655349135399
8.0287712097168
|Explorer2Genome 30
3
6
8
7.58302828073502
-6.06632946133614
-3.6190180003643
1.19774861931801
-9.07740553021431
-9.86559354066849
1.48843295574188
-14.0718088567257
8
-5.27353945374488
8.46174005270004
3.21225965619087
-3.1612659573555
-4.6767404139042
0.187671488523479
2.26241389513016
-5.56297438740731
8
0.623287093639375
-8.48614135980606
-1.39725463986397
7.83278087377548
1.6179762005806
-7.70776674747467
-4.50112080574036
5.90804706811905
8
-0.443896830081941
-0.465702462196343
-0.671884959936142
3.82779383063316
-1.37568365931511
-5.3710248529911
-9.21079405546188
-0.377152973413466
8
3.55750058293342
7.8284873008728
-4.60277378559112
-13.2859480023384
2.06190519928932
11.5916410446167
5.42162538766861
-3.11668278574944
8
16.2402180492878
-2.08188626170158
-5.5381513774395
-3.72156010270119
5.6472154378891
4.57130706906319
-0.668414938449861
3.5444199025631
6
7
0.0881165802478783
2.51176320910454
-1.05998369455338
5.73465240001678
-9.23092105984688
-4.4270959854126
5.2448453783989
7
-5.85840945243835
-4.68552340269089
-1.57003201842308
2.81967934966088
-5.02012622356415
4.05400788784027
-0.631782519817354
7
5.73082581162453
-0.0749229550361638
-1.6301673412323
-1.66782701611519
1.29872106313706
-5.86254110336304
2.6668149292469
7
0.921062576770786
-1.5149441242218
1.20270974040031
1.52854045629501
-1.91471843719483
-3.86441624760628
8.2350026845932
7
2.81306119561195
-2.53531041741371
-9.41456949710845
5.12477338314056
-8.23797454237938
-2.67671098709107
3.05528575181961
7
-5.52366629242897
-3.67989194393158
4.03924912810326
-4.50111971497535
4.34639743566513
-1.90357570648193
-3.38234402537346
2
7
9.45611675381661
3.70660463571548
7.08990151286126
3.4360173881054
-1.57086824774742
-6.59738750457763
-5.32647023797036
7
-6.34831420183183
4.03554075360298
0.150664496421815
5.30677796602249
4.11918129324913
13.1569170773029
7.30877005457878
|Explorer2Genome 30
3
6
8
7.58302828073502
-6.06632946133614
-3.6190180003643
1.19774861931801
-9.07740553021431
-9.86559354066849
1.48843295574188
-14.0718088567257
8
-5.27353945374488
8.46174005270004
3.21225965619087
-3.1612659573555
-4.6767404139042
0.187671488523479
2.26241389513016
-5.56297438740731
8
0.623287093639375
-8.48614135980606
-1.39725463986397
7.83278087377548
1.6179762005806
-7.70776674747467
-4.50112080574036
5.90804706811905
8
-0.443896830081941
-0.465702462196343
-0.671884959936142
3.82779383063316
-1.37568365931511
-5.3710248529911
-9.21079405546188
-0.377152973413466
8
3.55750058293342
7.8284873008728
-4.60277378559112
-13.2859480023384
2.06190519928932
11.5916410446167
5.42162538766861
-3.11668278574944
8
16.2402180492878
-2.08188626170158
-5.5381513774395
-3.72156010270119
5.6472154378891
4.57130706906319
-0.668414938449861
3.5444199025631
6
7
0.0881165802478783
2.51176320910454
-1.05998369455338
5.73465240001678
-9.23092105984688
-4.4270959854126
5.2448453783989
7
-5.85840945243835
-4.68552340269089
-1.57003201842308
2.81967934966088
-5.02012622356415
4.05400788784027
-0.631782519817354
7
5.73082581162453
-0.0749229550361638
-1.6301673412323
-1.66782701611519
1.29872106313706
-5.86254110336304
2.6668149292469
7
0.921062576770786
-1.5149441242218
1.20270974040031
1.52854045629501
-1.91471843719483
-3.86441624760628
8.2350026845932
7
2.81306119561195
-2.53531041741371
-9.41456949710845
5.12477338314056
-8.23797454237938
-2.67671098709107
3.05528575181961
7
-5.52366629242897
-3.67989194393158
4.03924912810326
-4.50111971497535
4.34639743566513
-1.90357570648193
-3.38234402537346
2
7
9.45611675381661
3.70660463571548
7.08990151286126
3.4360173881054
-1.57086824774742
-6.59738750457763
-5.32647023797036
7
-6.34831420183183
4.03554075360298
0.150664496421815
5.30677796602249
4.11918129324913
13.1569170773029
7.30877005457878
|Explorer2Genome 30
3
6
8
8.03475190401078
-6.22657786011696
-4.39600738883018
1.25130131840706
-8.70260909199715
-9.37072726488114
1.36741082668304
-14.1202287375927
8
-5.27353945374488
8.94288872480392
2.84407690167427
-2.02492200136185
-4.6767404139042
0.998920983076091
1.96858175992966
-6.10684211850167
8
0.623287093639375
-8.76306189894676
-1.39725463986397
7.1170317709446
1.6179762005806
-7.70776674747467
-4.23827826976777
5.76892517805099
8
-0.443896830081941
-0.772431731224053
-0.671884959936142
3.88807365298271
-1.25045089125633
-5.8703800201416
-9.21079405546188
-0.776423174142837
8
3.55750058293342
7.99528937339783
-4.15249869823455
-13.1712537407875
2.73439508080482
11.1140135765076
5.66756757497787
-3.11668278574944
8
16.2402180492878
-2.59361454844475
-5.5381513774395
-3.72156010270119
5.76604917049408
4.38100271224976
-0.0712226033210768
3.5444199025631
6
7
0.0881165802478783
2.47159900665283
-1.05998369455338
5.73465240001678
-9.2360076725483
-3.8004674077034
5.2448453783989
7
-5.33914988040924
-4.21869522333145
-1.23775608539581
2.83628179430962
-5.02012622356415
4.34833827018738
-0.833892405033114
7
5.63355975747108
-0.264123672246933
-1.6301673412323
-2.20028885006904
0.753632605075839
-6.45328297615051
3.12616232037544
7
0.921062576770786
-1.37180079817772
1.07897371649742
1.6873107612133
-2.4632673740387
-3.11741619110107
8.32707068920135
7
2.81306119561195
-2.88043318390846
-9.41456949710845
5.15503213405609
-8.23797454237938
-2.18245096206665
2.8431559920311
7
-5.2371623814106
-4.49637217521668
4.23583528995514
-4.69317730665207
4.38546906709671
-1.62608745098114
-3.63739733695984
2
7
9.44011469483376
3.70660463571548
7.37361319065094
3.4360173881054
-1.79185235500336
-6.70647494792938
-5.32647023797036
7
-5.91034609079362
4.23349836468696
0.579232287406922
4.86364370584488
4.98202897906303
13.1569170773029
7.20636596083641
|Explorer2Genome 30
3
6
8
8.03475190401078
-5.75610216259957
-3.38145181536674
1.07596774697304
-9.82211013436318
-9.37072726488114
0.738531661033631
-14.0156387507915
8
-3.15329265594482
8.54759010672569
2.30637817978859
-2.86633788943291
-4.60721149444581
1.98612022399902
1.81016691923142
-5.55272600650788
8
0.527233737707139
-9.4010878264904
-0.345620334148407
7.00910633206368
1.41782963871956
-8.01690834164619
-4.17319478988648
5.8308455824852
8
0.323632085323332
-0.948894065618508
-1.07874674201012
4.30309342741966
-0.335939157009127
-5.41961618065834
-9.88571375012397
1.35852608084679
8
4.96687737703323
7.06799451708794
-4.18174048066139
-14.3427266418934
3.87866671681404
12.0090414762497
5.49030676484108
-2.72899858355522
8
16.3580339729786
-3.15235296487808
-4.74582629799843
-4.29528516530991
5.93964558243752
5.57958357334137
-0.346589821577074
3.62239060997963
6
7
0.767156219482421
1.52105712294578
-0.440036642551425
5.05045905709266
-9.16242824196816
-4.04494689702988
5.20612157583237
7
-4.48076569437981
-4.14265910387039
-1.83879399299622
2.93565391898156
-4.93990421295166
4.34833827018738
-0.631782519817354
7
5.90469169616699
-0.614907330274582
-1.83392515778542
-2.76697660088539
1.35936530828476
-6.38943653106689
3.65578991770745
7
-1.0142773270607
-3.46184066534042
0.877399414777754
1.27149206399918
-0.755815529823306
-4.42646400928497
6.44480077624321
7
4.4897356390953
-2.63743878006935
-11.2632935762405
6.0216412961483
-6.35317353606225
0.668876624107359
2.0539134144783
7
-4.17025797367096
-3.18182994127274
4.44942862391472
-4.14837212562561
4.29139500260353
-1.71348959207535
-4.56208610534668
2
7
8.5838581442833
4.52469758987427
7.15358137488366
3.90304122567177
-1.46077308058739
-6.40251452326774
-4.71299231648446
7
-5.38178992867471
4.66560994386673
0.0164688587188728
4.5673340678215
4.17381604909897
12.9340980887413
6.92620407938958
|Explorer2Genome 30
3
6
8
9.96299303770066
-9.85161529779435
-1.14334589242935
1.77828545570373
-11.5201570808887
-10.2510228633881
1.16314119100571
-17.4620036423206
8
-4.63907258510589
8.9217484652996
1.6770823776722
-2.45471330881119
-5.03126936554909
2.32536916732788
0.805537110567095
-5.73845573067665
8
0.50606102347374
-9.4010878264904
-0.600383412837982
6.63373683094978
2.1731247484684
-8.5633062183857
-4.11027803421021
6.01149827837944
8
-3.44342812299729
-1.52955655455589
-0.134987467527389
3.78799360394478
-1.9604542016983
-3.28673478364945
-9.48646715283394
-0.432716864347457
8
4.09689079523086
7.06799451708794
-4.60279608368873
-13.6565620005131
3.91211314797401
11.8344750165939
4.30941789746284
-2.30380401015282
8
17.2352474629879
-2.52489971518516
-5.64545520544052
-3.84216800928116
5.89447423219681
5.5439847946167
-0.516301983594896
4.08277764320374
6
7
0.767156219482421
1.83054785132408
-0.235560119152072
5.29905512928962
-9.16242824196816
-3.54126695394516
5.12259796261788
7
-5.33868991732597
-4.4497946381569
0.101774680614471
3.01866896748543
-5.96455209851265
2.38145474791527
-1.52768344283104
7
5.69408319592476
-0.566633576154709
-1.66621429920197
-2.20028885006904
1.57395569086075
-5.79845025539398
2.76579521894455
7
0.0195239186286957
-3.71547821760177
1.14165415167808
0.977942115068436
-0.00988633632660156
-4.42646400928497
6.23446680903435
7
2.9481433212757
-2.61651919484138
-9.41456949710845
4.88153829574585
-8.23797454237938
-1.47199945449829
3.33357357382774
7
-5.28308076262474
-3.79866766929627
4.71921200156212
-4.14074946641922
3.45019639134407
-2.4149018228054
-3.46651036739349
2
7
7.71013651490212
3.5408776640892
7.18088974952698
3.36278584003449
-1.72936611175537
-6.59743208289146
-4.21069734096528
7
-5.41673131585122
4.86833410859108
-1.29735028743744
4.44872971773147
3.15738178491592
13.2818276047707
7.65264489650727
|Explorer2Genome 30
3
6
8
8.03475190401078
-6.30303218960762
-3.86327461600303
1.19774861931801
-8.70260909199715
-9.37072726488114
1.36741082668304
-14.1202287375927
8
-5.27353945374488
8.49211138486862
2.84407690167427
-2.60539394617081
-4.6767404139042
0.492776125669475
1.52260822057724
-5.71577046513558
8
0.623287093639375
-8.76306189894676
-1.39725463986397
7.59739552140236
1.86038364768028
-7.41724819540977
-4.01773404479027
5.76892517805099
8
-0.289482146501543
-0.772431731224053
-0.671884959936142
3.82779383063316
-1.25045089125633
-6.08723867535591
-9.21079405546188
-1.23724527955055
8
3.55750058293342
8.20689805150032
-4.15249869823455
-13.1712537407875
1.93141930699348
11.1140135765076
5.66756757497787
-3.11668278574944
8
16.2402180492878
-2.08188626170158
-5.5381513774395
-3.72156010270119
5.72611722946167
4.38100271224976
-0.668414938449861
3.5444199025631
6
7
0.0881165802478783
2.47159900665283
-1.05998369455338
5.73465240001678
-9.2360076725483
-4.09729608893394
5.2448453783989
7
-5.33914988040924
-4.21869522333145
-1.75670344829559
2.83628179430962
-5.02012622356415
4.34833827018738
-0.833892405033114
7
6.04805732369423
0.259125381708145
-1.6301673412323
-2.20028885006904
0.753632605075839
-6.11967911720276
3.12616232037544
7
0.923611819744113
-1.05795568227768
1.07897371649742
1.52854045629501
-1.91471843719483
-3.69899849891662
8.46883401870728
7
2.81306119561195
-2.88043318390846
-9.41456949710845
5.4869283914566
-8.23797454237938
-2.18245096206665
2.46137880086899
7
-5.2371623814106
-4.58958666324616
4.23583528995514
-4.69317730665207
4.09686988592147
-1.62608745098114
-3.63739733695984
2
7
9.44011469483376
3.70660463571548
7.06021852493287
3.4360173881054
-1.79185235500336
-6.70647494792938
-5.33240593075753
7
-5.3149587750435
4.23349836468696
-0.0669258117675774
4.30005093812942
4.41390435099602
13.1569170773029
7.20636596083641
|Explorer2Genome 30
3
6
8
9.33647777438164
-9.85440779924393
-1.91055516004562
1.28755441308021
-11.8425584435463
-10.4188902378082
0.941080462932588
-16.4609202861786
8
-4.00470066666603
8.55435842871665
2.97288521528244
-2.43436176180839
-3.71903223991395
2.30580642223358
1.92676755189896
-5.73804249167443
8
0.50606102347374
-9.25010814070702
-0.479323160648346
6.37602625489235
2.1731247484684
-8.5633062183857
-4.11027803421021
6.31055857539177
8
-3.48317976593971
-0.810571330785744
-0.980407464504242
4.26643767952919
-1.86816026568413
-3.75888949036598
-9.92665799260139
0.0244602978229533
8
3.55750058293342
8.50748754739761
-4.20544630885124
-13.1712537407875
2.31542523503304
11.6006183624268
5.34321590662003
-3.14558905959129
8
15.8799983799457
-2.64620047211647
-5.44522603154182
-4.82505563497544
5.47777062058449
5.95188083648682
0.123771935701369
3.70738493204117
6
7
0.767156219482421
1.94373599886894
-0.235560119152072
5.29905512928962
-9.16242824196816
-3.24505797028541
5.12259796261788
7
-4.74754812717438
-3.71458147764206
-2.14876914620399
3.12685416936875
-4.91064260005951
4.37534194588661
-0.552113687992098
7
6.04805732369423
-0.264123672246933
-1.50889667868614
-1.32338524460792
1.63310075998307
-6.17712867259979
3.12616232037544
7
0.214247715473178
-3.00775562524795
1.76621245741844
1.8100333750248
-0.796047788858416
-4.16649020314216
8.09670941829681
7
3.17107387185096
-0.86324695944786
-9.15445898771286
5.64356655478478
-7.71696643829346
-2.4232079744339
2.55953043103218
7
-4.3511709690094
-2.74448528289795
3.60667576193809
-4.28497794270515
2.98135085105896
-3.05439609885216
-3.37583455443382
2
7
8.73694234490395
4.00143376588821
7.29471620917321
3.16940988898278
-1.79185235500336
-7.18250424861907
-6.19091129899026
7
-8.69716479778291
2.89719688892364
-3.44731719493866
5.78032988905906
2.89067413210869
14.5655349135399
7.95807683467865
|Explorer2Genome 30
3
6
8
7.70022979974747
-5.75610216259957
-3.55440022349357
1.88591368794441
-9.32727947831154
-9.72663966417313
1.48116137981415
-13.983351534605
8
-4.70278361439705
9.10921491980552
1.90659413933754
-3.16146549582481
-4.97122121453286
1.86507914066314
1.88576245903969
-5.83344886302948
8
1.60262102484703
-9.4010878264904
0.186861366033554
6.50770512223244
1.75861967206001
-7.67618926167488
-4.17319478988648
6.09517041444778
8
-3.44342812299729
-0.941482228040688
-0.541184079647064
3.78799360394478
-1.54919846057892
-3.70696798563004
-10.7286876261234
0.144890481233598
8
3.44029427170753
7.99528937339783
-4.15249869823455
-13.1712537407875
2.54062214493751
11.7557802021503
5.29141372442245
-3.11668278574944
8
17.3438351035118
-2.51465975642204
-5.92319179773331
-3.33085092306137
5.91854938268662
5.510320353508
-0.489268249273301
3.03366214632988
6
7
0.568998408317565
2.13656873106956
-0.564616382122043
5.00089669823646
-9.16242824196816
-3.06848820447922
4.86933718919754
7
-4.83897483348846
-4.5472568154335
-2.16406633853912
2.83264951109886
-4.36602392196655
4.69336819648742
-0.383053356409075
7
5.86226952075958
-0.66046770811081
-2.40262950062752
-2.52424755692482
0.767984926700594
-6.50583896636963
3.81296139359474
7
0.899333178997043
-1.77257793545723
0.717120331525801
1.29269882440567
-1.82407371997834
-3.85483468174934
8.19654760360718
7
2.49229031205177
-2.26991080641746
-9.41456949710845
5.12477338314056
-8.27499410510064
-1.45067705512047
3.2255518078804
7
-4.92995619773864
-5.23114566802979
3.95294379591942
-5.11806775331497
4.2157040476799
-2.10580763220787
-3.33232431411743
2
7
9.22618127465248
3.53833485841751
7.08990151286126
3.49737195372582
-1.50152835249901
-6.70647494792938
-5.69603086113931
7
-4.91437960267068
4.64815677404403
0.0164688587188728
4.242735850811
3.68480013608932
13.0007322609425
7.30133325457573
|Explorer2Genome 30
3
6
8
8.03475190401078
-5.75610216259957
-3.07681395411491
1.52521529793739
-8.98993311524391
-9.37072726488114
0.738531661033631
-13.6792693734169
8
-5.27353945374488
8.46174005270004
3.13152958154678
-2.60539394617081
-4.6767404139042
0.492776125669475
2.26241389513016
-5.47520499825478
8
1.02514723539352
-8.90428184866905
-1.20542634129524
6.89510551095009
0.843667447566987
-7.70776674747467
-4.23827826976777
6.16156367063522
8
-0.443896830081941
-0.465702462196343
-0.671884959936142
3.82779383063316
-1.46586367487908
-5.26084694862366
-8.91526871323585
-0.377152973413466
8
3.55750058293342
7.94509508609772
-4.60277378559112
-13.0243068099022
2.06190519928932
11.1140135765076
5.42162538766861
-3.11668278574944
8
17.5354687809944
-2.51465975642204
-6.05918651819229
-3.62732551693917
5.91854938268662
5.5439847946167
-0.878267377614976
4.04696207046509
6
7
-0.169053745269776
1.6973178088665
-0.537455260753635
5.29905512928962
-8.8646583378315
-3.80196377635002
5.21460881829262
7
-5.20432696342468
-4.28624275922775
-1.57003201842308
2.81967934966088
-5.02012622356415
4.34833827018738
-0.631782519817354
7
6.43154571056366
-0.674958699941636
-1.83392515778542
-2.20028885006904
1.00486940145493
-6.38943653106689
3.35623334050179
7
1.00453960895539
-3.28430494666099
0.326772177219389
0.139240300655365
-0.694261211156848
-5.04741334915161
7.58210730552673
7
2.81306119561195
-2.53531041741371
-9.41456949710845
5.12477338314056
-8.04297496080399
-1.63478994369507
3.05528575181961
7
-5.2371623814106
-4.06514184474945
4.03924912810326
-4.50111971497535
4.34639743566513
-1.34448499083519
-3.63739733695984
2
7
8.37934973835945
3.44489468932152
5.74502193927765
3.03109588027001
-1.89791392683983
-6.1110020160675
-4.25667490959168
7
-5.6130247950554
4.41493993401527
0.0164688587188728
5.24279090166092
3.58340498209
13.0408877909184
7.38349732756615
|Explorer2Genome 30
3
6
8
8.03475190401078
-5.19694655537606
-3.07681395411491
1.52521529793739
-9.37281866669655
-9.37072726488114
0.535423278808594
-13.6792693734169
8
-5.23192673325538
8.03941406607627
2.0670828640461
-2.82189905047417
-4.35022604465485
1.91347484588623
1.20865131020546
-5.92441937923432
8
1.13571883440018
-9.22246879935265
-1.3386322081089
6.89510551095009
0.843667447566987
-7.243967461586
-4.1566692352295
6.16156367063522
8
-4.1309345304966
-0.941482228040688
-0.532737749814987
4.587698584795
-1.9604542016983
-3.70696798563004
-9.80350182652473
0.366201603412629
8
3.81506083011627
6.87620199918747
-4.86352847218513
-13.5447086632252
2.7027741253376
12.7043857097626
5.27572146058082
-1.83271734118462
8
17.5354687809944
-2.51465975642204
-6.05918651819229
-3.62732551693917
5.91854938268662
5.92465033531189
-0.850453299283983
3.5363736152649
6
7
0.291050100326537
1.69169453978538
-0.189939677715305
5.77227719426155
-8.39716979861259
-3.80196377635002
5.21460881829262
7
-4.44144615530968
-3.77394033670426
-1.67805348038673
2.87945543527603
-4.80913851261139
4.09626276493072
-0.743101757764818
7
6.43154571056366
0.201705938577652
-2.24567986130714
-2.20028885006904
0.52076886892319
-6.07277035713196
2.79757247567177
7
1.00453960895539
-3.28430494666099
0.326772177219389
0.139240300655365
-0.694261211156848
-5.04741334915161
7.41826240420342
7
2.02169631123542
-2.20702033638954
-9.91995711326599
5.17338942289353
-8.23797454237938
-2.14511890411377
3.05528575181961
7
-4.3892127752304
-3.61666199564934
4.73655216097832
-4.0212158203125
3.62484211921691
-1.94180321097374
-3.88340663313866
2
7
7.79157188534737
3.44489468932152
5.74502193927765
3.03109588027001
-1.89791392683983
-6.1110020160675
-3.60276601314545
7
-4.93808160424234
4.41493993401527
0.0164688587188728
5.24279090166092
3.58340498209
13.0408877909184
7.16038002371788
|Explorer2Genome 30
3
6
8
9.23840426802636
-10.0741175532341
-1.36120256185531
2.02680798172951
-11.3970263600349
-10.7506405830383
1.73231202363968
-16.4609202861786
8
-7.10940607786178
7.37750510573387
-0.855114388465882
-7.28934304118156
-5.88793509602547
8.27497653961181
3.09351243376732
-2.93012345433236
8
1.07006062865257
-9.4010878264904
0.213536989688873
7.39647961258888
2.23301032185555
-7.46725034713745
-4.17319478988648
6.09517041444778
8
-3.7436584353447
-1.03336769938468
-0.712275952100754
4.42274094223976
-1.57191526889801
-3.70696798563004
-10.6454361498356
0.144890481233598
8
4.44072452783584
7.17040662169456
-4.09683819413185
-14.6448777735233
3.7189770758152
11.7530108213425
5.20770686268806
-2.30409547686577
8
16.6151854157448
-2.39698877930641
-6.38170028328896
-4.24426080584526
4.81675122380257
6.60993399620056
-0.618925464153291
4.71574202775955
6
7
1.47967601418495
1.39801883101463
0.663665312528607
5.37405298352241
-10.0455755829811
-3.18250222206116
4.21796510815621
7
-5.14036092758179
-3.60925715565682
-2.61240356564522
2.19043148756028
-4.34667278528213
4.34833827018738
0.399077183008192
7
6.04805732369423
-0.392483252286912
-1.44731952548027
-1.57987831234932
0.606212747097018
-6.08644933700561
2.73409889340401
7
-0.0788992047309845
-1.65053139925003
1.76621245741844
1.43197265267372
-0.981994396448138
-3.59069610238075
8.28172445893288
7
2.73544514775275
-2.274862575531
-9.41456949710845
5.05410690307617
-8.23797454237938
-1.45067705512047
3.2255518078804
7
-5.58782276511192
-2.79742472171784
4.16345636248588
-3.62490064501762
4.62030048966407
-1.9265809237957
-4.64783625602722
2
7
7.18831418156624
3.69109681844711
7.30155455470086
3.36278584003449
-1.4550487279892
-6.62874846458434
-4.76164338588715
7
-5.6130247950554
4.37475586533546
0.384641599655152
4.94142175912857
3.87275838255882
12.8525710225105
5.53763713240624
|Explorer2Genome 30
3
6
8
10.1217303693295
-9.85161529779435
-1.02184990644455
1.42131290435791
-11.5201570808887
-9.81400770545006
0.322599613666535
-17.1153752624989
8
-4.71681845188141
9.40736970305442
1.62318463921547
-3.87153856158256
-3.95090507864953
2.04773018956184
1.57479692697525
-6.61298218369484
8
-0.645149147510528
-8.45321246981621
-0.511064708232879
7.23326596021652
1.46535103321076
-8.00108323693275
-4.44910896420479
6.0354251742363
8
0.848637735843657
-1.88433985114097
-0.89189812541008
4.18158242106437
-1.50474020242691
-5.63380058407784
-10.2864669442177
0.83399664759636
8
4.44072452783584
6.6798763692379
-3.88207085728645
-14.3440156042576
3.80451980233192
12.4601524829864
5.99112046360969
-2.63547767996788
8
17.0035463929176
-1.85854601264
-5.60965366959572
-4.31997171640396
5.56630309820175
5.57061176300049
-0.850453299283983
3.72588858008385
6
7
1.1137238740921
2.24770337939262
0.563415586948391
5.31395297646522
-10.1449972748756
-2.87368733882904
3.42710369229317
7
-4.71503088474274
-3.88743175268173
-1.67805348038673
2.72154392004013
-4.93990421295166
4.49018235206604
-0.414557260274889
7
6.04805732369423
-0.264123672246933
-0.384356659650802
-1.07384338974952
1.39382752776146
-6.45328297615051
3.25352905392647
7
0.627555543184284
-2.96944307684898
-0.103220635652544
0.929550468921661
-0.298033189773562
-5.22845666408539
7.65944091677666
7
2.39209085106849
-2.79819293618202
-9.29159180521965
5.24881253242493
-8.65363683104516
-2.00523848533631
2.17300013303757
7
-5.3734916627407
-3.79799675941467
5.08534533381462
-2.85914195179939
3.90767403244972
-2.77873437404633
-4.51630988121033
2
7
7.66711774468422
3.07681564688682
5.74502193927765
3.77093129158021
-2.26434239149094
-6.64505257606506
-4.40756776332856
7
-8.08051065802575
2.89719688892364
-3.3534900188446
5.78032988905906
3.89437848925591
15.0309491038323
8.03940026760102
|Explorer2Genome 30
3
6
8
8.42281177639962
-7.03016330003738
-0.170338612794873
4.04884657263756
-11.0893230736256
-9.50435241460801
3.4698924779892
-17.807931303978
8
-5.23192673325538
8.03941406607627
1.90026432275772
-2.33516609072685
-4.20326552391053
1.10508923530578
0.887894427776339
-5.8844978094101
8
0.601169097423554
-8.87536799311638
-1.88668447136879
7.2168635904789
0.991940462589265
-7.70776674747467
-3.91266903877259
6.02666107416153
8
-1.6888605773449
-2.53257431983947
-0.19009570479393
5.12116508483886
-1.08607160449028
-4.51699936389923
-8.69231327176093
0.847747653722764
8
3.14278672337532
8.50748754739761
-4.20544630885124
-13.1712537407875
2.31542523503304
11.6006183624268
5.29141372442245
-3.11668278574944
8
15.8799983799457
-2.64620047211647
-5.44522603154182
-5.39748152494431
5.94622085690499
5.95188083648682
-0.346589821577074
3.62239060997963
6
7
0.767156219482421
2.8692875623703
-0.965251791477207
4.76661904454231
-9.09431336522102
-3.54126695394516
5.12259796261788
7
-4.49404414892197
-4.6378571510315
0.388252538442612
1.36325716376305
-6.0669557094574
3.76184102892875
-1.81437832713127
7
6.32794170379639
-0.361243116855622
-4.16326706409454
-2.81687509417534
2.69978290200234
-7.72642286419868
1.12706056833267
7
0.535495299100879
-2.15464943647384
1.76621245741844
1.43197265267372
-1.39041135907173
-4.53208523392677
7.96274021267891
7
3.17107387185096
-0.741812056303023
-9.54184564352035
5.69301297068596
-8.21449332237244
-2.4232079744339
2.55953043103218
7
-5.58782276511192
-3.71876015663147
4.15840143561363
-4.1909038066864
4.28470793366432
-1.83221494555473
-3.9647919178009
2
7
8.58695412874222
4.82452716231346
6.39359077215195
4.2187190771103
-1.11933697462082
-6.07684597969055
-4.86552024483681
7
-8.39430828094483
5.27251850962638
1.444932949543
4.06593781113624
3.33930359482765
12.6748450636864
6.5698268711567
|Explorer2Genome 30
3
6
8
8.42281177639962
-7.03016330003738
-0.170338612794873
4.04884657263756
-11.0893230736256
-9.50435241460801
3.4698924779892
-17.807931303978
8
-4.00470066666603
8.55435842871665
2.97288521528244
-2.43436176180839
-3.71903223991395
2.30580642223358
1.92676755189896
-5.73804249167443
8
0.601169097423554
-8.87536799311638
-1.88668447136879
6.89510551095009
0.991940462589265
-7.70776674747467
-3.91266903877259
6.02666107416153
8
-3.48317976593971
-1.13750199675559
-0.980407464504242
4.26643767952919
-1.86816026568413
-3.97187217473984
-9.48646715283394
0.478751260042192
8
3.55750058293342
8.50748754739761
-4.20544630885124
-13.1712537407875
2.31542523503304
11.6006183624268
5.29141372442245
-3.11668278574944
8
15.8799983799457
-2.64620047211647
-5.44522603154182
-4.82505563497544
5.61056507229805
5.95188083648682
-0.346589821577074
3.62239060997963
6
7
0.767156219482421
2.62406958937645
-0.708937251567844
4.76661904454231
-9.09431336522102
-3.54126695394516
5.12259796261788
7
-4.86227480769157
-3.20515863895417
0.388252538442612
1.52748140096665
-6.41989457607269
2.98359557986259
-1.97180801033974
7
6.04805732369423
-0.264123672246933
-1.50889667868614
-1.32338524460792
1.15066291093827
-6.02953658103943
3.12616232037544
7
0.379159152507785
-2.15464943647384
1.76621245741844
1.43197265267372
-1.39041135907173
-4.53208523392677
8.31065519452095
7
3.17107387185096
-0.86324695944786
-9.54184564352035
5.69301297068596
-7.71696643829346
-2.4232079744339
2.55953043103218
7
-5.58782276511192
-2.96143379211426
4.52284340262413
-3.62490064501762
4.86888161301612
-1.98903426527977
-4.38309972286224
2
7
9.22618127465248
3.48146244287491
7.29471620917321
3.16940988898278
-1.79185235500336
-7.18250424861907
-6.19091129899026
7
-8.39430828094483
5.27251850962638
1.444932949543
4.06593781113624
3.33930359482765
12.6748450636864
6.5698268711567
|Explorer2Genome 30
3
6
8
8.80760974287987
-8.88787363767624
-1.30880800485611
2.04915929436684
-11.6142546057701
-10.4188902378082
1.88762093782425
-16.3885944128037
8
-4.41291335225105
8.73611485362052
2.74100561738014
-2.43436176180839
-3.71903223991395
2.30580642223358
1.39277664422989
-5.88176032900811
8
1.07006062865257
-9.4010878264904
-0.329323589801788
6.28371127247811
1.53239436745644
-8.34627059102059
-3.84122128486634
5.8308455824852
8
-3.44342812299729
-1.7852046906948
-1.37245678305626
4.16951974034309
-1.9604542016983
-3.28673478364945
-9.37896986603737
-0.230668705701827
8
4.38449949026108
7.29897832870483
-4.60279608368873
-13.6565620005131
3.91211314797401
11.8344750165939
4.30941789746284
-2.94369489550591
8
17.0035463929176
-2.10372977852821
-5.73522575497627
-4.16156774759293
5.58875662088394
5.9530933380127
-0.986426776647569
4.30574232935906
6
7
0.534670710563659
2.13656873106956
-0.235560119152072
5.5199928343296
-10.2709261476994
-3.54126695394516
4.53698289990425
7
-4.74754812717438
-3.71458147764206
-2.14876914620399
3.53706048727036
-4.91064260005951
3.95369491577148
-0.552113687992098
7
5.47760947346687
-0.264123672246933
-2.09591598510742
-2.20028885006904
0.75525852441788
-6.518270611763
3.23318417668343
7
0.845280301570895
-3.11850732564926
1.76621245741844
1.8100333750248
-0.361151558160784
-4.48180039525032
8.06740617752075
7
2.42414398193358
-1.12559525370598
-9.19997349977493
5.69301297068596
-7.71696643829346
-2.43473217487335
2.55953043103218
7
-4.3511709690094
-3.74844284057617
3.60667576193809
-4.68624814152717
3.89102654457092
-3.05439609885216
-3.37583455443382
2
7
9.45611675381661
3.266572868824
7.08990151286126
3.5565952718258
-1.62755941748619
-7.07557723522186
-4.98357105851174
7
-8.32687489986421
2.89719688892364
-3.44778783321381
5.78032988905906
3.89437848925591
14.5655349135399
8.0287712097168
|Explorer2Genome 30
3
6
8
8.44270625710488
-7.62666584253311
-0.170338612794873
4.04884657263756
-11.0893230736256
-8.97304357290269
3.94630200862885
-18.0275444984436
8
-4.52589285969734
8.15231661200523
1.97593002915382
-2.86633788943291
-4.14250855445862
2.13234716057777
1.91318370103836
-6.22988949418068
8
0.601169097423554
-8.69707807302475
-1.88668447136879
6.89510551095009
0.991940462589265
-7.70776674747467
-3.91266903877259
6.02666107416153
8
-0.672994315624239
-0.783743214607232
-0.0932113111019131
4.47042017579078
-0.689476746320726
-5.21584205627441
-9.6075627207756
0.34227256178856
8
4.38449949026108
7.64127270579338
-4.60279608368873
-13.6565620005131
3.91211314797401
11.8344750165939
4.30941789746284
-2.70798401236534
8
17.2352474629879
-2.87340134978294
-5.64545520544052
-3.84216800928116
5.89447423219681
5.80736854672432
-0.516301983594896
3.77587270736695
6
7
0.767156219482421
2.23431186079979
-0.708937251567844
4.76661904454231
-9.41947663426399
-3.54126695394516
5.12259796261788
7
-4.86227480769157
-3.20515863895417
0.388252538442612
1.52748140096665
-6.41989457607269
3.57930404543876
-1.97180801033974
7
5.57618852257728
-0.264123672246933
-1.6301673412323
-2.20028885006904
1.48199383020401
-6.518270611763
3.23802466988564
7
0.379159152507785
-2.15464943647384
1.76621245741844
1.43197265267372
-1.78303197026253
-4.53208523392677
8.31065519452095
7
2.86372928619384
-0.86324695944786
-9.68773843050003
5.69301297068596
-7.71696643829346
-1.932510638237
2.55953043103218
7
-5.58782276511192
-2.55958065986633
4.52284340262413
-3.62490064501762
4.86888161301612
-1.98903426527977
-4.92481296062469
2
7
9.45611675381661
3.266572868824
7.08990151286126
3.5565952718258
-1.62755941748619
-7.07557723522186
-4.98357105851174
7
-7.8551347732544
5.27251850962638
1.20533007383347
4.06593781113624
3.33930359482765
13.2344384074211
6.5801831305027
|Explorer2Genome 30
3
6
8
7.46762634515763
-5.75610216259957
-3.07681395411491
1.52521529793739
-9.30945294499397
-9.37072726488114
0.738531661033631
-13.2407495141029
8
-5.17579396367073
8.03941406607627
1.81165853142738
-3.05648512244224
-4.20326552391053
2.28806142807006
0.70257211327553
-5.71095497012139
8
1.02514723539352
-9.04426755309105
-1.3386322081089
6.89510551095009
0.334725224971772
-7.70776674747467
-4.23827826976777
6.16156367063522
8
-3.92455523014069
-0.591673535108559
-0.532737749814987
4.21267054677009
-1.9604542016983
-3.70696798563004
-9.80350182652473
0.366201603412629
8
3.81506083011627
6.87620199918747
-5.23001263737678
-13.9578760683537
2.7027741253376
12.1814286231995
5.36569026112556
-1.75079745650292
8
17.5354687809944
-2.51465975642204
-6.06783245801925
-3.62732551693917
5.91854938268662
5.5439847946167
-0.850453299283983
4.04696207046509
6
7
0.291050100326537
1.6973178088665
-0.537455260753635
5.29905512928962
-8.8646583378315
-3.80196377635002
5.21460881829262
7
-4.60858581066131
-3.77394033670426
-1.67805348038673
3.03087836503983
-4.93990421295166
4.02519288063049
-0.722788351774218
7
6.43154571056366
-0.674958699941636
-1.83392515778542
-2.20028885006904
0.52076886892319
-6.38943653106689
3.23802466988564
7
1.00453960895539
-3.28430494666099
0.326772177219389
0.532640969753265
-0.694261211156848
-5.04741334915161
7.79050938487053
7
2.5695264160633
-1.93096531033516
-9.96124732494354
5.51506308317185
-8.23797454237938
-2.14511890411377
3.05528575181961
7
-4.64643631577491
-3.26364380717278
4.73655216097832
-4.0212158203125
3.62484211921691
-1.93520562052727
-4.0207952439785
2
7
7.79157188534737
3.4895888030529
5.45565156936646
3.03109588027001
-1.89791392683983
-6.1110020160675
-4.45869295597077
7
-5.6130247950554
4.41493993401527
0.0164688587188728
5.24279090166092
3.58340498209
13.0408877909184
7.30133325457573
|Explorer2Genome 30
3
6
8
9.96299303770066
-10.8887216687202
-1.02184990644455
1.42131290435791
-12.4996583104134
-9.25033702850342
1.13163975477219
-17.5438753902912
8
-4.72159884572029
8.36941232085227
2.03406692743301
-2.8840597808361
-3.95090507864953
1.88984379768371
1.06213274598122
-5.18406472802163
8
1.55543288588524
-9.1021135032177
0.0827747225761415
8.91233171820641
1.17519447207451
-9.20871859192848
-4.77765210270882
6.79404000043869
8
-0.443896830081941
-0.465702462196343
-0.671884959936142
3.26095380187034
-1.84043874144554
-6.08723867535591
-9.21079405546188
-0.776423174142837
8
3.55750058293342
8.27485979199409
-4.44141001701355
-13.1712537407875
2.31542523503304
11.6006183624268
5.29141372442245
-3.11668278574944
8
17.1862578988075
-2.00792490243911
-8.24235752820968
-3.51317429542542
5.27150867581368
6.21268151402474
0.208509784936903
4.16406005620957
6
7
0.767156219482421
2.10193483233452
-0.708937251567844
4.76661904454231
-9.16242824196816
-3.54126695394516
5.12259796261788
7
-4.81272668242454
-3.20515863895417
-0.172129303216934
1.52748140096665
-6.41989457607269
2.98359557986259
-2.43695526719094
7
6.04805732369423
-0.264123672246933
-1.50889667868614
-1.66967516541481
1.15066291093827
-6.45328297615051
3.12616232037544
7
3.11911789774895
-1.6891273856163
2.29072450995445
-0.151266521215439
-0.762809890508654
-4.23833658695221
7.29122822880745
7
3.50729249119758
-2.79535408616066
-11.2010303497314
6.21477000117302
-7.22226468920708
-0.816998845338823
2.95621067285538
7
-5.58782276511192
-2.79742472171784
4.52284340262413
-3.62490064501762
5.15697144269943
-1.98903426527977
-4.38309972286224
2
7
8.68320902585983
5.2338825404644
6.46558197736741
3.2816108763218
-1.72843737006187
-6.28532373309135
-5.04953365921975
7
-8.93310399055482
5.27251850962638
1.444932949543
3.95579550862312
3.33930359482765
12.5204746365547
6.5698268711567
|Explorer2Genome 30
3
6
8
7.70022979974747
-5.75610216259957
-3.55440022349357
1.88591368794441
-9.07740553021431
-9.37072726488114
1.48116137981415
-13.9068441331387
8
-7.10940607786178
7.2138939499855
-1.03639187812805
-7.50795158743858
-5.64092789292336
7.43104488253593
2.99451783895493
-2.93012345433236
8
1.02514723539352
-8.09176749587059
-0.165344148874283
6.7200307905674
1.60210303068161
-8.07709248065948
-4.23827826976777
6.16156367063522
8
-3.44342812299729
-0.941482228040688
-0.541184079647064
3.78799360394478
-1.54919846057892
-3.70696798563004
-10.1583592951298
0.144890481233598
8
4.94795013666153
7.15120200514793
-5.16203895211219
-14.422178965807
3.7991772711277
12.0090414762497
5.57999890446663
-2.62091788053513
8
16.8951693415642
-2.78270563483238
-5.92319179773331
-3.92473148107529
5.91854938268662
5.510320353508
-0.602560395002366
3.41774975657463
6
7
1.31951997280121
2.20698937773704
-0.22719085812569
6.0318489909172
-9.09632436037063
-4.13720841407776
4.28948896527291
7
-4.81864556670189
-3.13892560005188
0.388252538442612
2.56042358875275
-6.50543529987335
3.75036997199058
-2.16752898097038
7
6.68729012012482
-0.602551591396332
-1.37247470021248
-2.45853021740913
-0.0346408009529092
-6.45317304134369
3.81296139359474
7
-2.59017357826233
-1.26652069687843
2.70419287681579
-0.141481035947799
-3.57737467288971
-4.62308096289634
6.592702627182
7
2.24578958153724
-1.93302031159401
-9.96124732494354
6.06952632665634
-8.23797454237938
-1.89756647944451
3.05528575181961
7
-5.73732094168663
-3.51437561511994
4.26869251132011
-3.02801996469497
3.96341278553009
-2.77873437404633
-3.92108678817749
2
7
8.5838581442833
4.4193210363388
7.46941699385643
3.23778422474862
-2.03658770918846
-5.72722496986388
-4.52079167366029
7
-4.89712191224099
4.41493993401527
0.0164688587188728
4.242735850811
3.68480013608932
13.0007322609425
7.00115572810173
|Explorer2Genome 30
3
6
8
9.61580452322961
-9.92256902456284
-1.83261896371841
1.74243209958076
-11.8515599370003
-10.4188902378082
0.90214787721634
-16.4609202861786
8
-4.70278361439705
9.42352461218833
1.90659413933754
-3.16146549582481
-4.46555307507515
1.86507914066314
1.88576245903969
-5.30122265219689
8
1.09717246890068
-9.46087026000023
-0.600383412837982
6.63373683094978
2.1731247484684
-7.96442301869393
-4.11027803421021
6.27644824385643
8
-0.443896830081941
-0.939471268653862
-0.671884959936142
3.82779383063316
-1.25045089125633
-6.08723867535591
-8.6182744860649
-1.083104377985
8
4.38449949026108
7.63704525828362
-4.60279608368873
-13.9454006493092
3.91211314797401
11.460143494606
4.68048241734505
-2.70798401236534
8
16.3580339729786
-2.64620047211647
-5.15806837677956
-4.77855571508408
5.95607851147652
5.35339109897614
-0.603523558378221
3.92409763932228
6
7
0.767156219482421
2.13656873106956
-0.564616382122043
5.00089669823646
-9.16242824196816
-3.68426066637039
5.23752402067185
7
-5.59205908775329
-3.93068348169327
-2.22696040272713
2.57276071310044
-4.04998654723167
4.34833827018738
-0.145397084951403
7
5.57618852257728
-0.264123672246933
-1.6301673412323
-2.69080622792244
1.15066291093827
-6.518270611763
3.23802466988564
7
0.602233952283862
-3.2935029387474
1.7293483197689
1.84874380230904
-0.796047788858416
-4.48180039525032
7.57775661945343
7
2.42414398193358
-0.86324695944786
-10.4290623784065
5.69301297068596
-7.71696643829346
-1.932510638237
2.55953043103218
7
-5.23832569122314
-5.78070211410523
3.55099253058433
-5.11806775331497
4.2157040476799
-2.10580763220787
-3.63739733695984
2
7
9.45611675381661
3.63130379915237
7.08069810271264
3.14499935507775
-1.62755941748619
-7.07557723522186
-4.98357105851174
7
-8.32687489986421
3.33204219341278
-3.73035955429077
5.78032988905906
3.89437848925591
14.5655349135399
7.9277394771576
|Explorer2Genome 30
3
6
8
8.85351814627648
-5.75610216259957
-3.55440022349357
1.68294299244881
-8.70000293254853
-9.16168678402901
1.63854796886444
-13.8405614554882
8
-4.64670813679695
8.04388434290885
2.65408731102943
-2.86633788943291
-5.06842148303986
1.88984379768371
1.59082625508309
-6.30580818653107
8
1.06879914999008
-8.34304742217064
-0.698306715488434
7.16085196733475
1.91599377989769
-7.91912057995796
-4.73109304904938
5.601164072752
8
-3.66891134977341
-1.74576627612113
-0.980407464504242
4.26643767952919
-1.22521652579308
-3.35038288831711
-9.48646715283394
-0.107193034887313
8
4.98349927663803
7.12341632246971
-4.5809520304203
-14.3427266418934
3.87866671681404
12.0090414762497
5.45230579972267
-2.72899858355522
8
16.4968191206455
-2.07832309007644
-6.83696174025536
-4.91230968236924
4.42429276108742
4.88737097978592
0.788558155298232
4.05313528180123
6
7
1.31951997280121
2.20698937773704
-0.22719085812569
5.9612590432167
-9.21468552350998
-3.64727325439453
4.28948896527291
7
-4.81864556670189
-2.63415117263794
0.388252538442612
2.39139637351036
-6.50543529987335
3.75036997199058
-2.16752898097038
7
6.29684946537018
-0.602551591396332
-2.36083982586861
-2.45853021740913
0.333563697338106
-6.01394500732422
3.81296139359474
7
-2.59017357826233
-1.52961500287056
2.79179103374481
-0.141481035947799
-3.57737467288971
-4.33939467668533
6.592702627182
7
2.43508265614509
-1.93302031159401
-10.2911374330521
6.06952632665634
-8.23797454237938
-1.89756647944451
3.05528575181961
7
-5.73732094168663
-3.51437561511994
3.95078908801079
-3.02801996469497
3.96341278553009
-2.77873437404633
-3.92108678817749
2
7
8.5838581442833
4.4193210363388
7.46941699385643
3.48879771828652
-1.46077308058739
-6.15956058502197
-4.67774975299836
7
-6.75669323801995
4.72133791446685
-0.757792204618453
3.79903491139412
3.58019677400589
14.8546661376953
7.19881963729859
|Explorer2Genome 30
3
6
8
8.85351814627648
-5.75610216259957
-3.55440022349357
1.68294299244881
-8.70000293254853
-9.16168678402901
1.63854796886444
-13.8405614554882
8
-4.64670813679695
8.04388434290885
2.65408731102943
-2.86633788943291
-5.06842148303986
1.88984379768371
1.59082625508309
-6.30580818653107
8
1.06879914999008
-8.34304742217064
-0.698306715488434
7.16085196733475
1.91599377989769
-7.91912057995796
-4.73109304904938
5.601164072752
8
-3.66891134977341
-1.74576627612113
-0.980407464504242
4.26643767952919
-1.22521652579308
-3.35038288831711
-9.48646715283394
-0.107193034887313
8
4.98349927663803
7.12341632246971
-4.5809520304203
-14.3427266418934
3.87866671681404
12.0090414762497
5.45230579972267
-2.72899858355522
8
16.4968191206455
-2.07832309007644
-6.83696174025536
-4.91230968236924
4.42429276108742
4.88737097978592
0.788558155298232
4.05313528180123
6
7
1.31951997280121
2.20698937773704
-0.22719085812569
5.9612590432167
-9.21468552350998
-3.64727325439453
4.28948896527291
7
-4.81864556670189
-2.63415117263794
0.388252538442612
2.39139637351036
-6.50543529987335
3.75036997199058
-2.16752898097038
7
6.29684946537018
-0.602551591396332
-2.36083982586861
-2.45853021740913
0.333563697338106
-6.01394500732422
3.81296139359474
7
-2.59017357826233
-1.52961500287056
2.79179103374481
-0.141481035947799
-3.57737467288971
-4.33939467668533
6.592702627182
7
2.43508265614509
-1.93302031159401
-10.2911374330521
6.06952632665634
-8.23797454237938
-1.89756647944451
3.05528575181961
7
-5.73732094168663
-3.51437561511994
3.95078908801079
-3.02801996469497
3.96341278553009
-2.77873437404633
-3.92108678817749
2
7
8.5838581442833
4.4193210363388
7.46941699385643
3.48879771828652
-1.46077308058739
-6.15956058502197
-4.67774975299836
7
-6.75669323801995
4.72133791446685
-0.757792204618453
3.79903491139412
3.58019677400589
14.8546661376953
7.19881963729859
|Explorer2Genome 30
3
6
8
8.03475190401078
-5.75610216259957
-3.07681395411491
1.26182973980904
-9.37281866669655
-9.92738534212113
0.738531661033631
-13.1141881585121
8
-4.63907258510589
8.9217484652996
1.90181065201759
-2.72145656347275
-4.49791718125344
1.24614996910095
1.62047961354256
-5.73845573067665
8
1.02514723539352
-8.81177460551262
-1.3386322081089
6.89510551095009
0.843667447566987
-7.70776674747467
-4.23827826976777
6.59563149213791
8
-3.56636644005776
-0.537112969160072
-0.532737749814987
4.45097271203994
-1.9604542016983
-3.70696798563004
-9.80350182652473
0.141418111324311
8
3.42027199268341
6.6185206592083
-6.57569935917854
-14.8038542866707
2.0171921312809
10.8766838550568
5.90912467241287
-0.260466998815538
8
17.5354687809944
-2.60122622847557
-6.05918651819229
-3.62732551693917
5.91854938268662
6.09571104049683
-0.850453299283983
4.04696207046509
6
7
0.767156219482421
2.27590355277061
-0.160627353191379
4.91718381047248
-9.01373494267464
-3.66903449892998
4.89576898217201
7
-4.67646021842956
-3.88743175268173
-1.67805348038673
2.72154392004013
-4.93990421295166
4.66846828460693
-0.903992027044298
7
6.43154571056366
-0.674958699941636
-2.24950504899025
-2.20028885006904
0.52076886892319
-6.38943653106689
3.23802466988564
7
1.00453960895539
-3.28430494666099
0.326772177219389
0.139240300655365
-0.694261211156848
-5.04741334915161
7.41826240420342
7
3.09988852739333
-2.61651919484138
-9.41456949710845
5.45357735753059
-8.52375347018242
-1.47199945449829
3.33357357382774
7
-5.20885888934135
-3.79866766929627
4.71921200156212
-4.62336183786392
3.29223146438598
-2.20183765292168
-2.86985275745392
2
7
9.73883200883866
3.51684183478355
7.54002153277398
4.11546940803528
-2.99049487113952
-6.98176178932189
-5.22812414765359
7
-8.17404472231866
4.1401591181755
0.194616943597794
4.80855422616005
3.34561157822609
13.5290375649929
7.31928114891053
|Explorer2Genome 30
3
6
8
9.91439825892449
-9.58277813196183
-1.53282760381698
1.61516171097755
-11.4532713532448
-11.0241753339767
0.941080462932588
-16.4609202861786
8
-4.64670813679695
8.4849421441555
2.36106191277504
-2.51378919482231
-4.15234768390656
1.88984379768371
1.94478922486305
-6.22988949418068
8
1.36376768350601
-9.4010878264904
-0.700480234622955
7.00910633206368
1.60140081048012
-8.40503593087196
-4.11027803421021
6.09517041444778
8
-3.30851100683212
-0.941482228040688
-0.712275952100754
3.78799360394478
-1.9604542016983
-3.86405867338181
-9.20642280578613
0.144890481233598
8
4.44072452783584
7.48515555262566
-4.19564562439918
-13.6565620005131
3.7991772711277
12.0090414762497
5.16245034337044
-2.72899858355522
8
17.0982819437981
-2.51500123739242
-7.36160327196121
-3.88078470230103
5.83220251202583
6.59151027798653
0.276861339807509
3.60625529885292
6
7
0.330112826824188
1.65724816322327
-0.351260191202167
5.63545594215393
-8.77882895469665
-3.62914044857025
4.55851917862892
7
-4.67646021842956
-3.88743175268173
-2.07873495221138
2.57276071310044
-4.34103188514709
4.34833827018738
-0.809631842374804
7
5.82142806053162
-0.674958699941636
-1.27486510872841
-2.49432268738746
1.00922659635544
-6.9387188911438
3.43511580228806
7
-2.59017357826233
-0.379286313056942
3.37565529346466
0.0387441694736483
-3.37254958748818
-5.40595554709434
7.31328380107879
7
4.42582458853721
0.209467792510987
-10.195125579834
7.68441828489304
-7.34193605780602
-0.180655217170717
3.32135124802589
7
-5.93137153983116
-3.51478538513184
4.73083233237266
-4.13411943912506
5.42387872338295
-1.83221494555473
-4.39177269935608
2
7
9.45611675381661
3.70660463571548
7.08990151286126
3.5565952718258
-1.79185235500336
-6.70647494792938
-4.98357105851174
7
-6.85964308977128
1.94420225024223
4.31332521438599
3.04905765652656
2.53347595334053
12.0613697528839
10.0470180332661
|Explorer2Genome 30
3
6
8
9.31407138705254
-9.48403671979905
-1.36120256185531
1.61516171097755
-11.6142546057701
-10.4188902378082
2.01650837659836
-16.4609202861786
8
-6.99882646799087
7.2138939499855
-1.03639187812805
-7.15297402739525
-5.88793509602547
7.70171709060668
2.58063925504685
-2.93012345433236
8
1.02520109415054
-9.2730651319027
-0.569789224863052
6.7200307905674
1.48495930433273
-7.70776674747467
-4.40886969566346
5.96306539773941
8
-3.44342812299729
-2.24359034895896
-0.920374816656112
4.16951974034309
-2.12005815505982
-3.28673478364945
-9.35588162541389
0.211570769548417
8
4.74918256998062
7.15762056708336
-4.65490089058876
-15.2017509996891
3.94079654812813
12.0248981952667
5.20770686268806
-2.72899858355522
8
17.0035463929176
-2.10372977852821
-5.92319179773331
-4.16156774759293
5.58875662088394
5.9530933380127
-0.986426776647569
3.8483594596386
6
7
0.767156219482421
2.13656873106956
-0.235560119152072
5.00089669823646
-9.7406983435154
-3.54126695394516
4.93827777504921
7
-5.48311676979065
-3.88743175268173
-2.22696040272713
2.57276071310044
-5.04135417342186
4.34833827018738
0.207075363397596
7
6.04805732369423
-0.264123672246933
-1.44731952548027
-1.66967516541481
1.15066291093827
-6.40057055950165
3.12616232037544
7
0.899333178997043
-1.77257793545723
1.0885273873806
1.03748878240585
-1.68454872965813
-3.85483468174934
8.32707068920135
7
2.67310622930526
-1.9401142179966
-9.41456949710845
4.75133099555969
-8.05254536867142
-1.76420910358429
2.63354536294937
7
-5.3734916627407
-3.4068104505539
4.83932611346245
-3.02801996469497
3.87801332473755
-2.77873437404633
-3.93445341587067
2
7
8.20593850612641
5.14835411906242
6.77937611341477
3.63967649936677
-1.72843737006187
-6.52511355876922
-5.07680414319039
7
-5.6130247950554
4.88866882920265
-0.514506387710571
4.94142175912857
3.76530701518059
13.0934813857079
5.6919955432415
|Explorer2Genome 30
3
6
8
8.03475190401078
-5.75610216259957
-3.07681395411491
1.07596774697304
-9.37281866669655
-9.37072726488114
0.738531661033631
-14.0473838031292
8
-5.23192673325538
8.03941406607627
2.0670828640461
-2.33516609072685
-4.28619391918183
1.4704764842987
1.24990947842598
-5.28756039142609
8
1.48113507032394
-8.76306189894676
-1.63821142315865
6.89510551095009
0.843667447566987
-7.9664422750473
-4.23827826976777
6.16156367063522
8
-3.08243418931961
-0.941482228040688
-0.710528296232223
3.65229464173317
-1.9604542016983
-3.4959586918354
-9.40996025204658
0.407051217556001
8
4.63880287408829
7.09664072394371
-4.02959228157997
-14.6917263805866
3.27169561982155
12.1157177746296
5.35492101311683
-3.61198150515556
8
17.5354687809944
-2.39705132842064
-6.09596174955368
-3.77880121469498
5.91854938268662
4.43035078048707
-0.792527240514757
4.01133224964142
6
7
2.58179387450218
2.41915466785431
-1.4470209479332
8.51823273301124
-10.5216547369957
-3.62651268839836
5.75013849139214
7
-4.64036347866058
-3.95717412233353
-2.09454662799835
2.85034078955651
-5.29237923622131
4.34833827018738
-0.631782519817354
7
5.46910951733589
-0.610516375303269
-1.02402020096779
-1.76059711575508
0.54822031259537
-6.38943653106689
2.87288203835488
7
1.00453960895539
-3.08136259317398
0.326772177219389
0.0101006627082824
-0.415858089923861
-5.04741334915161
7.34108516573906
7
2.32771547436713
-2.50411496758461
-9.42084652781486
5.12477338314056
-8.26613845229149
-1.55040113925934
3.05528575181961
7
-5.3734916627407
-3.26341319084168
3.70793444514274
-2.57809849977493
3.63863117694854
-2.38263976573944
-3.93445341587067
2
7
7.92623277902603
4.85275859236717
6.69913107156754
3.94522144794465
-1.43770645856857
-7.2514694392681
-4.43373952507973
7
-4.92106152176858
4.41493993401527
-0.44857039451599
4.29822052717209
3.34692219495773
13.0007322609425
7.30133325457573
|Explorer2Genome 30
3
6
8
9.91439825892449
-9.92256902456284
-1.91055516004562
1.49860671162605
-11.7556050181389
-10.8383505344391
0.941080462932588
-16.4609202861786
8
-4.52589285969734
8.4849421441555
1.97593002915382
-2.86633788943291
-4.14250855445862
2.13234716057777
1.81016691923142
-6.75794406533242
8
0.50606102347374
-9.4010878264904
-0.600383412837982
6.41308408379555
2.1731247484684
-8.5633062183857
-4.11027803421021
6.34489113688469
8
-0.672994315624239
-1.34598278999328
-0.0932113111019131
4.47042017579078
-0.787832492589952
-5.49541619420052
-9.6075627207756
0.325812882184983
8
4.63322983384132
7.06799451708794
-4.47632127404213
-14.0596998035908
3.7991772711277
12.0090414762497
5.57999890446663
-3.64943043589592
8
17.2352474629879
-2.87340134978294
-6.05824044942856
-3.84216800928116
5.89447423219681
5.5439847946167
-0.516301983594896
3.87491767406464
6
7
0.767156219482421
1.83054785132408
-0.235560119152072
5.29905512928962
-9.16242824196816
-3.54126695394516
5.12259796261788
7
-4.90403215289116
-3.88743175268173
-2.49814267754555
2.57276071310044
-4.84359275698662
4.34833827018738
-0.145397084951403
7
6.04805732369423
-0.264123672246933
-1.44731952548027
-1.66967516541481
1.15066291093827
-6.40057055950165
3.12616232037544
7
0.636152899265292
-2.07461596727371
1.76621245741844
0.908028441667557
-0.936785513162615
-4.41205731034279
7.59060962200165
7
2.38896375298499
-1.93675945401192
-9.41456949710845
4.70427010059357
-8.60637460947037
-1.76420910358429
2.63354536294937
7
-5.87977377772331
-3.38252658843994
3.789445489645
-4.13411943912506
4.86888161301612
-1.85757054686546
-4.39177269935608
2
7
8.70024573802948
5.17780899405479
6.77937611341477
3.86549172997475
-1.99034907221794
-6.52511355876922
-4.86552024483681
7
-5.6130247950554
4.88866882920265
0.0164688587188728
4.54013868570327
3.8498576104641
13.0934813857079
5.6919955432415
|Explorer2Genome 30
3
6
8
9.72800218462945
-9.48403671979905
-1.34016760587692
1.35165956616402
-10.9372122645378
-10.4188902378082
1.47310041189194
-16.4609202861786
8
-4.52589285969734
8.4849421441555
1.97593002915382
-2.86633788943291
-4.14250855445862
2.13234716057777
1.81016691923142
-6.22988949418068
8
1.60262102484703
-9.4010878264904
-0.0445906519889831
6.31638200879097
1.75861967206001
-7.67618926167488
-4.17319478988648
6.09517041444778
8
-1.20827511548996
-1.45540862083434
0.414849001169205
4.47042017579078
-0.787832492589952
-5.49541619420052
-9.6075627207756
0.325812882184983
8
3.55750058293342
7.99528937339783
-4.15249869823455
-13.1712537407875
2.23009443879127
11.2901730358601
5.43663860559463
-3.11668278574944
8
17.2352474629879
-2.87340134978294
-5.61887236833572
-3.84216800928116
5.89447423219681
5.5439847946167
-0.516301983594896
4.08277764320374
6
7
0.767156219482421
1.83054785132408
0.0896596550941433
5.29905512928962
-9.16242824196816
-3.54126695394516
5.12259796261788
7
-4.90219550132751
-3.71458147764206
-2.14876914620399
4.05159629583359
-4.91064260005951
4.1183577299118
-0.0401558041572592
7
5.86226952075958
-0.674958699941636
-1.27486510872841
-2.20028885006904
1.21364452242851
-5.98950400352478
3.77521978020668
7
0.379159152507785
-2.07461596727371
1.76621245741844
1.43197265267372
-1.00545687675476
-4.12284150719643
8.28172445893288
7
2.63811109066009
-0.620399200916289
-9.54184564352035
5.69301297068596
-7.71696643829346
-1.76937569975853
2.98493757843971
7
-4.30612637996673
-2.66342356204987
3.07618789076805
-4.28497794270515
3.2175785779953
-3.05439609885216
-3.37583455443382
2
7
9.22618127465248
3.53833485841751
7.08990151286126
3.49737195372582
-1.79185235500336
-6.70647494792938
-5.69603086113931
7
-5.6130247950554
4.88866882920265
0.0164688587188728
5.18016681075096
3.8498576104641
13.0934813857079
5.6919955432415
|Explorer2Genome 30
3
6
8
8.84292567372323
-8.75591925382614
0.813144874572757
4.86137480139732
-11.2335909247398
-11.1477128207684
2.7288233935833
-17.1068382740021
8
-4.54510942101478
8.33778972029686
1.93692341446877
-3.71175464987755
-5.59186165332795
2.05817186832428
1.98408508896828
-6.52978442311287
8
1.27970732450485
-8.10091504454613
-0.462236773967743
7.16085196733475
1.87336110472679
-7.35822062492371
-3.47514832019806
5.00049366354942
8
0.363406527042387
-0.948894065618508
-0.79985973238945
4.30309342741966
-0.133076107501986
-5.41961618065834
-9.51551690697669
0.769909805059434
8
4.64332674145698
5.96778229475021
-4.88492831587791
-13.2530958414078
1.96259793043137
11.3694480836391
7.11187232732773
-2.05132569074631
8
17.0035463929176
-2.74536070227623
-5.64545520544052
-3.84216800928116
5.75364373922348
5.44341833591462
-1.44757925868034
3.9565871655941
6
7
0.267453098297119
1.59377252459526
0.0160169064998593
4.7708113014698
-9.16242824196816
-4.54216736555099
5.37163075208664
7
-4.67646021842956
-3.51444943547249
-1.19528534412384
3.25221158862114
-5.38266611099243
4.34833827018738
-0.958987271785738
7
6.02362104058266
-0.598742693662644
-1.25997248291969
-1.95632885098457
1.15066291093827
-6.37309601306915
3.23802466988564
7
0.455656093358997
-2.23377074003219
1.63918988704681
1.33798761963844
-1.36542082428932
-4.42857027649879
8.10772786140442
7
3.00390067100524
-0.86324695944786
-9.68773843050003
5.57742542624474
-7.13168797492982
-1.68876242637634
2.13495233654976
7
-5.3734916627407
-3.26341319084168
4.26869251132011
-2.55483981370926
4.29722996950149
-2.77873437404633
-3.93445341587067
2
7
9.31464514136315
4.79877266287803
6.33492978811264
3.89126625657082
-2.34683338999748
-6.18512296676635
-4.86552024483681
7
-6.10608304739
4.84172600507736
0.497349882125855
4.72093037366867
3.53416897654533
12.9610161840916
7.17432858347893
|Explorer2Genome 30
3
6
8
9.96299303770066
-9.85161529779435
-1.02184990644455
1.42131290435791
-11.5201570808887
-10.327646279335
1.16314119100571
-16.9943572461605
8
-5.23192673325538
8.29069082736968
2.0670828640461
-3.23192855715752
-4.20326552391053
1.91347484588623
0.70257211327553
-6.00057487487793
8
0.466007274389268
-9.61036123037338
-0.753638255596161
6.52660303711891
1.39676542878151
-8.30403189659119
-3.54178369045258
6.27644824385643
8
-3.15099885463715
-0.315892148017876
-0.685391920804977
3.31667524576187
-2.96560342907906
-4.46431369781494
-7.78086068630218
1.87590270638466
8
4.11978709697723
6.87620199918747
-5.8091603577137
-14.0603287994862
2.7027741253376
12.1814286231995
5.36569026112556
-1.83271734118462
8
17.5627849698067
-1.97022411227226
-5.64545520544052
-4.51760238409043
5.91854938268662
5.67134600281716
-0.850453299283983
3.67716999053955
6
7
0.655438995361328
1.3463578402996
-0.537455260753635
5.03204365372657
-8.8646583378315
-3.59849499464035
5.44522112607956
7
-4.60858581066131
-3.37643753290177
-1.4652498960495
3.02562016248703
-4.93990421295166
4.02519288063049
-0.536486762762072
7
5.69408319592476
0.0103439152240749
-1.25366580486298
-1.81981471180916
1.64826525449753
-5.79845025539398
3.07235954999924
7
-0.0714621186256378
-3.3032063126564
1.14165415167808
0.977942115068436
0.222816377878187
-4.42646400928497
6.26013469099998
7
2.02169631123542
-1.93096531033516
-9.96124732494354
5.51506308317185
-8.23797454237938
-2.14511890411377
3.05528575181961
7
-4.64643631577491
-3.61666199564934
4.98086290359497
-4.0212158203125
3.62484211921691
-1.93520562052727
-4.32663208842278
2
7
7.79157188534737
3.26265060305595
5.74502193927765
3.03109588027001
-2.26579441428184
-6.1110020160675
-3.98929572105408
7
-5.52944051027299
4.41493993401527
0.0164688587188728
5.24279090166092
3.17376614809036
13.5514333307743
7.30133325457573
|Explorer2Genome 30
3
6
8
9.42240788340569
-8.86652527451516
-0.90857900381088
0.969794827699661
-11.0550692439079
-10.3315545797348
0.500457322597505
-15.9899712324143
8
-4.98207889199257
9.02896623015403
2.71686208844185
-1.89146606326103
-3.71903223991395
2.30580642223358
1.39277664422989
-6.1492536008358
8
1.07006062865257
-9.66638154387474
-0.345620334148407
7.05980895161629
1.53239436745644
-7.84778535366058
-4.17319478988648
5.64175292253494
8
-3.44342812299729
-0.941482228040688
-0.712275952100754
4.31035473942756
-1.54919846057892
-3.70696798563004
-10.0458927690983
0.3894717335701
8
5.07812491059303
7.06799451708794
-4.83701065182686
-13.8321063578129
3.7991772711277
12.0304820537567
5.57999890446663
-3.64943043589592
8
17.0375023007393
-2.89887943863868
-6.53940571546554
-3.67992402911187
5.41040883660317
7.02629008293152
0.0985787332057938
4.18622447252274
6
7
0.812531971931457
1.80941576361656
0.663665312528607
5.56303569078445
-10.0455755829811
-3.18250222206116
3.99113775491715
7
-4.67283646464348
-4.4497946381569
0.063288843631744
2.5186604321003
-6.59873286485672
2.63663626909256
-1.11260587573052
7
5.67739887237549
-0.323077857494355
-1.39140158295631
-1.91561493873596
1.28701229095459
-5.84569268226624
2.18593955636025
7
1.18535171747208
-2.43294521570205
1.28602594733238
0.853080207109451
-0.936785513162615
-4.89009061455727
7.59060962200165
7
2.71150324940681
-2.274862575531
-9.41456949710845
5.05410690307617
-7.84642009139061
-1.45067705512047
3.07980407476425
7
-5.87977377772331
-3.38252658843994
3.789445489645
-4.38710589408874
4.86888161301612
-1.85757054686546
-4.39177269935608
2
7
7.76914318203926
4.0224001288414
7.30155455470086
3.78843731880188
-1.4550487279892
-6.61512305736541
-5.21795229911805
7
-7.26951162815095
3.06649763584137
0.208148455619813
4.51051377654075
3.88862942457199
13.3880611777306
8.05781947970391
|Explorer2Genome 30
3
6
8
9.02852713465691
-9.48403671979905
-1.15291953682899
1.35165956616402
-11.399544274807
-10.7362711131573
1.04753040075302
-16.9476800680161
8
-7.10940607786178
7.2138939499855
-1.03639187812805
-7.15297402739525
-4.98435752987862
7.91731378436088
3.25877386331558
-3.42706697583199
8
1.12421365976334
-8.44013022780419
-0.0716136753559112
6.12243490815163
1.6179762005806
-7.70776674747467
-4.23827826976777
6.1482785820961
8
-0.443896830081941
-1.01080050468444
-0.671884959936142
4.08359200954437
-1.25045089125633
-6.10036111474037
-8.6182744860649
-1.083104377985
8
4.94795013666153
7.37772977352142
-5.50527458786964
-14.5602773249149
3.7991772711277
12.0090414762497
5.53119392991066
-2.80439411997795
8
16.5570085167885
-2.64620047211647
-5.15806837677956
-4.29528516530991
5.95607851147652
6.08635998368263
-0.326097601652147
3.62239060997963
6
7
0.812531971931457
2.35254706740379
0.663665312528607
5.80136356949806
-10.0455755829811
-3.2478640794754
4.14019885659218
7
-5.14036092758179
-4.21516679525376
-2.40845060944557
2.00332559347153
-4.65683690905571
4.34833827018738
-0.200253838300707
7
5.86226952075958
-0.682270115613938
-1.27486510872841
-2.20028885006904
0.704976171255114
-5.98950400352478
3.83567090630532
7
0.292325317859653
-2.07461596727371
1.76621245741844
1.43197265267372
-1.00545687675476
-4.12284150719643
8.75599938035011
7
2.16540372371673
-0.620399200916289
-9.26534395813941
5.1101044356823
-8.08025698661805
-1.76937569975853
2.50088482499123
7
-5.3734916627407
-3.0321831882
4.59552347064018
-3.71899577379226
3.85415382385254
-2.77873437404633
-4.74253568649292
2
7
6.98072835206986
4.91609777808189
6.77937611341477
3.53904194831849
-1.43770645856857
-7.2292381465435
-4.86552024483681
7
-5.6130247950554
4.88866882920265
0.0164688587188728
4.74463094472885
4.13950412273407
13.0934813857079
5.11085411906243
|Explorer2Genome 30
3
6
8
9.19453863501549
-6.31082168221474
-2.68472177386284
1.74234313964844
-8.92452306747437
-8.47703523039818
0.814985489845277
-15.85037342906
8
-4.00470066666603
8.55435842871665
2.97288521528244
-2.43436176180839
-3.71903223991395
2.30580642223358
1.92676755189896
-5.73804249167443
8
0.56118342280388
-8.63550492525101
-1.13096626996994
7.73331526517868
1.54814460277558
-7.70532405972481
-5.79976143836976
4.58976129293442
8
-3.48317976593971
-1.13750199675559
-0.980407464504242
4.26643767952919
-1.86816026568413
-3.97187217473984
-9.48646715283394
0.478751260042192
8
4.44488896131515
6.65895964503288
-4.29186640381813
-13.8981173098087
4.11116724610329
12.4183779001236
5.39279757738113
-2.54502409696579
8
16.6107863783836
-1.83073179125786
-5.48177356123924
-3.88195684552193
3.7051343202591
5.78458913564682
-0.296809613704683
3.58021208643914
6
7
1.21116117835045
2.58493340611458
-1.35884658098221
7.98426943421364
-10.5205905795097
-3.95648784041405
5.36156422495842
7
-4.86227480769157
-2.86589395999909
-0.0916482985019684
1.52748140096665
-6.41989457607269
2.98359557986259
-1.97180801033974
7
6.04805732369423
-0.264123672246933
-1.50889667868614
-1.73360944390297
1.15066291093827
-6.02953658103943
3.12616232037544
7
0.627555543184284
-2.2032720208168
0.385004419088362
0.929550468921661
-0.908803224563601
-5.6293206512928
6.53872973322868
7
2.02169631123542
-2.46140919327736
-10.5332370519638
5.51506308317185
-7.70599550604821
-2.14511890411377
3.05528575181961
7
-6.00823349356651
-2.96143379211426
4.52284340262413
-3.62490064501762
4.86888161301612
-2.03599130511284
-4.38309972286224
2
7
9.22618127465248
3.48146244287491
7.29471620917321
3.73108834624291
-1.79185235500336
-7.18250424861907
-6.19091129899026
7
-6.75669323801995
4.62545409202575
-0.209143990278243
4.21739321351051
3.98937383890152
13.8742087364197
8.16735987663269
|Explorer2Genome 30
3
6
8
9.4264429807663
-9.48403671979905
-1.36120256185531
1.61516171097755
-11.0423637986183
-10.4188902378082
2.01650837659836
-16.7345056772232
8
-4.00470066666603
9.02896623015403
2.74100561738014
-2.43436176180839
-4.28418211936951
1.88619649410247
1.92676755189896
-5.73804249167443
8
1.07006062865257
-9.4010878264904
-0.345620334148407
6.7876472055912
1.23822084069252
-7.67618926167488
-4.17319478988648
6.09517041444778
8
-4.02245382070542
-0.941482228040688
-0.712275952100754
3.94107590913772
-1.9604542016983
-3.99235303997994
-9.48646715283394
0.144890481233598
8
4.31746625900268
6.87620199918747
-5.38189091682434
-13.7646206736565
2.8251996576786
12.1183557987213
5.12726117372513
-1.83271734118462
8
16.3580339729786
-2.64620047211647
-5.64341087937355
-4.29528516530991
5.95607851147652
5.85146329402924
-0.346589821577074
3.62239060997963
6
7
1.24748091697693
1.83054785132408
-0.235560119152072
5.00089669823646
-9.09739468693733
-3.54126695394516
5.02918155789375
7
-5.0786280632019
-3.63360124230385
-1.75670344829559
2.83628179430962
-4.93990421295166
3.93164930343628
-0.958987271785738
7
6.04805732369423
0.277377706766128
-1.44731952548027
-1.66967516541481
1.68274065256119
-6.45328297615051
3.12616232037544
7
0.379159152507785
-2.07461596727371
1.76621245741844
1.43197265267372
-0.775183492898943
-4.12284150719643
8.28172445893288
7
2.96359536647796
-0.86324695944786
-9.08499163389205
5.69301297068596
-7.71696643829346
-1.96663162708283
2.55953043103218
7
-5.58782276511192
-2.79742472171784
4.15840143561363
-4.1710856616497
4.67916896939277
-1.98903426527977
-4.38309972286224
2
7
9.16860712170601
3.70660463571548
7.08990151286126
3.49236502051354
-2.15959551334381
-7.12065458297729
-5.32647023797036
7
-9.17500369548798
4.8667148053646
0.868586689233781
4.87681328058242
3.56887651085853
12.3636487364769
6.10745961666108
|Explorer2Genome 30
3
6
8
8.03475190401078
-5.60422706604004
-3.55440022349357
1.3851996243
-9.07740553021431
-9.37072726488114
1.0441109418869
-14.2046018779278
8
-7.96550487875938
7.5580380320549
-0.382027363777161
-7.15747906565666
-5.47318525910378
6.52958804965019
2.92661154866219
-3.44006896615029
8
-0.594830834865569
-9.87987744212151
-1.29556850194931
6.12547624707222
1.02823198437691
-8.70399637818337
-4.11027803421021
5.58619958162308
8
-3.90483060479164
-1.23204686045646
-0.980407464504242
4.26643767952919
-1.73315109610558
-3.98309453725815
-8.97831929326057
0.490152150392533
8
4.79527057409286
7.18635024428368
-4.05018814206123
-14.6026610910893
3.87866671681404
12.0090414762497
5.57999890446663
-2.72899858355522
8
16.4079090952873
-2.51465975642204
-5.92319179773331
-3.92473148107529
5.91854938268662
6.54525613784791
-0.986426776647569
3.8483594596386
6
7
2.58179387450218
2.26162767410278
-1.32478638887406
8.51823273301124
-9.98694356679916
-3.87635008692741
5.55447534918785
7
-4.81864556670189
-3.70435185432435
0.388252538442612
1.87364434599877
-6.00080978870392
3.76184102892875
-1.81437832713127
7
5.58911033272743
-0.135374277830124
-1.5771949827671
-2.16610592007637
0.0591829419136073
-6.38943653106689
2.87288203835488
7
-2.19047009348869
-0.897685450315472
2.24808280467987
1.94671624302864
-4.21170085072518
-4.63027214407921
5.80608747005462
7
2.78547514081
-1.72370658516884
-9.26889071464538
5.35939684510231
-7.95482841730118
-1.51529656648636
2.63011521100998
7
-5.73732094168663
-3.51437561511994
3.23242456316948
-3.02801996469497
3.96341278553009
-3.338796210289
-4.27717800140381
2
7
8.5838581442833
4.4193210363388
7.15358137488366
4.4166194498539
-1.46077308058739
-6.62370047569274
-4.53431129455567
7
-6.35295011401178
4.79721217155456
-1.16129013895988
3.91529701352119
3.98937383890152
13.8742087364197
7.73505387306214
|Explorer2Genome 30
3
6
8
8.59470071196557
-6.08723838925362
-2.96402198672294
0.21711168885231
-9.07740553021431
-9.67554588913918
1.0441109418869
-13.9068441331387
8
-4.21845591664314
8.39522818922996
1.93478193879128
-2.34578892588615
-4.50473716259003
2.04883139729499
1.57750383019448
-6.37537481784821
8
0.811835926771165
-9.9486352622509
-0.345620334148407
6.97813566923142
1.83274512887001
-7.47833629250527
-4.17319478988648
6.09517041444778
8
-0.864931833744051
-0.465702462196343
-1.19166588187218
3.82779383063316
-0.903042882680895
-6.08723867535591
-9.21079405546188
-0.776423174142837
8
3.95857008099556
6.98775535821915
-6.18759272694587
-13.9678154587746
3.85558072924614
11.6473661184311
6.19540774822235
-0.0526464402675648
8
16.4968191206455
-2.17772496938705
-6.33201867341995
-4.07415076494217
4.60978602170944
5.29517548680306
0.188926655054091
3.5102650642395
6
7
2.58179387450218
2.41915466785431
-1.25910230875016
8.75735229253769
-9.51025894880295
-3.62651268839836
5.57851652503014
7
-4.80377101898193
-3.88743175268173
-2.22696040272713
2.57276071310044
-4.58752626776695
4.34833827018738
-0.145397084951403
7
5.89925037026405
-0.125330370664597
-1.45475736260414
-1.76059711575508
0.620243990421298
-6.38943653106689
2.87288203835488
7
1.00453960895539
-3.28430494666099
0.420046246051787
0.51245995759964
-1.1881388604641
-5.28641977310181
6.88947219252586
7
2.81306119561195
-2.22902319431305
-9.41456949710845
5.59154877662659
-8.23797454237938
-2.08584344387055
3.05528575181961
7
-5.63109309077262
-3.68276433944702
3.51988491415977
-2.23366740345955
3.87801332473755
-2.38263976573944
-4.36109931468964
2
7
7.66798483133316
4.47103568911552
6.39359077215195
3.96653835773469
-1.14927720427513
-5.58720278739929
-5.23792629837991
7
-5.6130247950554
4.88866882920265
0.0164688587188728
4.94142175912857
3.8498576104641
12.6410881400108
5.6919955432415
|Explorer2Genome 30
3
6
8
9.23840426802636
-9.23887496590615
-0.902084481716153
1.61516171097755
-11.3970263600349
-10.3232169866562
1.73345185518265
-16.4609202861786
8
-4.77872696518898
8.19733130335807
2.21696813702583
-2.89538778662681
-4.23449552059174
1.10011184215545
1.56627960801125
-6.52978442311287
8
1.39541217088699
-8.36313909888268
0.0274479568004609
6.97102159261704
1.48774878382683
-7.91912057995796
-4.26711394786835
5.601164072752
8
-3.51749821901322
-1.75888792872428
-1.26509310603142
3.11217885613441
-1.88153538703919
-3.7568465590477
-9.28298054337501
0.407051217556001
8
4.2194071829319
6.08521262407303
-4.42617816329002
-12.4944350063801
2.21952875256538
11.3506814181805
7.11187232732773
-2.46289871931076
8
17.5354687809944
-2.96405007243156
-6.09596174955368
-3.8006951212883
6.34235321283341
5.5439847946167
-1.03688291907311
4.04696207046509
6
7
1.51240323781967
1.0482569873333
0.973039311170575
5.72130229473114
-9.5160139143467
-5.1064327955246
4.29696537256241
7
-4.74754812717438
-3.4913163125515
-1.91188161373138
2.52709048986435
-4.65097554922104
4.27190952897072
-0.498400771617891
7
6.03956094384193
-0.614907330274582
-1.83392515778542
-2.4196117401123
1.23793045878411
-6.38943653106689
3.46153162717819
7
-2.59017357826233
-0.671871525049206
3.0329963684082
-0.141481035947799
-3.82537670731545
-5.55540887713432
5.79371569156646
7
2.51346747875213
-0.97224107980728
-9.58568338155746
5.27068263888359
-7.95115897655488
-1.87766017913818
1.96695635914803
7
-6.33624562621116
-3.71341834068298
4.26869251132011
-3.07518628835678
3.96341278553009
-2.77873437404633
-3.55050256252289
2
7
9.29818857312203
2.2685663819313
7.08990151286126
3.09992071986199
-1.45720579624176
-6.41456765532493
-5.50134761929513
7
-5.66844590306283
4.26783843636512
0.0164688587188728
4.94146624803543
4.4295335650444
13.0007322609425
7.04346952438355
|Explorer2Genome 30
3
6
8
8.03475190401078
-5.26017088890076
-3.55440022349357
1.3851996243
-9.07740553021431
-9.37072726488114
1.0441109418869
-14.2046018779278
8
-4.00470066666603
9.02896623015403
3.17754092812538
-2.13259980082512
-3.71903223991395
2.30580642223358
1.92676755189896
-6.05690492987633
8
1.07006062865257
-9.4010878264904
-0.345620334148407
6.26877751946449
1.75861967206001
-7.67618926167488
-4.17319478988648
5.30564495325088
8
-3.90483060479164
-1.23204686045646
-0.980407464504242
4.26643767952919
-1.73315109610558
-3.98309453725815
-8.97831929326057
0.490152150392533
8
4.79527057409286
7.18635024428368
-4.05018814206123
-14.6026610910893
3.87866671681404
12.0090414762497
5.73804050683975
-3.01251959204674
8
16.3580339729786
-2.64620047211647
-5.09622157216072
-4.19428011178971
6.37261770367623
5.85146329402924
0.221214514970778
4.17404933571816
6
7
2.58179387450218
2.26162767410278
-1.32478638887406
8.51823273301124
-9.98694356679916
-3.87635008692741
5.55447534918785
7
-5.14036092758179
-3.89677106142044
-2.22696040272713
2.57276071310044
-4.88802394270897
3.85866432189941
-0.145397084951403
7
5.58911033272743
-0.135374277830124
-1.58889120221138
-2.16610592007637
0.0591829419136073
-6.38943653106689
2.87288203835488
7
-0.146129667758939
-2.07461596727371
1.98141057491302
1.43197265267372
-0.858070403337481
-4.12284150719643
8.28172445893288
7
2.96359536647796
-1.04766384959221
-9.54184564352035
5.47819585204125
-7.76295859813691
-2.0102826833725
2.55953043103218
7
-5.73732094168663
-3.51437561511994
3.23242456316948
-3.02801996469497
4.55897161960601
-3.338796210289
-4.27717800140381
2
7
8.5838581442833
4.4193210363388
7.15358137488366
4.4166194498539
-0.919298022985457
-6.83886606693267
-4.53431129455567
7
-6.35295011401178
4.63764054775238
-1.16129013895988
3.91529701352119
3.72131623029709
13.8742087364197
7.73505387306214
|Explorer2Genome 30
3
6
8
8.03475190401078
-6.06632946133614
-3.6190180003643
1.5085411131382
-9.07740553021431
-9.37072726488114
1.43113217353821
-14.1202287375927
8
-5.23192673325538
8.4861616551876
2.0670828640461
-2.82189905047417
-3.99660641551018
1.91347484588623
0.70257211327553
-6.00057487487793
8
0.623287093639375
-8.48614135980606
-1.39725463986397
7.83278087377548
1.6179762005806
-7.70776674747467
-4.50112080574036
6.07895440459251
8
-4.1309345304966
-0.941482228040688
-0.821784108877182
4.21267054677009
-1.9604542016983
-3.70696798563004
-9.80350182652473
0.366201603412629
8
3.81506083011627
7.33122781515122
-4.68669107556343
-14.0603287994862
2.7027741253376
12.1814286231995
5.36569026112556
-1.83271734118462
8
16.2402180492878
-2.08188626170158
-5.5381513774395
-3.72156010270119
5.72611722946167
4.57130706906319
-0.668414938449861
3.5444199025631
6
7
0.0881165802478783
2.17271453738212
-1.05998369455338
5.73465240001678
-9.14018707871437
-4.54211003780365
5.2448453783989
7
-4.60858581066131
-3.77394033670426
-1.67805348038673
3.02562016248703
-4.93990421295166
4.02519288063049
-0.536486762762072
7
5.73082581162453
-0.0749229550361638
-1.5047810792923
-1.66782701611519
1.15066291093827
-5.86254110336304
3.12616232037544
7
0.921062576770786
-1.5149441242218
1.5158165872097
1.52854045629501
-1.91471843719483
-3.86441624760628
8.40341758728027
7
2.02169631123542
-1.93096531033516
-9.96124732494354
5.51506308317185
-8.23797454237938
-2.44115660190582
3.05528575181961
7
-4.64643631577491
-3.61666199564934
4.73655216097832
-4.38750386238098
3.62484211921691
-1.93520562052727
-3.94243833422661
2
7
9.45611675381661
3.70660463571548
7.53588821291924
3.4360173881054
-1.79185235500336
-6.70647494792938
-5.02011876702309
7
-6.34831420183183
4.03572364449501
0.37483692765236
5.30677796602249
4.41390435099602
13.1569170773029
7.30877005457878
|Explorer2Genome 30
3
6
8
8.03475190401078
-5.75610216259957
-3.39108074903488
1.15072613358498
-9.27230034470558
-8.8341289639473
0.853753280639649
-13.9068441331387
8
-4.47056060433388
8.4849421441555
2.36106191277504
-2.55088793635368
-4.72601296901703
1.88984379768371
1.31971908211708
-6.56988230347634
8
0.622209918498994
-8.50294028520584
-1.43968289494514
7.06802874207497
1.49936133623123
-7.17660524845123
-4.66191909313202
6.090302079916
8
-3.07615964412689
-1.23911609053611
-1.46061076521873
4.14160445332527
-2.55820772647858
-4.1094047665596
-10.3306452333927
0.366201603412629
8
4.37603397369385
6.87620199918747
-5.52337713837623
-13.9719640851021
3.52899106144905
11.6218394994736
5.68691318631172
-2.20597656965256
8
16.1507905364037
-1.83073179125786
-4.11157166361809
-3.75225787758828
3.90128040313721
5.43136295080185
-0.296809613704683
3.5562143266201
6
7
1.16623437404633
1.29657103419304
0.415020549297329
5.88973677754402
-9.9545456290245
-3.34002027511597
3.87262111306191
7
-5.6151597738266
-3.61899657845497
-2.22696040272713
3.05996946096421
-4.9127810895443
4.34833827018738
0.197717958688734
7
5.17728962898254
-0.565847724676133
-1.7147795021534
-1.49881110191345
1.62396790981293
-4.89368645548821
2.58582180142403
7
-0.608769094943997
-2.73824061155319
1.34534823894501
0.827754414081574
0.505562710762022
-4.42646400928497
6.06158198714256
7
2.2734066069126
-1.72370658516884
-9.41456949710845
4.8320125579834
-8.35030238032341
-1.5553354382515
3.05528575181961
7
-5.69979104399681
-3.22119164466858
4.15844578146934
-4.92088369131088
4.01360254883766
-1.61261918544769
-3.55275620818138
2
7
7.1962816298008
4.06243757009506
7.25817100405693
2.80926358699799
-1.81094524860382
-6.62874846458434
-4.25341470241547
7
-5.37406201958657
4.16388917565345
0.563099032640458
5.18467563986778
3.68480013608932
13.2414736092091
8.09727935194969
|Explorer2Genome 30
3
6
8
9.07360693216324
-7.03016330003738
0.19461404681206
3.81770182847977
-11.0893230736256
-9.50435241460801
3.62952961921692
-17.807931303978
8
-4.00470066666603
9.02896623015403
2.97288521528244
-2.43436176180839
-3.71903223991395
2.30580642223358
1.9502601981163
-5.73804249167443
8
1.02514723539352
-9.0113046348095
-1.3386322081089
6.34830151200295
0.991940462589265
-7.70776674747467
-3.78437640666962
6.16156367063522
8
-3.48317976593971
-1.40060488581657
-0.980407464504242
4.26643767952919
-1.48482725024223
-3.70696798563004
-9.48646715283394
0.144890481233598
8
4.10398836731911
6.34784158468247
-7.50852852463722
-14.1222908318043
2.25371060967445
10.3780184268951
6.21295479536056
-1.77744373679161
8
15.8799983799457
-2.64620047211647
-5.44522603154182
-4.29528516530991
5.95607851147652
5.95188083648682
-0.346589821577074
3.62239060997963
6
7
1.32851079106331
1.57149860262871
-0.136224043369297
5.29905512928962
-9.45852473378182
-2.86924726366997
4.72890461087227
7
-5.21615543365478
-3.88743175268173
-2.22696040272713
2.57276071310044
-4.58752626776695
4.34833827018738
-0.145397084951403
7
6.04805732369423
-0.500750082731247
-1.5248025894165
-0.809131175279615
0.946828544139865
-6.95382294654846
3.12616232037544
7
0.379159152507785
-1.98015809655189
2.15452536940574
1.43197265267372
-1.39041135907173
-4.53208523392677
8.31065519452095
7
2.96359536647796
-0.86324695944786
-9.10733393430709
5.41372913718224
-7.71696643829346
-1.56182591915131
2.55953043103218
7
-4.34608943462371
-3.62009198665619
3.60667576193809
-4.47612075805664
3.04531488418579
-3.47947759032249
-3.22670367956162
2
7
9.22618127465248
3.44173091650009
6.9509770333767
3.4360173881054
-1.78762226104736
-6.70647494792938
-5.63484516739846
7
-5.55079733133317
4.88866882920265
0.0164688587188728
4.93396614789962
3.8498576104641
13.4475160241127
6.14842798113823
|Explorer2Genome 30
3
6
8
9.42240788340569
-8.88926404118538
-0.500728595256803
1.30547392964363
-11.0550692439079
-10.6568132638931
0.796292603015901
-15.9899712324143
8
-3.94742663502693
8.89027492403983
2.74100561738014
-2.43436176180839
-3.81740186214448
2.40025715827941
1.92676755189896
-5.63275021314621
8
1.02520109415054
-8.98814560174942
-0.635731154680252
6.32708817124367
1.48495930433273
-7.70776674747467
-4.23827826976777
5.96306539773941
8
-0.443896830081941
-0.465702462196343
-0.671884959936142
3.82779383063316
-1.21191985011101
-5.49541619420052
-9.21079405546188
-0.377152973413466
8
3.74001508951187
7.94509508609772
-4.60277378559112
-13.0659499287605
2.18975437283516
11.1140135765076
5.42162538766861
-3.11668278574944
8
16.9269912302494
-2.64620047211647
-4.88927285671234
-4.01558805704117
5.95607851147652
6.63944637775421
0.145118457078932
3.62239060997963
6
7
0.767156219482421
2.13656873106956
-0.235560119152072
4.60060124993324
-9.16242824196816
-3.24850035309791
5.12259796261788
7
-4.74796285033226
-4.21713927388192
-0.338091361522675
2.5186604321003
-6.59873286485672
2.63663626909256
-1.54856926798821
7
5.67739887237549
-0.600534266233445
-1.1258586704731
-1.91561493873596
1.28701229095459
-5.84569268226624
2.44000776410103
7
0.772817099094394
-1.77257793545723
1.0885273873806
1.03748878240585
-1.68454872965813
-3.85483468174934
8.32707068920135
7
2.96359536647796
-0.86324695944786
-9.88517225980758
5.69301297068596
-8.1193398475647
-2.0102826833725
3.08859480023384
7
-5.3734916627407
-3.26341319084168
4.26394035220146
-3.02801996469497
4.14527533650398
-2.77873437404633
-3.93445341587067
2
7
9.35294612050057
3.44173091650009
7.08990151286126
3.4360173881054
-1.79185235500336
-6.70647494792938
-5.32647023797036
7
-7.26951162815095
3.06649763584137
-0.214765739440917
4.49417998194694
3.42628883123398
13.3880611777306
8.05781947970391
|Explorer2Genome 30
3
6
8
9.23840426802636
-10.0278279185295
-1.13292928338051
1.61516171097755
-10.8041544556618
-10.4188902378082
2.01650837659836
-16.4609202861786
8
-7.96550487875938
7.5580380320549
-0.382027363777161
-7.15747906565666
-5.47318525910378
6.52958804965019
3.34547246098519
-3.44006896615029
8
-0.594830834865569
-9.87987744212151
-1.29556850194931
6.12547624707222
1.02823198437691
-8.70399637818337
-4.11027803421021
5.58619958162308
8
-0.114902651309969
-0.465702462196343
-0.109770786762237
3.82779383063316
-1.19026634097099
-6.08723867535591
-8.9567010462284
-0.776423174142837
8
3.55750058293342
7.99528937339783
-4.15249869823455
-13.1712537407875
2.43534463644028
10.8020768165588
5.27962781190872
-3.11668278574944
8
16.4079090952873
-1.94965507388115
-5.92319179773331
-4.20945082902909
5.38139003515244
6.54525613784791
-0.986426776647569
3.8483594596386
6
7
0.192031097412109
2.13656873106956
-0.235560119152072
5.00089669823646
-9.74856529831886
-3.54126695394516
5.12259796261788
7
-4.81864556670189
-3.70435185432435
0.388252538442612
1.87364434599877
-6.00080978870392
3.76184102892875
-1.81437832713127
7
6.04805732369423
-0.264123672246933
-1.44731952548027
-1.66967516541481
1.15066291093827
-6.45328297615051
3.02860308289528
7
-2.19047009348869
-0.897685450315472
2.24808280467987
1.94671624302864
-4.21170085072518
-4.63027214407921
5.80608747005462
7
2.78547514081
-1.72370658516884
-9.26889071464538
4.87088990807533
-7.95482841730118
-1.84293862581253
2.63011521100998
7
-5.36355434656143
-2.79742472171784
4.15840143561363
-3.62490064501762
4.96942289471626
-1.98903426527977
-4.38309972286224
2
7
8.95244682431221
3.44173091650009
7.58844506144524
3.4360173881054
-1.7948625087738
-6.95757355690002
-5.32647023797036
7
-5.6130247950554
4.93552716374397
0.580256175994874
4.94142175912857
3.8498576104641
13.3004384696484
5.920241355896
|Explorer2Genome 30
3
6
8
9.91439825892449
-9.92256902456284
-1.91055516004562
1.61516171097755
-11.7556050181389
-10.4188902378082
0.941080462932588
-16.4609202861786
8
-4.52589285969734
8.47045699954032
1.97593002915382
-2.86633788943291
-4.14250855445862
2.13234716057777
1.81016691923142
-6.22988949418068
8
0.0140345990657814
-9.61036123037338
-0.169052517414093
6.52660303711891
1.39676542878151
-8.30403189659119
-4.04635512828827
6.30677773356438
8
-0.672994315624239
-0.921599531173699
-0.0932113111019131
4.47042017579078
-0.787832492589952
-5.49541619420052
-9.6075627207756
0.325812882184983
8
3.9268329501152
7.612149477005
-4.14042802453041
-14.9082922279835
3.80087042450905
13.037300992012
5.12933357357979
-2.55088847875595
8
16.5721835255623
-2.3668938934803
-5.92319179773331
-4.16156774759293
4.87529095411301
6.20514658093453
-1.462110465765
3.8483594596386
6
7
1.4004645884037
2.17976030707359
0.415020549297329
5.87025786042213
-10.0455755829811
-3.39065902233124
3.80827906727791
7
-4.74754812717438
-3.26346052885056
-2.25554459691048
3.53706048727036
-5.0745099067688
4.1183577299118
-0.552113687992098
7
5.57618852257728
-0.264123672246933
-1.68894169330597
-2.20028885006904
1.15066291093827
-6.518270611763
2.97563875317574
7
0.379159152507785
-2.83465059399604
1.76621245741844
1.8100333750248
-0.796047788858416
-4.48180039525032
8.09670941829681
7
2.42414398193358
-0.86324695944786
-9.68773843050003
5.69301297068596
-7.71696643829346
-1.932510638237
2.46254726052284
7
-4.38986937999725
-2.28181352615357
3.60667576193809
-4.28497794270515
3.44413003921508
-3.05439609885216
-3.37583455443382
2
7
9.45611675381661
2.88025194406509
7.08990151286126
3.91687287688256
-1.62755941748619
-7.07557723522186
-4.98357105851174
7
-8.32687489986421
2.89719688892364
-3.31575405597687
5.29258412718773
3.89437848925591
14.5655349135399
8.0287712097168
|Explorer2Genome 30
3
6
8
8.03475190401078
-5.60422706604004
-3.55440022349357
1.47746282219887
-8.64882615208626
-9.18633993268014
1.0441109418869
-13.6238627135754
8
-7.96550487875938
7.5580380320549
-0.382027363777161
-7.15747906565666
-5.47318525910378
6.52958804965019
2.92661154866219
-3.2268091917038
8
-0.594830834865569
-9.87987744212151
-1.78758004903793
6.12547624707222
1.02823198437691
-8.70399637818337
-4.11027803421021
5.58619958162308
8
-3.90483060479164
-1.23204686045646
-0.980407464504242
4.46390203237533
-1.73315109610558
-3.98309453725815
-8.97831929326057
0.490152150392533
8
4.79527057409286
7.18635024428368
-4.05018814206123
-14.6026610910893
3.87866671681404
12.0090414762497
5.57999890446663
-2.72899858355522
8
16.4522379994392
-2.51465975642204
-5.92319179773331
-3.92473148107529
5.91854938268662
6.54525613784791
-0.986426776647569
3.8483594596386
6
7
2.58179387450218
2.26162767410278
-0.733513081073764
8.51823273301124
-10.2989203810692
-3.87635008692741
5.55447534918785
7
-4.81864556670189
-3.32162737846375
0.388252538442612
1.87364434599877
-6.00080978870392
3.76184102892875
-1.81437832713127
7
5.31229928135872
-0.135374277830124
-1.5771949827671
-2.16610592007637
0.0455167651176478
-6.20876609683037
2.87288203835488
7
-2.19047009348869
-0.897685450315472
2.24808280467987
1.94671624302864
-4.21170085072518
-4.63027214407921
5.80608747005462
7
2.43347604870795
-1.72370658516884
-9.26889071464538
5.35939684510231
-7.95482841730118
-1.51529656648636
2.63011521100998
7
-5.3734916627407
-3.26341319084168
4.39641787409782
-3.02801996469497
3.87801332473755
-3.36747868061066
-3.93445341587067
2
7
7.71013651490212
4.0224001288414
7.30155455470086
2.802831864357
-1.4550487279892
-6.62874846458434
-4.8290361404419
7
-6.35295011401178
5.05179112553596
-1.16129013895988
3.61649270653724
3.98937383890152
13.8742087364197
7.73505387306214
|Explorer2Genome 30
3
6
8
8.85351814627648
-5.75610216259957
-3.41675948500633
1.68294299244881
-8.70000293254853
-9.16168678402901
1.63854796886444
-13.561468398571
8
-4.64670813679695
8.31286534667015
2.65408731102943
-2.86633788943291
-4.72243626117707
1.88984379768371
1.47660327553749
-6.30580818653107
8
1.60026663541794
-8.41567649245263
-0.698306715488434
7.16085196733475
1.33940181136131
-7.91912057995796
-4.46679196357728
5.601164072752
8
-3.12597159147263
-1.74576627612113
-0.980407464504242
4.26643767952919
-1.00158711671829
-3.69452963471413
-9.48646715283394
-0.107193034887313
8
4.98349927663803
7.06799451708794
-4.18174048066139
-13.9103575527668
4.23837383389473
12.3464075803757
5.45230579972267
-2.72899858355522
8
16.4968191206455
-2.45668193101883
-6.83696174025536
-5.18165804147721
4.42429276108742
4.88737097978592
0.788558155298232
4.05313528180123
6
7
0.757939147949218
1.80941576361656
0.663665312528607
5.80136356949806
-10.0162524580955
-3.03139001727104
4.2338559448719
7
-4.83897483348846
-4.5472568154335
-2.45921096801758
2.83264951109886
-4.93990421295166
4.20069332122802
-0.631782519817354
7
5.86226952075958
-0.66046770811081
-1.81622107625008
-2.52424755692482
0.767984926700594
-6.89112877845764
3.81296139359474
7
0.899333178997043
-1.77257793545723
1.15750486254692
1.52854045629501
-1.91471843719483
-3.85483468174934
8.32707068920135
7
3.29034891724586
-2.45948631763458
-9.41456949710845
5.12477338314056
-8.41126999258995
-1.45067705512047
3.2255518078804
7
-5.3734916627407
-3.0321831882
3.70883452296257
-3.33097933530807
3.85415382385254
-2.77873437404633
-4.71590492725372
2
7
6.98072835206986
4.91609777808189
6.77937611341477
3.63967649936677
-1.43770645856857
-7.2292381465435
-4.86552024483681
7
-6.53045314550401
4.72133791446685
-1.3228332221508
3.91295490860939
3.27532073259354
14.2585702896118
7.78511111736298
|Explorer2Genome 30
3
6
8
9.91439825892449
-9.48403671979905
-1.91055516004562
1.69950087666511
-11.4870434403419
-10.4433632135391
1.1307292163372
-16.3129734277725
8
-4.47188477516174
8.33957278132438
2.3441030561924
-3.01186711192131
-4.15234768390656
0.80291321277618
1.59082625508309
-6.61722238063813
8
1.02514723539352
-8.26722359061241
-1.3386322081089
7.21952033638954
0.599922436475755
-7.70776674747467
-4.23827826976777
6.16156367063522
8
-2.98419894576073
0.13776988983155
-0.615339130163192
3.31667524576187
-2.96560342907906
-4.46431369781494
-7.78086068630218
1.55887890458107
8
3.42027199268341
6.6185206592083
-6.57569935917854
-15.3711210370064
2.30792878270149
10.8766838550568
5.89447687864303
-0.260466998815538
8
17.5354687809944
-2.51465975642204
-6.09596174955368
-3.90473521947861
5.91854938268662
5.5439847946167
-0.605446094274522
4.04696207046509
6
7
0.27323408126831
2.27590355277061
0.344119179248806
4.91718381047248
-8.97906134724617
-3.16635512709618
4.48060379624367
7
-4.10591931343078
-3.88743175268173
-1.67805348038673
2.72154392004013
-5.51368079185486
4.77391221523285
-0.903992027044298
7
5.86226952075958
0.0107003092765803
-1.81622107625008
-2.45853021740913
1.1136553645134
-6.38943653106689
3.81296139359474
7
1.26612538695336
-1.77257793545723
0.902751439809798
1.20940178632736
-2.4273419380188
-4.74106686711311
8.67208902835846
7
2.81306119561195
-2.43373888134956
-9.36262755393981
5.12477338314056
-8.23797454237938
-1.72936270236969
4.40804377794266
7
-5.36969528198242
-4.06514184474945
4.72324046492576
-4.34947927594185
3.89083503484726
-2.32281727790832
-3.53353419303894
2
7
8.5838581442833
4.4193210363388
7.15358137488366
3.90304122567177
-1.46077308058739
-6.62370047569274
-4.71299231648446
7
-6.3010815024376
4.21138280034065
0.0164688587188728
5.53158906698227
3.4465926527977
13.0007322609425
6.82537805438042
|Explorer2Genome 30
3
6
8
9.42240788340569
-8.86652527451516
-0.90857900381088
1.30547392964363
-11.0550692439079
-10.7271164655685
0.796292603015901
-15.9899712324143
8
-7.39208093881607
7.2138939499855
-0.878641670942307
-7.15297402739525
-5.88793509602547
7.70171709060668
2.8193087220192
-2.93012345433236
8
1.02520109415054
-9.2730651319027
-0.635731154680252
6.68940790295601
1.48495930433273
-7.70776674747467
-3.89621765613556
5.96306539773941
8
-3.44342812299729
-0.474138706922524
-0.712275952100754
4.31035473942756
-1.54919846057892
-3.70696798563004
-10.6454361498356
0.144890481233598
8
4.07243534326553
7.15762056708336
-3.99275797009468
-14.6448777735233
3.94079654812813
12.0248981952667
5.20770686268806
-2.72899858355522
8
16.6151854157448
-2.89887943863868
-6.53940571546554
-3.67992402911187
5.41040883660317
6.37013499736786
-0.574302804470064
4.18622447252274
6
7
0.812531971931457
1.80941576361656
0.663665312528607
5.87339575886726
-10.0455755829811
-3.18250222206116
3.80827906727791
7
-4.74796285033226
-4.98909145593644
-0.112210184335709
2.5186604321003
-6.59873286485672
2.63663626909256
-1.54856926798821
7
5.57150633335113
-0.600534266233445
-1.1258586704731
-2.1789368391037
1.28701229095459
-5.84569268226624
2.44000776410103
7
0.899333178997043
-1.77257793545723
1.0885273873806
1.03748878240585
-1.68454872965813
-3.42198665738106
7.96792204380035
7
2.81306119561195
-2.274862575531
-9.41456949710845
5.05410690307617
-8.18476144671441
-1.45067705512047
3.2255518078804
7
-5.74617015719413
-4.04161894321442
3.23242456316948
-3.02801996469497
3.96341278553009
-3.338796210289
-4.27717800140381
2
7
8.3400049328804
4.4193210363388
7.19197480082512
4.4166194498539
-1.46077308058739
-6.62370047569274
-4.53431129455567
7
-7.26951162815095
3.06649763584137
-0.330930638313293
4.51051377654075
3.42628883123398
13.3880611777306
8.05781947970391
