50
1611
|Explorer2Genome 30
3
6
8
-11.7419732093811
-2.61611207127571
-6.55583388209343
-0.393822991847987
-7.76948793530464
-3.46553258895874
-1.38185694217682
-2.14500551223755
8
2.19285366535187
5.31145323514938
-2.64392715096474
1.6238776743412
-2.94947999715805
-4.15291250944138
6.00436117649078
-2.83938429951668
8
7.94839769601822
4.83728811740875
0.0583176255226139
-0.596540194749831
-2.08118078708649
3.6355638384819
1.23166367411613
-6.91566458940506
8
8.45080168247223
1.16090670228004
2.84614304900169
-9.17240616679192
-3.84002777338028
-1.84025288820267
-2.66172767281532
-8.39834801554679
8
-1.07952548861504
2.9334731221199
0.46035562157631
14.8907931864262
0.758197492361067
-4.4551146030426
-3.11022899150848
-0.148202258348464
8
1.89387778639793
1.38628522753716
4.65219037532806
8.132179915905
-0.772011250257491
1.15868917107582
0.897853893041612
-0.952420455217361
6
7
7.07492505311966
1.21987180709839
3.31190977692604
-2.79696422815323
9.97919365167619
7.16935718059541
-8.67585397958755
7
5.92673332095146
4.86750731468201
-1.94475024342537
9.56859869360923
-0.399921816587448
-3.60447238087654
8.59550452232361
7
1.17584644556045
-0.699287945032119
-4.76268702149391
-4.1295457482338
3.20895969867707
4.12008173465729
3.81337303519249
7
0.329810696840285
1.80157552957535
9.94812091588974
2.21920745372772
-6.60510872602463
-4.36586990356446
5.41988576054574
7
-4.97695564031601
-11.2786783337593
-5.84739801287651
4.01207169294357
5.39133176207542
-6.25627085566521
-1.37832632064819
7
2.83686540126801
3.16424048542976
5.99869154691696
-1.63699043989182
-1.20483675003052
6.71760102510452
3.19304718375206
2
7
10.5213409662247
-5.58389562368393
-0.413216209411625
-9.55215038061142
-0.961101472377777
-5.1628607571125
2.36259806752205
7
7.41803500056268
1.89153145551682
2.80214713215828
-8.13759316802024
-3.25885109305382
1.71716591715813
3.48538901209831
|Explorer2Genome 30
3
6
8
-11.7419732093811
-2.61611207127571
-6.55583388209343
-0.393822991847987
-7.76948793530464
-3.46553258895874
-1.38185694217682
-2.14500551223755
8
2.19285366535187
5.31145323514938
-2.64392715096474
1.6238776743412
-2.94947999715805
-4.15291250944138
6.00436117649078
-2.83938429951668
8
7.94839769601822
4.83728811740875
0.0583176255226139
-0.596540194749831
-2.08118078708649
3.6355638384819
1.23166367411613
-6.91566458940506
8
8.45080168247223
1.16090670228004
2.84614304900169
-9.17240616679192
-3.84002777338028
-1.84025288820267
-2.66172767281532
-8.39834801554679
8
-1.07952548861504
2.9334731221199
0.46035562157631
14.8907931864262
0.758197492361067
-4.4551146030426
-3.11022899150848
-0.148202258348464
8
1.89387778639793
1.38628522753716
4.65219037532806
8.132179915905
-0.772011250257491
1.15868917107582
0.897853893041612
-0.952420455217361
6
7
7.07492505311966
1.21987180709839
3.31190977692604
-2.79696422815323
9.97919365167619
7.16935718059541
-8.67585397958755
7
5.92673332095146
4.86750731468201
-1.94475024342537
9.56859869360923
-0.399921816587448
-3.60447238087654
8.59550452232361
7
1.17584644556045
-0.699287945032119
-4.76268702149391
-4.1295457482338
3.20895969867707
4.12008173465729
3.81337303519249
7
0.329810696840285
1.80157552957535
9.94812091588974
2.21920745372772
-6.60510872602463
-4.36586990356446
5.41988576054574
7
-4.97695564031601
-11.2786783337593
-5.84739801287651
4.01207169294357
5.39133176207542
-6.25627085566521
-1.37832632064819
7
2.83686540126801
3.16424048542976
5.99869154691696
-1.63699043989182
-1.20483675003052
6.71760102510452
3.19304718375206
2
7
10.5213409662247
-5.58389562368393
-0.413216209411625
-9.55215038061142
-0.961101472377777
-5.1628607571125
2.36259806752205
7
7.41803500056268
1.89153145551682
2.80214713215828
-8.13759316802024
-3.25885109305382
1.71716591715813
3.48538901209831
|Explorer2Genome 30
3
6
8
-12.1102970123291
-2.61611207127571
-6.55583388209343
-0.393822991847987
-7.76948793530464
-3.46553258895874
-0.983851885795595
-2.14500551223755
8
2.19285366535187
5.31145323514938
-2.64392715096474
1.45710585713387
-2.94947999715805
-4.15291250944138
6.00436117649078
-2.83938429951668
8
7.94839769601822
4.83728811740875
0.0583176255226139
-0.249392682313918
-2.08118078708649
3.6355638384819
1.23166367411613
-6.91566458940506
8
8.00871650576591
-0.311452525854111
2.6889045894146
-10.2028804183006
-3.95659874081611
-3.60360001921654
-2.18342922329902
-6.95863041281699
8
-1.6900237262249
3.68456946611404
-0.00369058847427327
12.5090742826462
1.00833175778389
-5.32361423969269
-5.21651000976563
0.668909597396851
8
1.89387778639793
1.38628522753716
4.65219037532806
8.132179915905
-0.772011250257491
1.15868917107582
0.897853893041612
-0.728574466705322
6
7
7.07492505311966
0.706633901596069
3.12596409916878
-2.79696422815323
9.97919365167619
7.16935718059541
-8.67585397958755
7
6.21495146751404
5.34525866508484
-2.05879456996918
9.2272370994091
-0.714185732603073
-3.60447238087654
8.59550452232361
7
-0.295487463474276
-0.153195768594742
-3.23862363696098
-3.1225386440754
1.06405501365662
6.91618326306343
8.98850339055062
7
0.329810696840285
1.80157552957535
9.94812091588974
2.21920745372772
-6.60510872602463
-4.36586990356446
5.41988576054574
7
-4.97695564031601
-10.6979739308357
-5.61453465223312
4.01207169294357
5.28180515170097
-6.25627085566521
-1.37832632064819
7
2.83686540126801
3.16424048542976
5.99869154691696
-1.63699043989182
-1.67147402763367
6.71760102510452
3.19304718375206
2
7
9.80526273846626
-6.2587750852108
0.260829567909237
-12.1411033153534
-1.746703094244
-4.65143448710442
3.93369191288948
7
7.63605782389642
1.41952511072159
3.58358591198921
-6.86107510924339
-4.65377652049064
1.26282982230187
3.05771500468254
|Explorer2Genome 30
3
6
8
-10.1113710343838
-1.91273501515388
-4.95484599471092
1.15580018162728
-10.8535331308842
-2.49362179636956
-1.46631321310997
-1.74156381487846
8
1.21543173789978
4.43353927731514
-3.98223481178283
1.54865830540657
-0.6358898460865
-3.5233163356781
4.41245912909508
-3.85724682211876
8
8.24069074392319
4.32594263553619
0.560709375143052
-0.704240399599075
-1.82398585677147
2.99179313778877
0.986947381496428
-6.59362732768058
8
7.44224554896354
-0.339943039417267
1.79840381145477
-9.71063358783722
-3.72725041508674
-3.17621003985405
-1.99267252087593
-8.75189041495322
8
-2.05322822928429
3.6700913310051
0.0202291727066043
13.7470893919468
1.4438098847866
-4.63301910758018
-3.54651650190354
0.112612813711167
8
2.25401970744133
2.2646841108799
4.74417405128479
8.64128643274307
-1.31603624820709
0.766382557153704
0.870224851369859
-0.431937509775162
6
7
8.33590339422226
0.432215219736099
2.92121159434318
-3.25577682256698
11.3544380307198
9.67001588940621
-8.24704800844192
7
5.55291942954063
4.86750731468201
-1.84349227547646
8.73151695132255
0.176028424501419
-3.35572317242622
8.55071642398834
7
0.358944338560102
0.38017036318779
-4.95420672297478
-1.75543501973152
0.614717072248464
6.95972027182579
7.87070830464363
7
-0.728093880414964
2.94999679327011
11.5398300945759
0.865812385082245
-6.71547046899796
-3.42953355312348
6.07673142552376
7
-5.63168944120407
-11.7327943444252
-4.34744067788124
3.26609668731689
4.73865918517113
-5.95899288654328
-3.51113168597221
7
2.45261113643646
1.72973679304123
4.90733022093773
-1.25726771354675
0.355443966388702
8.0100591123104
1.97459746599197
2
7
10.4236063480377
-5.55931412577629
-0.00935397744179134
-10.6821569919586
-2.07570514082909
-4.53973398208618
2.93808653950691
7
6.01543089151383
1.56053668856621
3.28439958691597
-8.20343081355095
-4.31571449041366
1.57979810237885
3.56086052656174
|Explorer2Genome 30
3
6
8
-9.54136113524436
-2.73520038127899
-5.41698481440544
-0.142241799831386
-7.15248208642005
-4.84992101192475
-2.40389001369477
-3.14347292780876
8
3.45333808660507
4.43296605348587
-4.67984021902084
2.95572918653488
-2.06154873967171
-3.33728160858154
4.7937927365303
-2.18428316116333
8
7.94839769601822
4.83728811740875
-0.0594712793827053
-0.131572896242141
-2.154700922966
3.01640887856484
1.02107521891594
-6.01654006242752
8
6.55844727158546
-0.00507233738899271
5.49667928814888
-10.3729947507381
-6.35825430750847
-0.467486566305161
-1.71701294183731
-8.99008010625838
8
-2.86358043551445
3.546832883358
0.803760933876038
14.5753411591053
0.709605181217192
-4.53019229769707
-3.99063724279404
0.179368543624879
8
1.35173682570458
1.59540615677834
6.71856369972229
6.45014019608497
0.27877832055092
0.904707473516466
-0.724121206998824
-0.59942951798439
6
7
8.0692897439003
0.701471310853957
2.23457280993461
-2.65389176607132
11.1754298865795
8.74867108464242
-8.32237132191657
7
5.58420569896698
5.38287281990051
-2.09382205605507
8.84166665673255
0.907597357034683
-3.07318315505981
9.02637958526611
7
0.281453531980512
-0.285215455293655
-4.04294130206108
-1.96688408851624
0.690635800361638
7.35665099620819
8.26115738153458
7
0.778923904895782
1.34083380103111
10.2841742753983
2.11820869445801
-6.43957893252373
-4.3389101266861
5.35646939873696
7
-4.90748020410538
-12.1145954430103
-5.05990001559258
3.96170926690102
6.18002581000328
-6.83259794712067
-1.61338710784912
7
2.90078036785126
1.57938079237938
4.26097685694694
-3.21252477169037
-0.650306361913681
8.21761123538017
2.76580261588097
2
7
10.4236063480377
-5.77160581946373
-0.284901314973835
-11.2547149181366
-2.34617782831192
-4.29151758551598
2.87189843654632
7
6.52136939764024
1.17584583163262
2.83240967392921
-7.01360253691673
-3.25885109305382
1.9364041030407
3.38171469569206
|Explorer2Genome 30
3
6
8
-9.99473778605461
-1.91273501515388
-4.95484599471092
1.15580018162728
-11.0434263586998
-2.49362179636956
-1.46631321310997
-1.74156381487846
8
2.18453145027161
5.47574202418327
-2.56441803574562
1.02537141442299
-2.94947999715805
-4.71016517877579
5.58894808292389
-2.83938429951668
8
8.24069074392319
4.32594263553619
0.765210646390915
-0.704240399599075
-1.82398585677147
2.99179313778877
0.986947381496428
-6.59362732768058
8
7.54864105582237
-0.339943039417267
1.79840381145477
-9.90273337960243
-3.94236508011818
-3.17621003985405
-1.99267252087593
-8.75189041495322
8
-1.99662525057793
4.12995211482048
0.874672102928162
13.1118826091289
2.2152630507946
-4.16706268191337
-3.18637862205505
-0.838547587394714
8
2.14526555538178
1.96946817040444
4.61154024600983
8.31881729960441
-1.1382738828659
1.13563077449799
0.951596403121949
-0.675373655557632
6
7
8.02400382757187
0.432215219736099
2.92121159434318
-3.25577682256698
11.553795093298
9.28127124905587
-8.24704800844192
7
5.98461953997612
5.47527940869332
-1.37827714085579
9.22685572504997
0.130537587404251
-4.50348110795021
8.20895256996155
7
-0.0821557343006157
-0.174234014749527
-3.05836109519005
-3.1225386440754
1.06405501365662
6.91618326306343
7.92829919457436
7
0.14537985920906
1.80157552957535
9.41527427434921
2.06509737968445
-7.11445792913437
-3.86187242269516
6.3213806450367
7
-7.48895344138146
-10.7713186323643
-5.37546519637108
2.55266730189323
5.30747489333153
-8.27281867861748
-2.72622693777084
7
3.30696272850037
1.94763342738152
4.70317754745483
-2.82834324836731
-0.468907654285431
8.21761123538017
2.11409479379654
2
7
10.4236063480377
-5.55931412577629
-0.00935397744179134
-11.1810857772827
-2.07570514082909
-4.53973398208618
2.77376642227173
7
7.12030910253526
1.49442447423935
3.25897181630134
-7.54613031744956
-3.83692850470543
1.32869028449059
2.40418211817741
|Explorer2Genome 30
3
6
8
-11.7558466851711
-2.71770756840706
-6.14946433901787
0.759121692180638
-6.88878596425056
-3.35484111309052
-1.45970482230187
-2.52681031227112
8
1.16227477192879
4.43353927731514
-3.98223481178283
0.981793099641801
-0.873844629526137
-3.5233163356781
4.41245912909508
-3.85724682211876
8
7.12647687196732
4.80716204643249
0.158792459964753
-0.237694245576858
-2.1366975069046
3.50720327496529
1.02174339294433
-6.57427552938461
8
7.62328621745109
-0.428641456365586
2.40368373990059
-9.59881172180176
-4.07277388572693
-2.64868375658989
-2.41597645878792
-8.52424525618552
8
-1.81011974215508
3.6700913310051
0.0202291727066043
13.7470893919468
1.4438098847866
-4.63301910758018
-3.54651650190354
-0.224986177682876
8
2.1643544614315
2.4681266605854
4.74417405128479
7.64011665582657
-1.45048551559448
0.766382557153704
0.495314401388169
-0.431937509775162
6
7
8.05809856653213
1.39390309453011
3.67650166153908
-2.37803000211716
9.70357979536058
6.87655701637269
-8.18520463705062
7
5.55291942954063
4.86750731468201
-1.84349227547646
8.73151695132255
0.176028424501419
-3.63781581521034
8.55071642398834
7
0.155630195140836
0.38017036318779
-4.85209202170372
-2.19477084279061
0.43197774291039
6.95972027182579
7.87070830464363
7
-0.44676150083542
2.94999679327011
11.5398300945759
0.395562922954559
-6.71547046899796
-3.42953355312348
6.07673142552376
7
-5.86562849283219
-12.1808957695961
-4.34744067788124
3.26609668731689
4.73865918517113
-6.24648433327676
-3.11638075709343
7
2.90078036785126
1.62258454561234
4.90733022093773
-1.25726771354675
0.355443966388702
8.26916972994804
1.97459746599197
2
7
10.8823418200016
-5.28233956694603
0.92099861502647
-11.7544380664825
-1.15494055151939
-4.73226573467255
2.66001114845276
7
5.5332172036171
1.99246546626091
3.28439958691597
-8.76238142848015
-4.31571449041366
2.04479687213898
3.56086052656174
|Explorer2Genome 30
3
6
8
-9.89389164447784
-2.34034264683723
-5.00116717219353
1.15580018162728
-11.2410239815712
-2.71256113052368
-1.9921964108944
-1.74156381487846
8
2.19285366535187
5.31145323514938
-2.22958651185036
1.06496267914772
-2.94947999715805
-3.20035766363144
5.625919008255
-2.83938429951668
8
7.94839769601822
4.9710244178772
0.0583176255226139
-0.597832947969436
-2.74868361949921
3.70761793255806
1.23166367411613
-6.64094551801681
8
9.02235496044159
1.16090670228004
2.0606246650219
-9.45217880606651
-3.84002777338028
-2.23063503503799
-2.39744818806648
-8.01324052214622
8
-1.07952548861504
3.14518603086472
0.551863509416581
14.8907931864262
0.921888488531111
-4.84644231796265
-2.94355754256249
-0.148202258348464
8
0.977036947011949
0.717999368906021
6.30584138035774
6.67223668694496
0.21364850997925
1.08277253508568
-1.12373158335686
-0.697563821077347
6
7
7.07492505311966
1.21987180709839
2.87405353188515
-1.71568180322647
9.97919365167619
7.45052891373635
-8.30042060613632
7
6.40599128603935
5.24054737091065
-2.38242653012276
8.98832938075065
-0.399921816587448
-2.99897022247314
8.996027135849
7
0.937570101022718
-0.410219699144363
-4.79365780949592
-4.1295457482338
3.53740034103394
3.92570996880531
3.81337303519249
7
-0.254956716299058
1.27074800133705
10.4468848526478
1.88293898105621
-7.11492999792099
-4.10017449855805
5.42200592160225
7
-5.94638758897782
-11.7647395968437
-5.41302792429924
4.4787656724453
5.36837441325188
-6.4830101966858
-0.813670468330382
7
2.51686613559723
2.09910372495651
4.39554528594017
-1.46809771060944
-0.851567953824997
8.01684624552726
2.00033837556839
2
7
10.5213409662247
-5.58389562368393
-0.383009457588199
-9.10252034664154
-0.961101472377777
-5.1628607571125
2.36259806752205
7
7.75459243655206
1.89153145551682
2.30838950276374
-7.54613031744956
-2.9224590241909
1.1134900033474
3.03178634047508
|Explorer2Genome 30
3
6
8
-9.89389164447784
-2.34034264683723
-5.00116717219353
1.15580018162728
-11.2410239815712
-2.71256113052368
-1.9921964108944
-1.74156381487846
8
2.19285366535187
5.31145323514938
-2.22958651185036
1.06496267914772
-2.94947999715805
-3.20035766363144
5.625919008255
-2.83938429951668
8
7.94839769601822
4.9710244178772
0.0583176255226139
-0.597832947969436
-2.74868361949921
3.70761793255806
1.23166367411613
-6.64094551801681
8
9.02235496044159
1.16090670228004
2.0606246650219
-9.45217880606651
-3.84002777338028
-2.23063503503799
-2.39744818806648
-8.01324052214622
8
-1.07952548861504
3.14518603086472
0.551863509416581
14.8907931864262
0.921888488531111
-4.84644231796265
-2.94355754256249
-0.148202258348464
8
0.977036947011949
0.717999368906021
6.30584138035774
6.67223668694496
0.21364850997925
1.08277253508568
-1.12373158335686
-0.697563821077347
6
7
7.07492505311966
1.21987180709839
2.87405353188515
-1.71568180322647
9.97919365167619
7.45052891373635
-8.30042060613632
7
6.40599128603935
5.24054737091065
-2.38242653012276
8.98832938075065
-0.399921816587448
-2.99897022247314
8.996027135849
7
0.937570101022718
-0.410219699144363
-4.79365780949592
-4.1295457482338
3.53740034103394
3.92570996880531
3.81337303519249
7
-0.254956716299058
1.27074800133705
10.4468848526478
1.88293898105621
-7.11492999792099
-4.10017449855805
5.42200592160225
7
-5.94638758897782
-11.7647395968437
-5.41302792429924
4.4787656724453
5.36837441325188
-6.4830101966858
-0.813670468330382
7
2.51686613559723
2.09910372495651
4.39554528594017
-1.46809771060944
-0.851567953824997
8.01684624552726
2.00033837556839
2
7
10.5213409662247
-5.58389562368393
-0.383009457588199
-9.10252034664154
-0.961101472377777
-5.1628607571125
2.36259806752205
7
7.75459243655206
1.89153145551682
2.30838950276374
-7.54613031744956
-2.9224590241909
1.1134900033474
3.03178634047508
|Explorer2Genome 30
3
6
8
-12.597101855278
-3.0383791744709
-5.81942989230156
0.759121692180638
-7.19983051419258
-3.4671968460083
-1.15731443762779
-2.00820505619049
8
2.64337236881256
6.24503363370895
-3.57471376061439
1.00501509308815
-3.40190364122391
-5.12692007422447
4.01262414455414
-2.992261916399
8
7.12647687196732
4.82827889919281
0.158792459964753
-0.237694245576858
-1.2125972867012
3.63813174962998
0.751827496290206
-6.57427552938461
8
7.62328621745109
0.0523469984531398
2.19779553413391
-9.87310104966164
-3.83315804600715
-2.64868375658989
-2.41597645878792
-7.94206520915031
8
-2.97163247466087
3.21199721097946
0.713434648513794
14.5753411591053
0.776173245906828
-4.35430497527122
-3.66775170564652
-0.297473430633544
8
1.99218165874481
1.93356118798256
4.61154024600983
8.62803193926811
-1.1382738828659
0.857427352666857
0.64011311531067
-0.706324988603592
6
7
8.1703846335411
1.35254808068275
2.75075778365135
-3.37427288293838
11.8749366939068
8.74867108464242
-8.83620280027389
7
5.34241079688072
4.31323411464691
-2.18336921334267
8.84945575594902
0.209004074335098
-4.16562269330025
8.9294341802597
7
0.374010771512983
0.026186865568161
-4.09127148985863
-1.98921637535095
0.541340112686162
5.82862441539764
8.26115738153458
7
-0.485348457098008
1.2510969221592
12.3873836100101
1.91819398999214
-8.36622534990311
-3.71689541339874
5.47453666329384
7
-5.22904507517815
-12.2835564255715
-4.841642588377
3.65378909707069
6.02414719462395
-5.93084971904755
-1.61842392086983
7
2.78913888931274
2.12586750388145
4.09001128077507
-3.84820122718811
-0.650306361913681
8.24709329009056
1.77211899161339
2
7
11.5492053031921
-5.93900436162949
0.288770461082455
-9.02773635387421
-2.21528881788254
-4.88617272973061
1.4263863325119
7
6.74315788149835
1.6555530667305
3.69243367314338
-6.51721956133842
-2.68673805594444
1.74813105463982
3.9962778031826
|Explorer2Genome 30
3
6
8
-9.48734067678451
-2.00071173906326
-4.32135031819344
0.983534610271458
-10.0439831376076
-2.44495241641999
-1.15800877213478
-2.02417886257172
8
2.25741770863533
4.06025980710983
-4.27419580221176
2.81067805886269
-2.22652631998062
-2.86331059932709
3.73600168824196
-2.90985100865364
8
7.80666045546532
4.8843279838562
0.0260394215583805
-0.48450949192047
-2.16034867167473
3.36480479836464
1.28860419988632
-6.33980566859245
8
8.30599708557129
-1.40956600904465
2.9514263510704
-9.19319264292717
-5.75532742738724
-3.40591234564781
-2.9436045050621
-10.0611347854137
8
-1.17164626121521
2.94899762272835
-0.828922706842422
13.8038003206253
1.37970525026321
-4.75645905137062
-4.99257236123085
-0.0504098653793328
8
2.62358024120331
1.55073300004006
6.48580428361893
9.20130408406257
-0.239078903198241
2.15084601044655
2.43056874275208
-0.968661624193192
6
7
7.08482249379158
1.29199903607368
2.90479089617729
-2.87576695680618
11.0346820235252
8.83671827912331
-8.22044387459754
7
7.84765300750732
5.21556549072266
-0.874519038200379
7.97615247964858
-1.41655179262161
-3.21765022277832
9.72676721215248
7
0.569874149560926
0.59004642367363
-4.31332316994667
-4.35529075860978
3.53879188895226
3.84246796965599
3.81337303519249
7
0.192536383867263
2.01597399115562
10.8742098152637
1.36351046562195
-6.47647554278374
-3.98618125915528
5.46720371842385
7
-5.19101199507714
-12.695790207386
-5.98241555094719
3.68428783416748
5.94931578040123
-6.95353996753693
-1.61740239262581
7
2.35298479199409
2.8568219602108
5.75387281179428
-1.16662828922272
0.022756779193879
7.16999657750129
2.472253292799
2
7
11.6375788509846
-6.03130026459694
2.05870382785797
-11.1058353126049
-1.44905380010605
-4.44156396985054
3.53253688812256
7
5.49622868299485
1.4969162106514
2.79651685357093
-9.04639115333557
-4.90003724694252
1.68226383328438
3.43974233865738
|Explorer2Genome 30
3
6
8
-9.48734067678451
-2.00071173906326
-4.32135031819344
0.983534610271458
-10.0439831376076
-2.44495241641999
-1.15800877213478
-2.02417886257172
8
2.25741770863533
4.06025980710983
-4.27419580221176
2.81067805886269
-2.22652631998062
-2.86331059932709
3.73600168824196
-2.90985100865364
8
7.80666045546532
4.8843279838562
0.0260394215583805
-0.48450949192047
-2.16034867167473
3.36480479836464
1.28860419988632
-6.33980566859245
8
8.30599708557129
-1.40956600904465
2.9514263510704
-9.19319264292717
-5.75532742738724
-3.40591234564781
-2.9436045050621
-10.0611347854137
8
-1.17164626121521
2.94899762272835
-0.828922706842422
13.8038003206253
1.37970525026321
-4.75645905137062
-4.99257236123085
-0.0504098653793328
8
2.62358024120331
1.55073300004006
6.48580428361893
9.20130408406257
-0.239078903198241
2.15084601044655
2.43056874275208
-0.968661624193192
6
7
7.08482249379158
1.29199903607368
2.90479089617729
-2.87576695680618
11.0346820235252
8.83671827912331
-8.22044387459754
7
7.84765300750732
5.21556549072266
-0.874519038200379
7.97615247964858
-1.41655179262161
-3.21765022277832
9.72676721215248
7
0.569874149560926
0.59004642367363
-4.31332316994667
-4.35529075860978
3.53879188895226
3.84246796965599
3.81337303519249
7
0.192536383867263
2.01597399115562
10.8742098152637
1.36351046562195
-6.47647554278374
-3.98618125915528
5.46720371842385
7
-5.19101199507714
-12.695790207386
-5.98241555094719
3.68428783416748
5.94931578040123
-6.95353996753693
-1.61740239262581
7
2.35298479199409
2.8568219602108
5.75387281179428
-1.16662828922272
0.022756779193879
7.16999657750129
2.472253292799
2
7
11.6375788509846
-6.03130026459694
2.05870382785797
-11.1058353126049
-1.44905380010605
-4.44156396985054
3.53253688812256
7
5.49622868299485
1.4969162106514
2.79651685357093
-9.04639115333557
-4.90003724694252
1.68226383328438
3.43974233865738
|Explorer2Genome 30
3
6
8
-11.3124037742615
-2.77926231622696
-6.50510438680649
0.983517569303517
-7.77126207351684
-3.86042014956475
-1.89544875621796
-3.39445657730103
8
2.53233560323715
5.43262256383896
-4.67984021902084
2.87185014486313
-1.89305430054664
-3.33728160858154
4.20155399441719
-2.89914765357971
8
8.46548382043839
4.9710244178772
0.0583176255226139
-0.539804822206496
-1.82998577952385
4.00375846624375
1.27130307555199
-7.14776700735092
8
7.40173695087433
-0.265625232458115
1.62752521038055
-10.5693018555641
-4.00517774820328
-3.20879989862442
-1.72052989006042
-8.0428690612316
8
-1.22409319281578
3.6700913310051
0.259518104791642
13.8589021027088
1.70082888007164
-4.2632663488388
-3.48228576779366
-0.224986177682876
8
1.70518815517426
1.7135592341423
6.24786414504051
9.31662319302558
-0.45023471713066
2.55485878586769
1.89717206954956
-0.0247439205646515
6
7
8.1907759130001
-0.388881343603135
1.55574783682823
-3.86448372006416
11.614729732275
9.28127124905587
-8.88236283063888
7
6.36811112761497
4.86750731468201
-2.38136265873909
8.94122843146324
-0.440904182195664
-3.60447238087654
8.75150106549263
7
0.906342321634291
0.567664426565171
-4.59464133381843
-4.46282888650895
3.75006110668183
3.79706246256828
3.72527677416802
7
-1.10630831122398
1.97502177357674
11.7132745325565
2.28290677070618
-6.66731280088425
-4.10017449855805
5.51486535668374
7
-4.80892608165741
-12.1594353795052
-4.58188999295235
3.18513746261597
4.55487822890282
-5.79807477593423
-3.60494972467422
7
2.92818024158478
1.6311940073967
4.35940791964531
-1.70284485816956
-0.0968467652797699
8.14997221827506
1.70696586370468
2
7
10.6054834187031
-5.64728707671165
0.526381367444988
-11.8737908780575
-1.29714084863663
-4.73226573467255
2.99168045520782
7
5.93849088549615
1.42355532646179
3.30648654103279
-9.06109618544578
-4.33529924750328
1.31484600901604
3.80509840250015
|Explorer2Genome 30
3
6
8
-10.5452425718307
0.212218201160431
-3.73348525762558
2.1969250202179
-9.92115212678909
-3.26225220561028
-2.90339542031288
-3.85269877314568
8
2.64337236881256
5.6623328089714
-3.57471376061439
1.05232761502266
-2.59066787958145
-4.86160675883293
4.5665257692337
-2.992261916399
8
7.75550266504288
5.39207751750946
0.686756479740143
-1.17973926663399
-1.76786887645721
3.36480479836464
0.728759998083113
-6.99439715147018
8
8.74440752863884
0.163860088586807
3.21215099692345
-10.594613969326
-4.76080625653267
-3.0951928794384
-1.95085459351539
-7.72475835680961
8
-1.10157861113548
1.8807378411293
1.11905701756477
14.8907931864262
0.353532904386519
-3.64650356173515
-2.58978016376495
-0.148202258348464
8
1.89387778639793
1.8044702231884
4.21850814819336
7.89549249410629
-0.168406790494917
1.32216399908066
1.29687275290489
-1.33463452458382
6
7
8.11299664378166
2.5787517786026
1.87198941707611
-3.29344276189804
10.2279299676418
8.53780975937844
-9.58622690439223
7
9.1181177854538
5.65468028187752
-2.72539151310921
7.59578539729118
-3.43681527972221
-3.01829999089241
10.5938719213009
7
0.377299588918684
-0.285215455293655
-4.09127148985863
-2.73704126477242
0.777494025230413
7.59887099266052
8.30954557657242
7
-0.187743920087815
1.2510969221592
11.1290720283985
1.60477387905121
-7.11492999792099
-3.71689541339874
5.47453666329384
7
-5.11403041481972
-12.2144157290459
-5.33976771235466
4.33396361470222
5.82015239596367
-7.26505100727082
-1.77144201397896
7
2.35863554477692
2.62324629426003
5.95707417726517
-1.63699043989182
-0.995626467466353
5.78921266794204
3.32446119189262
2
7
11.2568941771984
-4.9397110581398
0.167693185806271
-8.9009955406189
-2.26983515024185
-4.88617272973061
2.01455299854278
7
5.93849088549615
0.84065861105919
3.21845613718032
-9.32124778628349
-5.04394938349724
1.81080240607262
2.77296241521835
|Explorer2Genome 30
3
6
8
-11.8389043807983
-2.78180061578751
-4.94522269368172
-0.841873061656948
-7.53622125983238
-4.32577295303345
-1.11944069862366
-4.73795683383942
8
2.77401447296143
6.08064712285995
-3.54063863754272
1.64225137829781
-2.65973669290542
-3.92839185595513
4.7096962928772
-2.992261916399
8
6.84198459982872
4.82827889919281
0.158792459964753
-0.237694245576858
-1.50188946127891
3.63813174962998
0.751827496290206
-6.57427552938461
8
7.39539415240287
0.0523469984531398
2.19779553413391
-9.84307826161385
-3.83315804600715
-2.64868375658989
-2.41597645878792
-7.94206520915031
8
-1.07952548861504
1.94887317419052
1.11905701756477
14.8907931864262
0.420312827825545
-4.04598719477653
-3.04671986103058
0.0602096557617194
8
1.46033567786217
0.410097599029541
6.46665104031563
6.02310376763344
0.354103493690492
2.16506032347679
-0.800355094671248
-0.474730348587036
6
7
8.11299664378166
2.562149477005
1.81111893653869
-3.29344276189804
10.8804167926312
8.6573196053505
-9.02701464891432
7
6.67866606712341
5.36353008747101
-1.59609735012055
9.45441455245018
0.00412970781326277
-3.50526170730591
9.08839683532715
7
0.281453531980512
-0.683569985628128
-4.09127148985863
-2.22217529416085
1.66229961514473
7.30243482589722
8.78957759141922
7
0.321286922693252
1.2510969221592
11.1290720283985
1.20466196537018
-7.11492999792099
-3.34206564426422
5.47453666329384
7
-4.26354352831841
-12.2835564255715
-4.44437796473503
4.02070155739784
5.05607330203056
-6.44312632083894
-1.54955223202705
7
3.39555523395538
3.02006030678749
6.85636421442032
-0.666060709953309
-0.700329917669295
6.60586389899253
3.19304718375206
2
7
10.7513704478741
-6.45536543130875
0.288770461082455
-9.02773635387421
-2.47938991785049
-4.73393784165382
2.60066001415252
7
9.58274021744729
0.264683067798616
2.74379311800003
-10.335489988327
-5.9009990632534
2.88345201611519
2.16631216406822
|Explorer2Genome 30
3
6
8
-8.84869472980499
-1.19589956402779
-4.00776264071464
1.44392538070679
-8.92908471226692
-4.50391592383385
-2.84384092092514
-4.58187660574913
8
1.78863854408264
4.94237240552902
-2.75607345700264
1.60998390316963
-3.37982376813888
-4.10132104158402
6.53402228355407
-3.17096427083016
8
8.11862282156944
4.74662773609161
-0.0531677126884457
-1.24280302524567
-2.96200528144836
3.80518239140511
1.52031165361404
-6.33980566859245
8
8.50092446208
0.163860088586807
2.44519228339195
-10.3905043184757
-4.18353434801101
-3.08777016997337
-2.72937949299812
-8.1285597026348
8
-1.5996385037899
2.18625963330269
-0.292238289117813
15.7191743969917
0.966354471445082
-6.07474039196968
-4.23370426297188
0.897427225112916
8
1.98495015501976
0.221982729434968
4.72155394554138
8.12368959784508
-0.344371360540389
0.95311406850815
0.8663900077343
-0.00499324202537521
6
7
8.86994592547416
1.10676287412643
3.19407019615173
-3.25577682256698
11.8104500949383
8.8141335785389
-7.99670751690864
7
6.41870688796043
4.86750731468201
-2.35268549919128
8.21117019057273
0.670452815294265
-2.12394387722015
8.81122086048126
7
1.08576486706734
-0.0844800233840939
-4.72937462925911
-4.27498643994332
3.20985405445099
4.12008173465729
4.20020872950554
7
-1.47278959751129
3.00071929693222
11.6914470732212
0.865812385082245
-6.53958743810654
-4.33525838851929
5.16180961728096
7
-5.55928753614426
-11.3563347935677
-5.41302792429924
4.31739226579666
5.43646690249443
-6.20204987525941
-1.65303552150726
7
3.00537398457527
1.72973679304123
3.87761215567589
-1.25726771354675
0.0871499836444855
8.13354529738426
1.96678186655045
2
7
10.4695297539234
-4.54861694574356
0.0212825715541803
-11.8624363183975
-2.28245102763176
-4.73226573467255
3.67906646728515
7
6.52514165639878
1.20319730043411
2.16306155323982
-6.77281265854835
-3.68003336787224
3.24511044025421
3.48538901209831
|Explorer2Genome 30
3
6
8
-9.48734067678451
-2.00071173906326
-4.32135031819344
0.836353933811192
-9.49859019517898
-2.35413818359375
-1.15800877213478
-2.02417886257172
8
2.54111315011978
4.06025980710983
-4.20531245470047
2.81067805886269
-2.22652631998062
-2.74310722351074
3.73600168824196
-2.90985100865364
8
7.80666045546532
4.8843279838562
0.0260394215583805
-0.48450949192047
-1.80181226730347
3.36480479836464
1.28860419988632
-6.33980566859245
8
7.74055252075195
-1.09302386045456
2.91346479654312
-9.19319264292717
-5.69608350992203
-3.40591234564781
-2.9436045050621
-10.0611347854137
8
-1.51462082862854
2.94899762272835
-0.828922706842422
13.5862446308136
1.37970525026321
-4.75645905137062
-4.99257236123085
-0.0504098653793328
8
0.977036947011949
0.747467136383056
6.16544569134712
5.83176663517952
-0.184706306457518
1.98032156825066
-1.41394180655479
-0.756692296266556
6
7
6.95458143353462
2.07008519768715
0.403609871864318
-3.63260093927383
10.1991553366184
7.6953534603119
-9.51385246515273
7
6.09736859202385
4.86750731468201
-2.20034573674202
9.36390859484672
-0.399921816587448
-3.60447238087654
8.996027135849
7
0.754784780740736
0.101343631744385
-3.82252492904663
-3.87513337731362
3.30937988758088
3.9427484691143
3.5893839776516
7
0.433942705392837
1.80157552957535
10.759361988306
1.36351046562195
-6.19506233930588
-3.79286882281304
5.46720371842385
7
-4.85650433897972
-12.695790207386
-5.41302792429924
3.79148685932159
5.94931578040123
-6.95353996753693
-1.78959928154945
7
1.99739511609077
2.8568219602108
5.24801977872849
-1.84910535812378
0.022756779193879
6.65404027104377
2.50533351302147
2
7
11.6375788509846
-6.03130026459694
2.05870382785797
-11.1058353126049
-1.44905380010605
-4.44156396985054
3.59787213802337
7
5.04854797124863
1.4969162106514
3.22511211037635
-9.02214691638946
-4.90003724694252
1.68226383328438
3.43974233865738
|Explorer2Genome 30
3
6
8
-9.36304464340209
-0.681823593378067
-4.22544435858726
1.14376652240754
-8.25097705125808
-3.3578280389309
-1.99028344154358
-3.81128317713737
8
2.34541633725166
4.5112885594368
-5.23264321088791
3.75235597491264
-2.23355558514595
-3.93553130626679
4.71549812555313
-1.59448766112328
8
6.42624143362045
4.47872589230537
0.334858453273774
-1.16955767273903
-1.34865643382072
2.93631373643875
2.0374421775341
-5.53511258363723
8
7.78770797252655
-0.0602430522441869
1.83606824874878
-9.85260332226753
-3.72039102315903
-2.87208773493767
-3.19575226902962
-8.06554531455039
8
-1.80081617832184
3.68456946611404
-0.112255752086639
12.7687406539917
1.56899818181991
-5.9991138279438
-4.24686391353607
0.483627247810364
8
2.13067085146904
1.95001777410507
4.39122538566589
8.78874017596245
-1.07484722137451
-0.0171830713748915
0.798688530921937
0.0861905992031099
6
7
8.25526006221771
0.116007310152053
1.55782358050346
-3.49911497831344
12.1109687268734
8.0089811384678
-8.13779813051223
7
5.65651149153709
5.61373684406281
-2.39357107281685
9.19819850325584
0.412009173631668
-3.31379294991493
8.80129232406616
7
0.654159063100813
0.502594375610351
-4.44704793691635
-2.51208940148354
0.316442912817006
6.67056081295013
7.40551355481148
7
0.873160368204116
1.57920652627945
9.48279486298561
0.512967538833618
-7.56197747588158
-4.64380099177361
5.7326082110405
7
-5.25272728204727
-12.1357531905174
-4.37477431893349
3.50656273365021
4.77481155395508
-5.74257300496102
-3.51113168597221
7
4.01687031984329
2.11236066818237
5.09260749220848
-1.12445275187492
0.435882931947708
7.94143933653831
1.70514911413193
2
7
10.3290120601654
-5.31888248324394
0.263232755661007
-11.2244191169739
-2.19862806200981
-5.30565814971924
3.91205049157142
7
8.93489726185799
0.0614132523536698
2.96601341962814
-9.5583101272583
-5.2788772046566
2.54980951547623
1.25763182044029
|Explorer2Genome 30
3
6
8
-9.36304464340209
-0.681823593378067
-4.22544435858726
1.14376652240754
-8.25097705125808
-3.3578280389309
-1.99028344154358
-3.81128317713737
8
2.34541633725166
4.5112885594368
-5.23264321088791
3.75235597491264
-2.23355558514595
-3.93553130626679
4.71549812555313
-1.59448766112328
8
6.42624143362045
4.47872589230537
0.334858453273774
-1.16955767273903
-1.34865643382072
2.93631373643875
2.0374421775341
-5.53511258363723
8
7.78770797252655
-0.0602430522441869
1.83606824874878
-9.85260332226753
-3.72039102315903
-2.87208773493767
-3.19575226902962
-8.06554531455039
8
-1.80081617832184
3.68456946611404
-0.112255752086639
12.7687406539917
1.56899818181991
-5.9991138279438
-4.24686391353607
0.483627247810364
8
2.13067085146904
1.95001777410507
4.39122538566589
8.78874017596245
-1.07484722137451
-0.0171830713748915
0.798688530921937
0.0861905992031099
6
7
8.25526006221771
0.116007310152053
1.55782358050346
-3.49911497831344
12.1109687268734
8.0089811384678
-8.13779813051223
7
5.65651149153709
5.61373684406281
-2.39357107281685
9.19819850325584
0.412009173631668
-3.31379294991493
8.80129232406616
7
0.654159063100813
0.502594375610351
-4.44704793691635
-2.51208940148354
0.316442912817006
6.67056081295013
7.40551355481148
7
0.873160368204116
1.57920652627945
9.48279486298561
0.512967538833618
-7.56197747588158
-4.64380099177361
5.7326082110405
7
-5.25272728204727
-12.1357531905174
-4.37477431893349
3.50656273365021
4.77481155395508
-5.74257300496102
-3.51113168597221
7
4.01687031984329
2.11236066818237
5.09260749220848
-1.12445275187492
0.435882931947708
7.94143933653831
1.70514911413193
2
7
10.3290120601654
-5.31888248324394
0.263232755661007
-11.2244191169739
-2.19862806200981
-5.30565814971924
3.91205049157142
7
8.93489726185799
0.0614132523536698
2.96601341962814
-9.5583101272583
-5.2788772046566
2.54980951547623
1.25763182044029
|Explorer2Genome 30
3
6
8
-10.26596596241
-2.63567209839821
-5.06211218237877
1.15580018162728
-11.0434263586998
-2.71256113052368
-1.46631321310997
-1.9384158551693
8
2.26274064183235
3.77672921419143
-4.49007287621498
2.96075299978256
-1.48179040551185
-3.10152382254601
3.89163990616798
-1.78211352825165
8
7.70425151586533
4.9710244178772
0.0583176255226139
0.169253063201905
-2.49273772239685
3.3423402607441
1.03064984679222
-6.64094551801681
8
7.54864105582237
-0.10350279211998
1.4582629442215
-10.1536652445793
-3.52396445274353
-3.57610558867455
-2.39955046772957
-7.94772295355796
8
-0.785458016395569
2.87922483682632
0.209679120779038
15.3858246147633
0.59388996362686
-5.5518994808197
-5.74569373726845
0.439976692199708
8
1.56239301562309
0.477773308753967
6.30584138035774
7.50305672287941
0.21364850997925
1.63598129153252
-0.619634878635405
-0.201149731874466
6
7
7.07492505311966
1.72941055297852
3.31190977692604
-2.20051790475845
10.2614125192165
7.16935718059541
-8.25530248880386
7
5.48664612174034
5.36353008747101
-1.36813624501228
9.15874678492546
-0.525905746221543
-3.44645736813545
8.70318763256073
7
1.42771990895271
-0.410219699144363
-4.76268702149391
-3.8131168961525
3.20895969867707
4.39600506424904
3.81337303519249
7
-0.782653516530991
1.81844964623451
11.0166391193867
2.1227135181427
-7.54712098836899
-4.10017449855805
4.58683827519417
7
-5.94638758897782
-10.939338696003
-5.41302792429924
4.47139016985893
5.39133176207542
-6.4830101966858
-1.33171947002411
7
3.98016403913498
2.18552228212357
3.91853722929954
-1.7218580186367
-1.11026186347008
8.89952251911163
1.98362013101578
2
7
9.93272905349732
-5.80437821149826
-1.23837685585022
-9.70101652145386
-2.51042992472649
-3.43559362888336
2.87459743618965
7
7.12030910253526
2.16848847270012
2.33072229027748
-7.54613031744956
-2.9224590241909
1.63363084197044
3.52142409682274
|Explorer2Genome 30
3
6
8
-12.003632569313
-2.49730251431465
-5.81942989230156
0.775711834430699
-6.639004945755
-3.35484111309052
-1.15731443762779
-1.71143202185631
8
3.55750353336334
5.26090984940529
-3.66275256872177
3.49953762292862
-3.14592233896255
-3.75003716945648
5.0775708258152
-2.17711463570595
8
6.05188350081444
4.46418288350105
0.0963264584541325
-1.06332860589027
-1.67896568179131
2.93010259866715
1.77079390883446
-6.60446633100509
8
8.12676951885223
0.120215111970901
1.97045314311981
-10.5691555142403
-3.69925838112831
-2.88397464156151
-2.84771440625191
-9.12774443030357
8
-1.07952548861504
2.41316848993301
1.11905701756477
15.3991480410099
0.230090278387068
-3.69946780204773
-2.58978016376495
-0.148202258348464
8
1.99218165874481
2.98702302575111
4.0652899980545
7.72407092452049
-1.1382738828659
0.857427352666857
0.64011311531067
-0.706324988603592
6
7
8.11299664378166
2.31193470954895
2.01206223964691
-3.52993928194046
10.2279299676418
8.5787555038929
-9.94404731988906
7
8.66501350402832
5.65468028187752
-2.72539151310921
6.36054810881614
-3.43681527972221
-3.01829999089241
10.5938719213009
7
0.281453531980512
-0.285215455293655
-4.25122371912002
-2.22217529416085
0.859175872802739
6.21168284416199
8.26021903753281
7
0.0297411739826193
1.67418685555458
10.6808159649372
0.863975930213928
-7.12586303949356
-3.42427000403404
5.47453666329384
7
-5.04400709271431
-12.0318033754826
-6.30289003252983
4.33396361470222
5.91632224917412
-7.29622220993043
-1.57920045852661
7
2.53196032047272
2.32361524105072
4.63610638976097
-3.52390155792236
-0.543439072370529
8.24709329009056
1.77211899161339
2
7
9.4789510011673
-5.62280047535896
-0.856901216506962
-9.52407535910606
-2.51042992472649
-4.13001918792725
2.78021350502967
7
7.06672577261926
1.31368743181229
3.69243367314338
-7.18921298384666
-2.49564791917801
1.65458704829216
3.58444141745567
|Explorer2Genome 30
3
6
8
-12.1102970123291
-2.3313102722168
-6.77243441939354
-0.393822991847987
-7.76948793530464
-3.46553258895874
-0.983851885795595
-2.14500551223755
8
2.19285366535187
5.31145323514938
-2.64392715096474
1.6238776743412
-2.94947999715805
-3.11911798715592
6.14151539802551
-2.83938429951668
8
7.42275396585465
4.83728811740875
0.0583176255226139
-0.249392682313918
-1.75182740688324
3.49793268442154
1.23166367411613
-6.40835272073745
8
8.10654367804527
-0.311452525854111
2.6889045894146
-10.2028804183006
-3.95659874081611
-3.427017557621
-1.72108805775642
-6.95863041281699
8
-1.6900237262249
3.68456946611404
-0.00369058847427327
12.5090742826462
1.00833175778389
-5.32361423969269
-5.17032058238983
0.668909597396851
8
0.977036947011949
0.477773308753967
6.30584138035774
6.44064839482307
0.21364850997925
1.63598129153252
-0.870738261938094
-0.201149731874466
6
7
7.07492505311966
0.706633901596069
3.12596409916878
-2.79696422815323
9.97919365167619
7.16935718059541
-8.67585397958755
7
6.21495146751404
5.34525866508484
-2.05879456996918
9.2272370994091
-0.714185732603073
-3.50382338166237
8.11562070846557
7
-0.295487463474276
-0.153195768594742
-3.5252714574337
-3.1225386440754
1.06405501365662
7.02514095902443
8.98850339055062
7
0.422759824991225
1.80157552957535
9.94812091588974
1.89132091999054
-6.60510872602463
-4.36586990356446
5.41988576054574
7
-5.0542169213295
-10.4232236206532
-5.61453465223312
3.81035190820694
5.28180515170097
-6.25627085566521
-1.37832632064819
7
2.51686613559723
2.09910372495651
4.15283319354057
-1.21985878348351
-0.476350373029709
8.13354529738426
1.41403280496597
2
7
9.80526273846626
-6.2587750852108
0.260829567909237
-12.1411033153534
-1.15042700171471
-4.65143448710442
4.40434048771858
7
7.63605782389642
1.41952511072159
3.58358591198921
-6.86107510924339
-4.65377652049064
1.21135994791985
3.05771500468254
|Explorer2Genome 30
3
6
8
-11.0401190936565
-2.77926231622696
-6.50510438680649
1.44280688166619
-7.77126207351684
-3.86042014956475
-1.89544875621796
-3.39445657730103
8
2.53233560323715
5.43262256383896
-4.67984021902084
3.17629646062851
-1.89305430054664
-3.65375766754151
4.20155399441719
-2.67243391871452
8
8.46548382043839
5.14181645512581
0.0583176255226139
-0.539804822206496
-1.82998577952385
3.63786152601242
1.27130307555199
-6.64094551801681
8
7.40173695087433
-0.0591708302497868
1.62752521038055
-10.5693018555641
-4.00517774820328
-2.74606634378433
-1.72052989006042
-8.37172583937644
8
-1.22409319281578
3.6700913310051
0.259518104791642
13.8589021027088
1.70082888007164
-4.2632663488388
-3.48228576779366
-0.224986177682876
8
1.99706892967224
1.7135592341423
6.24786414504051
8.77807596325874
-0.61096954345703
2.55485878586769
2.27807321548462
-0.0247439205646515
6
7
8.1907759130001
-0.388881343603135
1.55574783682823
-3.3044831097126
11.614729732275
9.28127124905587
-8.77695580720901
7
6.86658114790916
4.86750731468201
-1.91933148503304
8.94122843146324
-0.440904182195664
-3.60447238087654
8.75150106549263
7
1.23188310265541
0.567664426565171
-4.59464133381843
-4.09383803606034
3.75006110668183
3.79706246256828
3.28091856837273
7
-1.10630831122398
1.43877509236336
11.2448772966862
2.28290677070618
-6.66731280088425
-4.10017449855805
6.04163160920144
7
-5.37498862743378
-12.1594353795052
-3.7733102619648
3.18513746261597
4.08555845618248
-5.79807477593423
-3.60494972467422
7
2.92818024158478
1.6311940073967
4.35940791964531
-1.57494475841522
-0.127852600812912
8.14997221827506
2.04937108755112
2
7
10.6054834187031
-5.96949778795242
0.526381367444988
-11.8423237025738
-1.510756534338
-4.73226573467255
3.57508351802826
7
5.80998510718346
1.42355532646179
3.30648654103279
-9.06109618544578
-4.33529924750328
1.31484600901604
3.53808299303055
|Explorer2Genome 30
3
6
8
-11.5692684352398
-2.61611207127571
-6.04884116053581
-0.393822991847987
-7.93738999962806
-3.46553258895874
-1.90949308872223
-2.14500551223755
8
2.3361054956913
4.95172065496445
-4.25798896551132
3.27796891927719
-2.08539715409279
-3.33728160858154
5.8156138241291
-2.01828562617302
8
7.60404754877091
4.83728811740875
0.0583176255226139
-1.07578127980232
-2.08118078708649
3.6355638384819
1.78065449595451
-6.91566458940506
8
8.45080168247223
1.15592072606087
2.84614304900169
-9.17240616679192
-3.84002777338028
-1.84025288820267
-2.1431234896183
-8.39834801554679
8
-1.07952548861504
2.9334731221199
0.126392275094986
14.8907931864262
0.298911470174788
-4.95476694107056
-3.11022899150848
-0.0711923360824578
8
1.89387778639793
0.561685198545457
4.16318669319153
8.55959850549698
-0.411087197065352
0.72879658341408
0.525540465116502
0.190044641494751
6
7
8.08358434438705
0.648947149515151
2.23457280993461
-3.23779858350754
12.1234776198864
9.90449517369271
-8.08166924118995
7
5.92673332095146
4.86750731468201
-1.94475024342537
9.56859869360923
-0.0109131038188936
-3.60447238087654
8.34140012264252
7
1.26472564339638
-0.165448814630508
-3.84191572666168
-3.65929544568062
2.9495031118393
3.6114659011364
3.60628024935722
7
0.767880517244338
1.80157552957535
10.5447678685188
2.42031016945839
-6.26691921949387
-4.36586990356446
5.41988576054574
7
-5.51091922521591
-11.2786783337593
-5.35468265414238
4.01207169294357
5.39133176207542
-6.25627085566521
-1.37832632064819
7
2.83686540126801
3.16424048542976
5.52328895330429
-1.63699043989182
-1.55411386489868
6.71760102510452
3.19304718375206
2
7
10.5213409662247
-5.995825278759
-0.413216209411625
-9.97476838827133
-1.25809046030045
-5.1628607571125
2.36259806752205
7
6.8216420352459
1.89153145551682
2.80214713215828
-8.54520997405051
-3.25885109305382
1.71716591715813
3.48538901209831
|Explorer2Genome 30
3
6
8
-10.1113710343838
-1.91273501515388
-4.99778601527214
1.15580018162728
-11.0434263586998
-2.49362179636956
-1.20520769357681
-1.74156381487846
8
0.768397259712221
4.43353927731514
-3.98223481178283
1.54865830540657
-0.6358898460865
-3.5233163356781
4.41245912909508
-3.85724682211876
8
8.24069074392319
4.32594263553619
0.921390151977539
-0.704240399599075
-1.82398585677147
2.99179313778877
0.986947381496428
-6.59362732768058
8
7.54864105582237
-0.339943039417267
1.79840381145477
-9.90273337960243
-3.72725041508674
-3.40813693404198
-1.99267252087593
-8.61934859156608
8
-1.81011974215508
3.19745205640793
0.577895045280457
13.7470893919468
1.4438098847866
-4.63301910758018
-3.54651650190354
-0.224986177682876
8
2.1643544614315
1.58308408856392
4.74417405128479
8.09098497629165
-1.31603624820709
0.766382557153704
0.495314401388169
-0.431937509775162
6
7
8.13250104188919
0.432215219736099
2.92121159434318
-3.25577682256698
11.1336455225945
9.69387152791024
-8.24704800844192
7
5.55291942954063
4.86750731468201
-1.84349227547646
8.73151695132255
0.176028424501419
-3.35572317242622
8.55071642398834
7
0.155630195140836
0.38017036318779
-4.85209202170372
-2.19477084279061
0.614717072248464
6.95972027182579
7.87070830464363
7
-0.728093880414964
2.94999679327011
11.5398300945759
0.865812385082245
-6.71547046899796
-3.42953355312348
6.07673142552376
7
-5.63168944120407
-12.1808957695961
-4.34744067788124
3.26609668731689
4.73865918517113
-6.24648433327676
-3.51113168597221
7
2.90078036785126
1.72973679304123
5.0214473426342
-1.23253567218781
0.355443966388702
7.88753272891044
1.97459746599197
2
7
10.4236063480377
-5.55931412577629
-0.00935397744179134
-10.6821569919586
-2.07570514082909
-4.53973398208618
3.1349196434021
7
5.5332172036171
1.99246546626091
3.28439958691597
-8.20343081355095
-4.50160609483719
2.04479687213898
3.56086052656174
|Explorer2Genome 30
3
6
8
-11.6025422036648
-2.97726185917854
-6.55583388209343
-0.239227545261379
-7.61725664138794
-3.50972287654877
-1.83063464164734
-1.72108552455902
8
3.45333808660507
4.52911494970321
-4.67984021902084
2.95572918653488
-1.8899243414402
-3.33728160858154
4.76292179822921
-2.18428316116333
8
8.10884026885033
4.87901349067688
-0.0594712793827053
-0.131572896242141
-2.61855063438415
3.08728206753731
1.02107521891594
-6.36473585367202
8
6.276816791296
-0.175556868314743
1.62752521038055
-10.5028583884239
-3.62971569299698
-3.11296263933182
-1.38703258633613
-8.13712140321731
8
-2.03044103980064
3.53175083994865
0.0202291727066043
13.7682003080845
1.62409029006958
-4.25433473587036
-3.25349646806717
0.593303292989732
8
1.35173682570458
1.59540615677834
6.71856369972229
6.45014019608497
0.27877832055092
0.904707473516466
-0.724121206998824
-0.0656712114810946
6
7
6.05380151867866
1.28937433362007
1.59594397544861
-3.00692570805549
9.79224320054055
7.39049780368806
-9.77278019189833
7
6.65828113555908
5.38794026374817
-1.86810980439186
9.10782486796379
0.231058198213577
-3.53688514828682
8.37873954772949
7
1.50442450642586
-0.174058008193969
-4.86018918156624
-3.54081875085831
3.20895969867707
4.12008173465729
3.63403846621513
7
-0.208983421325684
2.6130764901638
10.8815192997456
0.35908117890358
-7.44930790662766
-4.54374034404755
5.48831163048745
7
-4.90748020410538
-12.1145954430103
-5.05990001559258
3.96170926690102
6.30029527544975
-6.83259794712067
-1.61338710784912
7
2.51686613559723
2.43426448106766
4.39554528594017
-1.46809771060944
-0.476350373029709
8.13354529738426
0.854276382923126
2
7
10.8320926904678
-5.58389562368393
-0.413216209411625
-9.39808102250099
-0.961101472377777
-4.98036985397339
2.24123883843422
7
6.52136939764024
1.35558099746704
2.46719465851783
-7.01360253691673
-3.25885109305382
1.9364041030407
3.38171469569206
|Explorer2Genome 30
3
6
8
-10.9593541145325
0.506429135799408
-3.51358394026756
2.57779033184052
-8.9396757364273
-3.76337181925774
-2.98618019223213
-3.82176837921143
8
2.76593344211579
5.18643862009048
-2.63857310414314
1.51534033417702
-3.05338505506515
-4.15291250944138
6.53402228355407
-3.17096427083016
8
8.62811455726623
4.44160406589508
0.765210646390915
-0.958913928270339
-1.91149433851242
2.66556470990181
0.912757837772368
-6.14411398768425
8
7.17941531538963
0.377919822931289
2.05471999645233
-9.73502634763718
-4.00517774820328
-3.50104902982712
-1.99267252087593
-8.3961036145687
8
-1.61941083669663
3.6700913310051
0.0202291727066043
13.7470893919468
1.14276360869408
-4.7998568713665
-3.52703229188919
-0.798077541589736
8
0.977036947011949
0.427524143457412
5.84515703320503
6.72454383969307
0.598440289497377
1.4933303296566
-1.2661910712719
-0.201149731874466
6
7
8.02400382757187
0.988734537363052
2.92121159434318
-3.6077779173851
11.1969081759453
9.33489733338357
-8.24704800844192
7
5.55291942954063
4.86750731468201
-1.84360142350197
8.60861033797264
0.176028424501419
-3.35572317242622
8.55071642398834
7
1.08576486706734
-0.0844800233840939
-4.76268702149391
-3.84451435208321
2.97555258274079
3.56672298908233
3.22079324126244
7
0.433942705392837
1.87266944646835
9.91878334283829
2.68033347129822
-7.34407903552056
-4.96842059493065
6.30181153416634
7
-5.55928753614426
-11.3563347935677
-5.41302792429924
4.31762307882309
5.43646690249443
-5.64525933265687
-1.65303552150726
7
3.59556904435158
1.80533224344254
4.90292910933495
-1.25726771354675
0.0871499836444855
8.13354529738426
1.29345062971115
2
7
10.4236063480377
-5.55931412577629
-0.00935397744179134
-10.6821569919586
-2.07570514082909
-5.0225962638855
2.5531354188919
7
4.99100899100304
0.457519519329073
3.78669298887252
-7.80840021967887
-4.33529924750328
2.82222235202789
3.6704723238945
|Explorer2Genome 30
3
6
8
-11.7558466851711
-3.0383791744709
-6.06797861456871
0.759121692180638
-7.10685964226722
-3.35484111309052
-1.99176625609398
-2.00820505619049
8
2.19285366535187
5.60040074586868
-2.64392715096474
1.0406561434269
-2.94947999715805
-3.27130237817764
5.57893614768982
-3.03210681080818
8
8.01856249570847
4.64070878624916
-0.32486463189125
-0.596540194749831
-2.32723591327667
3.36480479836464
2.35553548336029
-5.77478278279304
8
8.30276656150818
2.06418486237526
2.0606246650219
-8.85234803557396
-4.26323701143265
-2.23063503503799
-2.25187268853187
-8.63446680903434
8
-0.807397735118866
2.84044617414475
0.551863509416581
14.8907931864262
0.921888488531111
-4.84644231796265
-3.11022899150848
-0.148202258348464
8
0.680546921491624
0.747467136383056
5.85385411381722
5.83176663517952
-0.184706306457518
1.98032156825066
-0.829200357198714
-0.756692296266556
6
7
9.10805987119674
-0.392640012502671
2.86572698950767
-3.04692229032516
11.3544380307198
9.28127124905587
-8.05172053575515
7
6.09736859202385
4.86750731468201
-2.08092299103737
8.90880967974662
-0.399921816587448
-3.30853447914123
8.996027135849
7
0.457946604490278
-0.582167965173721
-3.22055584788322
-3.71516070961952
1.06405501365662
8.09484203457832
8.11715109944344
7
-0.12433506846428
1.31919606328011
11.4153558373451
1.1649308681488
-6.99401565790177
-3.78493103981018
5.47453666329384
7
-4.48935739994049
-12.9782637953758
-5.33976771235466
4.33396361470222
5.52234608530998
-6.93837168216706
-1.99902229905128
7
2.51686613559723
2.59043077230454
4.39554528594017
-1.46809771060944
-0.476350373029709
8.13354529738426
0.854276382923126
2
7
10.9184245407581
-5.80723184943199
0.92099861502647
-11.7544380664825
-1.15494055151939
-4.56780814528465
3.21515817642212
7
6.52514165639878
1.71343556642533
3.0179465830326
-7.14929702877998
-3.29734587073326
3.24511044025421
4.03961393237114
|Explorer2Genome 30
3
6
8
-11.0271291017532
0.633037912845612
-3.51358394026756
2.24479821324349
-9.42208481431007
-3.28494934439659
-2.88535323739052
-3.82176837921143
8
2.19285366535187
5.31145323514938
-2.06191111207008
1.6238776743412
-2.94947999715805
-3.20035766363144
5.57893614768982
-2.83938429951668
8
8.57029101252556
4.00888097882271
0.604741376638413
-0.674104386568069
-0.763588988780976
2.32236279845238
1.5629144847393
-5.2833680987358
8
8.45080168247223
1.53822942376137
2.0606246650219
-8.77169701457024
-4.26323701143265
-2.23063503503799
-2.25187268853187
-8.07252034544944
8
-0.807397735118866
3.43629797697067
0.551863509416581
14.8907931864262
0.921888488531111
-4.84644231796265
-3.11022899150848
-0.148202258348464
8
2.62358024120331
1.55073300004006
5.99511567354202
8.6921085178852
-0.239078903198241
2.15084601044655
2.57041718959808
-0.86681814789772
6
7
7.08482249379158
1.29199903607368
3.16141719818115
-2.87576695680618
11.0346820235252
8.93197053074837
-8.51121090650558
7
7.6104722738266
5.7802463054657
-0.501994824409485
7.97615247964858
-0.898617947101593
-3.21765022277832
9.72676721215248
7
0.569874149560926
0.59004642367363
-4.31332316994667
-3.92525554895401
3.10166763663292
3.84246796965599
3.81337303519249
7
-1.83558340072632
2.53397471308708
9.14855077862739
0.037551712989807
-7.51135805845261
-5.84266368150711
4.76737000346184
7
-5.63168944120407
-12.1808957695961
-4.34744067788124
3.38831749558449
4.48429083824158
-5.77430596947671
-3.71036037802696
7
2.51686613559723
2.59043077230454
4.39554528594017
-1.46809771060944
-0.476350373029709
7.76914767622947
0.854276382923126
2
7
10.5213409662247
-5.58389562368393
-0.413216209411625
-9.39808102250099
-0.961101472377777
-5.1628607571125
2.36259806752205
7
6.52514165639878
1.71343556642533
2.44378705620765
-7.48461835980415
-3.66477045416832
2.93069088459015
4.54664370417595
|Explorer2Genome 30
3
6
8
-11.2899627685547
0.069798624515534
-3.74286753535271
1.80178526043892
-9.14748120307922
-3.28494934439659
-2.30104466080666
-4.47251913547516
8
2.58061769008637
5.79875553846359
-2.64392715096474
1.6238776743412
-2.94947999715805
-3.20035766363144
5.57893614768982
-3.34472206234932
8
8.39677419066429
3.52668188214302
1.01386136412621
-0.814365178346633
-0.763588988780976
2.28422757983208
1.86861385703087
-5.2833680987358
8
8.45080168247223
1.33172901272774
2.19627885222435
-8.77169701457024
-4.26323701143265
-2.52752102613449
-2.25187268853187
-8.47917127013206
8
-0.807397735118866
2.84044617414475
0.613207060098648
14.8907931864262
0.921888488531111
-4.84644231796265
-2.6270042181015
0.0229465484619147
8
0.680546921491624
0.747467136383056
5.85385411381722
5.83176663517952
-0.222799611091612
1.98032156825066
-1.09026147723198
-0.756692296266556
6
7
6.62187994122505
2.07008519768715
0.403609871864318
-3.63260093927383
10.1398732960224
7.97291467189789
-9.93010655641555
7
6.30513162612915
4.86750731468201
-2.08092299103737
9.36390859484672
-0.372342056035996
-3.60447238087654
8.99500710964203
7
0.754784780740736
0.101343631744385
-3.82252492904663
-3.87513337731362
3.30937988758088
3.9427484691143
3.5893839776516
7
-1.00365328788757
2.69185561537743
9.14855077862739
0.037551712989807
-7.51135805845261
-5.84266368150711
4.56215299367905
7
-5.63168944120407
-11.7027696251869
-4.37207251191139
3.38831749558449
4.48429083824158
-5.77430596947671
-3.15334224104881
7
3.12129126191139
3.12278683781624
6.04189635515213
-1.86698886156082
-0.922808051109313
5.89012151956558
3.41714208126068
2
7
10.4236063480377
-5.77160581946373
-0.284901314973835
-11.2547149181366
-1.95975633859634
-4.54450380802155
3.0821163713932
7
6.52514165639878
1.71343556642533
3.0179465830326
-7.05404391884803
-3.66477045416832
3.24511044025421
4.03961393237114
|Explorer2Genome 30
3
6
8
-11.0271291017532
0.633037912845612
-3.84217843413353
2.61828825473786
-9.12229717373848
-3.26225220561028
-3.48041861653328
-4.16280589103699
8
3.44066908359528
5.57859669327736
-3.9685312628746
2.55122002363205
-3.08934246301651
-3.51138209700584
4.75349789261818
-2.74162557721138
8
8.4075524687767
4.0970537006855
0.604741376638413
-0.772288614511489
-1.17263516187668
2.16860128641129
1.5629144847393
-5.99067806005477
8
8.3907124042511
1.16090670228004
3.36794742941856
-9.17240616679192
-3.84002777338028
-2.14798494577408
-2.93361447453499
-8.3537304341793
8
-1.07952548861504
3.49120208024979
0.529682284593582
14.6214906036854
0.910213869810103
-5.34917576313019
-3.63161137104035
-0.148202258348464
8
0.977036947011949
1.75411412715912
5.76187657117844
6.2665837585926
0.114381527900697
1.59354316592217
-1.25292436480522
-0.548465973138809
6
7
8.67931855916977
0.943623214960098
3.03636295795441
-3.61428560018539
11.1640841603279
9.15649359822274
-8.30827912092208
7
5.62266228199005
4.31323411464691
-1.58662877678871
9.02847210764885
-0.163930982351303
-3.60395825505257
8.9294341802597
7
0.303316915035246
-0.169879823923111
-3.59294945597648
-3.14037447571755
1.06405501365662
8.33248675465584
8.11715109944344
7
0.906353670358657
1.87266944646835
9.80905145406723
3.23221356868744
-7.86865131258965
-4.66557487845421
5.88830187916756
7
-4.93195468187332
-11.2180461764336
-5.84739801287651
3.97281438112259
5.39133176207542
-6.25627085566521
-1.37832632064819
7
2.83316688537598
3.03325577378273
5.99869154691696
-1.63699043989182
-1.20483675003052
6.71760102510452
3.19304718375206
2
7
11.9933803856373
-5.95322870612145
1.23677386641502
-12.147398853302
-1.42213164567947
-5.10910823345184
2.6488052368164
7
7.41321367621423
1.89153145551682
2.80214713215828
-8.13759316802024
-3.10255357027054
1.71716591715813
3.31181697249412
|Explorer2Genome 30
3
6
8
-11.3227069973946
-2.97726185917854
-6.11604086756706
-0.239227545261379
-7.76948793530464
-3.50972287654877
-2.02523877620697
-1.72108552455902
8
2.26274064183235
4.24108110666275
-4.67984021902084
3.20040828585625
-1.48179040551185
-3.12055270075798
4.21517131924629
-1.78211352825165
8
8.4075524687767
4.1708183825016
0.604741376638413
-0.894663363695144
-1.17263516187668
2.16860128641129
1.5629144847393
-5.99067806005477
8
7.54864105582237
0.420654779672622
1.35503058433533
-10.1536652445793
-3.52396445274353
-3.50456191897392
-2.90876026749611
-8.89258858561515
8
-1.07952548861504
4.04886881113052
0.855238085985184
14.8907931864262
0.910213869810103
-5.15850081443786
-3.63161137104035
-0.593625193834304
8
0.947722047567369
1.59540615677834
6.71856369972229
6.56097872853279
0.27877832055092
0.904707473516466
-0.724121206998824
-0.0656712114810946
6
7
8.1703846335411
0.943623214960098
2.75075778365135
-3.61428560018539
10.8286283612251
9.15649359822274
-8.30827912092208
7
6.27183096408844
5.63352854251862
-1.86810980439186
9.10782486796379
0.231058198213577
-3.53688514828682
8.28388826847076
7
1.50442450642586
-0.174058008193969
-5.24293482899666
-4.1295457482338
3.26854586601258
4.12008173465729
3.81337303519249
7
-0.12433506846428
1.31919606328011
11.4153558373451
1.02361571788788
-7.52668262720108
-3.71689541339874
5.47984607815743
7
-4.71163465380669
-12.2835564255715
-4.83210071921349
4.32092428803444
5.60278410315514
-6.59408977031708
-1.72098780274391
7
3.32405658960342
2.2069815993309
4.48163747191429
-1.7218580186367
-1.11026186347008
8.89952251911163
2.10254734754562
2
7
10.1383642911911
-6.09766873717308
-0.284901314973835
-11.2547149181366
-2.74226061701775
-4.53973398208618
2.77376642227173
7
7.61485680341721
1.44323827028275
2.52260437607765
-6.56230749487876
-3.2770029425621
1.83782305121422
3.31907730102539
|Explorer2Genome 30
3
6
8
-11.2073630690575
-2.64151402115822
-5.98077313303947
-0.393822991847987
-8.15894926190376
-3.03711228370667
-1.95436100959778
-2.14500551223755
8
2.3361054956913
4.37796732187271
-3.70974043607712
3.27796891927719
-1.87067530751228
-3.68339242935181
4.56301234364509
-2.18428316116333
8
8.57281152009964
4.83728811740875
0.0583176255226139
-0.0553446590900414
-2.08118078708649
3.6355638384819
1.23166367411613
-6.91566458940506
8
7.17941531538963
0.884376460313797
1.20892007350922
-9.79570821523667
-3.41429897546768
-3.04186099767685
-2.22661557793617
-8.26624371409415
8
-0.727014917135239
2.9334731221199
0.731292188167572
14.8907931864262
0.758197492361067
-3.89447340965271
-3.11022899150848
0.483883237838746
8
2.45085687041283
1.27623424530029
4.49523099064827
7.61427666544914
-0.225281423330305
0.131120520830156
1.10652331709862
0.511277580261231
6
7
8.0692897439003
1.28804308176041
2.32673301100731
-3.23779858350754
11.3426790118218
9.12986963391305
-8.22587917447089
7
6.4534975707531
4.86750731468201
-1.94475024342537
9.56859869360923
0.00368626713752729
-3.60447238087654
8.59550452232361
7
1.70787828564644
0.117977350950241
-3.47558104991913
-3.53426051735878
2.47247488498688
3.88251170516014
4.14489821791649
7
0.329810696840285
1.80157552957535
9.67078372240066
1.96123294830322
-6.62904139757157
-4.36586990356446
5.51420758962632
7
-4.96114875674248
-12.3612915635109
-6.41013097167015
3.83672224283218
5.49881138205528
-6.34262559413911
-1.54199004769325
7
2.53614939451218
1.71546835303307
4.65741321444511
-2.54374279379845
0.957739812135696
8.52656759619712
1.14427038431168
2
7
10.3110662221909
-5.94713267087936
-0.788773179054264
-9.24908511638641
-2.61517090201378
-3.85096166133881
3.29556048512458
7
5.2944117486477
0.157822859287264
2.87813781499862
-7.63767570257186
-4.44437267184257
3.33816020488739
3.19963599443435
|Explorer2Genome 30
3
6
8
-11.2899627685547
0.069798624515534
-3.74286753535271
1.80178526043892
-9.40454338192939
-2.71246566176415
-2.88535323739052
-3.82176837921143
8
3.13709831237793
5.1742046713829
-3.0072496175766
1.26659749150276
-2.66276580095291
-3.75943917036057
4.72393022179603
-3.9269604742527
8
8.39677419066429
4.00888097882271
0.604741376638413
-0.674104386568069
-0.763588988780976
2.32236279845238
2.10875131487846
-5.2833680987358
8
8.50904322266578
0.120215111970901
1.97045314311981
-10.0930976033211
-3.65009347200394
-2.93046290278435
-2.28591435551643
-8.59784550070762
8
-1.07952548861504
2.9334731221199
0.551863509416581
14.8907931864262
1.22910849452019
-4.7665853023529
-3.11022899150848
-0.0415377438068383
8
0.977036947011949
0.739291906356811
6.29928153753281
6.60229238271713
0.114381527900697
1.76983668208122
-0.371974200010299
-0.20157008767128
6
7
7.21062238812446
2.07008519768715
0.381277227401732
-3.24474779367447
10.1991553366184
7.97291467189789
-9.51385246515273
7
6.40450396537781
5.37069880962372
-2.13070579171181
9.19819850325584
-0.425342792272568
-3.60297942757606
8.59550452232361
7
0.754784780740736
0.402063465118409
-3.82252492904663
-3.87513337731362
3.30937988758088
3.61251975893974
3.85585019588471
7
-1.43916721343994
2.69185561537743
9.14855077862739
0.037551712989807
-7.51135805845261
-5.84266368150711
4.56215299367905
7
-5.63168944120407
-12.1808957695961
-4.29775322079659
3.38831749558449
4.48429083824158
-6.34845834374428
-3.71036037802696
7
3.39605761170387
1.99738740324974
5.76061829924583
-1.87293340563774
-0.481748980283737
8.74932233691215
1.84069501161575
2
7
10.5213409662247
-5.58389562368393
-0.413216209411625
-9.39808102250099
-0.961101472377777
-4.98036985397339
2.36259806752205
7
7.12030910253526
2.00498653650284
3.38942487835884
-7.18921298384666
-2.9934696316719
2.06938836574555
3.99047169685364
|Explorer2Genome 30
3
6
8
-9.62111493945121
-2.94773345589638
-5.48139109015465
0.173108589649205
-7.15248208642005
-4.84992101192475
-2.12445154190064
-3.14347292780876
8
2.64337236881256
5.82199024558067
-3.57471376061439
2.14485729336739
-3.43169647455215
-4.48648015856743
4.5665257692337
-2.70832927823067
8
7.57451635599136
4.86881816387176
0.39651700258255
-0.137259465456008
-1.57538704872131
3.90660143494606
2.15204696059227
-6.64094551801681
8
8.57898738384247
1.16090670228004
2.84614304900169
-9.17240616679192
-3.84002777338028
-1.84025288820267
-3.09297252297401
-8.5893309533596
8
-1.07952548861504
2.9334731221199
0.499539977312088
15.3024780809879
0.758197492361067
-4.07427954673767
-3.11022899150848
0.441575592756272
8
1.84878126978874
1.05315479636192
4.97431252002716
7.8302780508995
-0.34096888899803
1.19045260548592
-0.206687504053115
-0.493372058868408
6
7
7.1491394162178
1.21987180709839
3.31190977692604
-2.20051790475845
9.45078803300859
7.71779310703278
-7.97910829186439
7
5.0075010061264
5.38287281990051
-2.09382205605507
8.52948814034461
0.907597357034683
-3.07318315505981
9.02637958526611
7
0.491524267196653
-0.285215455293655
-4.04294130206108
-1.46601738929749
0.430513381958013
7.35665099620819
8.26115738153458
7
1.28832482099533
0.978010600805282
10.2841742753983
1.52215719223022
-6.43979772925377
-4.3389101266861
5.35646939873696
7
-4.19530813097954
-12.2835564255715
-4.56859850287437
3.52238045334816
6.17340288162232
-7.45221283435822
-1.16590335965156
7
2.77227687835693
2.12586750388145
4.26097685694694
-3.21252477169037
-0.650306361913681
8.07204331755637
2.32876676917076
2
7
11.070893317461
-5.7428061902523
0.929447215795513
-11.5885081768036
-1.59645683169365
-4.54723452925682
3.21515817642212
7
7.41803500056268
1.89153145551682
2.80214713215828
-8.13759316802024
-3.62997412085533
1.71716591715813
3.48538901209831
|Explorer2Genome 30
3
6
8
-11.2899627685547
0.069798624515534
-3.74286753535271
1.80178526043892
-9.40454338192939
-3.28494934439659
-2.88535323739052
-3.82176837921143
8
2.19285366535187
5.79875553846359
-2.64392715096474
1.6238776743412
-2.94947999715805
-3.20035766363144
5.57893614768982
-3.34472206234932
8
8.39677419066429
4.00888097882271
0.604741376638413
-0.674104386568069
-0.763588988780976
2.32236279845238
2.10875131487846
-5.2833680987358
8
8.45080168247223
1.53822942376137
2.0606246650219
-8.77169701457024
-4.26323701143265
-2.23063503503799
-2.25187268853187
-8.47917127013206
8
-0.807397735118866
2.84044617414475
0.551863509416581
14.8907931864262
0.921888488531111
-4.84644231796265
-3.11022899150848
-0.148202258348464
8
0.680546921491624
0.747467136383056
5.85385411381722
5.83176663517952
-0.184706306457518
1.98032156825066
-0.829200357198714
-0.756692296266556
6
7
6.62187994122505
2.07008519768715
0.403609871864318
-3.63260093927383
10.1991553366184
7.97291467189789
-9.51385246515273
7
6.09736859202385
4.86750731468201
-2.08092299103737
9.36390859484672
-0.399921816587448
-3.60447238087654
8.996027135849
7
0.754784780740736
0.101343631744385
-3.82252492904663
-3.87513337731362
3.30937988758088
3.9427484691143
3.5893839776516
7
-1.43916721343994
2.69185561537743
9.14855077862739
0.037551712989807
-7.51135805845261
-5.84266368150711
4.56215299367905
7
-5.63168944120407
-12.1808957695961
-4.29775322079659
3.38831749558449
4.48429083824158
-5.77430596947671
-3.71036037802696
7
2.51686613559723
2.59043077230454
4.39554528594017
-1.46809771060944
-0.476350373029709
8.13354529738426
0.854276382923126
2
7
10.5213409662247
-5.58389562368393
-0.413216209411625
-9.39808102250099
-0.961101472377777
-4.98036985397339
2.36259806752205
7
6.52514165639878
1.71343556642533
3.0179465830326
-7.14929702877998
-3.66477045416832
3.24511044025421
4.03961393237114
|Explorer2Genome 30
3
6
8
-11.4491587400436
-2.61830182671547
-6.55583388209343
-1.67577849626541
-8.39569841027259
-3.75449540615082
-1.45440005660057
-1.65357632637024
8
2.71429469585419
5.20407782793045
-2.03236820697784
0.98659754395485
-2.94947999715805
-4.55036824941635
7.09032387733459
-2.55058701038361
8
8.24069074392319
3.7036995947361
0.157176679372788
-0.877974158525466
-0.751746302843094
2.16860128641129
1.29401745200157
-5.65038098096847
8
6.55844727158546
-0.00507233738899271
4.97110751271248
-10.9273804605007
-6.92303883433342
-0.467486566305161
-1.71701294183731
-8.95498965978622
8
-3.00070990920067
3.546832883358
0.713434648513794
15.0190440475941
1.27098037004471
-4.15747433900833
-3.99063724279404
0.179368543624879
8
1.87264334559441
1.9491189301014
4.39893369674683
8.32002944350242
-1.7118536233902
0.857427352666857
1.1450953245163
-0.431937509775162
6
7
8.0692897439003
0.701471310853957
2.23457280993461
-2.72770780324936
11.6205331027508
8.95319701433182
-8.32237132191657
7
5.91593095660209
4.86750731468201
-1.35590823292732
9.56859869360923
-0.399921816587448
-3.60447238087654
8.59550452232361
7
1.17584644556045
-0.699287945032119
-4.76268702149391
-4.1295457482338
3.35383610725403
4.38441677689552
3.81337303519249
7
-0.786756294965745
2.74951969385147
11.133431583643
1.38158074021339
-6.69966188669205
-3.80438851714134
5.5570880830288
7
-5.94638758897782
-10.522781765461
-5.41302792429924
4.31762307882309
5.39133176207542
-6.14429749846459
-1.32176311016083
7
3.46872137188911
2.80070655345917
5.64785851836205
-1.6448527276516
0.400230491161347
6.32452079057693
3.0833501458168
2
7
10.5213409662247
-5.58389562368393
-0.413216209411625
-9.55215038061142
-0.961101472377777
-4.0922628223896
2.36259806752205
7
4.62409424185754
1.62449056506157
2.43608545064926
-9.44833755493164
-4.08387684226036
3.09851042628288
4.03874291181564
|Explorer2Genome 30
3
6
8
-10.9856369018555
-2.61830182671547
-7.05749251246452
-1.67577849626541
-7.53958208560943
-3.75449540615082
-1.53116866946221
-1.99179846644402
8
2.64337236881256
5.78864502310753
-3.57471376061439
2.14485729336739
-3.17128309011459
-4.48648015856743
4.5665257692337
-2.70832927823067
8
8.24069074392319
3.7036995947361
0.143428677320481
-0.596009117364883
-0.507819938659668
2.19560240507126
1.84606284499168
-5.65038098096847
8
8.83519964218139
1.91280928254127
2.84614304900169
-9.17240616679192
-3.84002777338028
-1.84025288820267
-2.59577680230141
-8.39834801554679
8
-1.75665094256401
2.9334731221199
0.914877182245255
15.6994535088539
0.758197492361067
-4.4551146030426
-3.11022899150848
-0.148202258348464
8
1.84144753813744
0.607278960943223
5.18017692565918
7.85790330171585
-0.15360042452812
1.15868917107582
0.805958408117295
-0.663835650682449
6
7
7.00297683477402
1.21987180709839
3.20395773053169
-2.65292130708694
9.64175702333451
7.16935718059541
-8.18883836865425
7
6.40682570338249
4.86750731468201
-2.19588118195534
9.56859869360923
-0.399921816587448
-3.55848007798195
8.59550452232361
7
1.17584644556045
-0.699287945032119
-4.76268702149391
-4.1295457482338
3.76875231266022
4.51028606891632
3.81337303519249
7
-0.786756294965745
2.74951969385147
11.133431583643
1.38158074021339
-7.03604222536087
-4.32107467055321
5.5570880830288
7
-5.94638758897782
-11.0809962391853
-5.79517275691033
3.69376851320267
5.39133176207542
-5.86852599978448
-1.83789236545563
7
3.46872137188911
2.80070655345917
5.64785851836205
-1.57153450846672
0.0579597353935252
6.41429690122604
3.0833501458168
2
7
10.5213409662247
-5.58389562368393
0.0581869602203333
-9.84991255998611
-0.961101472377777
-4.56860612034798
2.36259806752205
7
7.41803500056268
1.89153145551682
2.80214713215828
-8.13759316802024
-3.62997412085533
2.13246142268181
3.35784310698509
|Explorer2Genome 30
3
6
8
-11.8389043807983
-2.78180061578751
-4.94522269368172
-0.0832169115543322
-7.53622125983238
-4.32577295303345
-1.11944069862366
-4.85042278766632
8
3.16210501194
4.39679950475692
-3.18295231461525
1.0274725496769
-2.1151917040348
-4.73617908358574
4.33844249844551
-2.36121745705605
8
7.41079172492027
4.82827889919281
0.158792459964753
-0.237694245576858
-0.967310184240341
3.63813174962998
0.204965418577193
-6.57427552938461
8
7.66225449442863
-0.762392961978913
2.13396183848381
-8.05280210971832
-3.83689259290695
-1.86976895332336
-1.31543233990669
-8.62007071375846
8
-1.53010026812553
2.58600646257401
0.120098310709
15.5095699191093
1.61543097496033
-5.39365408420563
-2.77244324684143
-0.148202258348464
8
1.46033567786217
0.434464287757873
6.46665104031563
6.02310376763344
0.354103493690492
1.83560737967491
-0.477656310796736
0.0266114234924314
6
7
8.11299664378166
2.5787517786026
1.81111893653869
-3.29344276189804
10.358706253767
9.11361535787583
-8.83786786198615
7
5.2715320289135
4.71057813167572
-2.05405891537666
9.16343348026275
0.209004074335098
-3.24919169545174
8.57128045558929
7
0.281453531980512
-0.923244386911392
-4.09127148985863
-2.22217529416085
1.09876134991646
7.30243482589722
8.78957759141922
7
0.321286922693252
1.2510969221592
11.1290720283985
1.20466196537018
-7.11492999792099
-3.71689541339874
4.97724538445473
7
-4.26354352831841
-12.2835564255715
-4.44437796473503
4.02070155739784
5.05607330203056
-6.44312632083894
-1.54955223202705
7
3.39555523395538
3.02006030678749
7.21798678636551
-0.666060709953309
-0.974016785621642
6.60586389899253
3.19304718375206
2
7
11.3052888095379
-7.00591760277748
1.05061400532722
-9.92682054042816
-1.38637509942055
-4.05238202214241
3.02849624156952
7
9.58274021744729
0.264683067798616
2.74379311800003
-10.335489988327
-5.9009990632534
2.88345201611519
2.04684035181999
|Explorer2Genome 30
3
6
8
-10.1387664020061
-1.39184458851814
-4.70486384630203
1.15580018162728
-11.0434263586998
-2.49362179636956
-1.46631321310997
-1.74156381487846
8
0.906940364837648
4.43353927731514
-3.74565240740776
1.54865830540657
-0.6358898460865
-3.5233163356781
4.63347971439361
-3.85724682211876
8
8.24069074392319
4.32594263553619
0.765210646390915
-0.704240399599075
-1.37039899230003
2.99179313778877
0.986947381496428
-6.59362732768058
8
7.54864105582237
-0.339943039417267
1.79840381145477
-9.90273337960243
-3.72725041508674
-3.17621003985405
-1.99267252087593
-8.75189041495322
8
-3.36677593588829
3.6700913310051
0.0803080797195438
14.3787059128284
1.2140777349472
-5.52739782333374
-3.37103496193886
1.16566838622093
8
2.1643544614315
2.08549795746803
4.74417405128479
8.09098497629165
-0.800378775596617
0.766382557153704
0.495314401388169
-0.747087913751602
6
7
8.57333225011825
0.286096107959747
3.19407019615173
-3.25577682256698
11.8945288360119
9.28127124905587
-7.99670751690864
7
6.41870688796043
4.86750731468201
-2.38312835693359
8.21117019057273
0.670452815294265
-2.21292791366577
8.38231039047241
7
0.714422595500944
0.38017036318779
-4.85209202170372
-1.92667169570923
0.614717072248464
6.95972027182579
7.87070830464363
7
-0.728093880414964
2.94999679327011
11.5398300945759
0.865812385082245
-6.71547046899796
-3.42953355312348
6.07673142552376
7
-5.63168944120407
-12.1808957695961
-4.84207606911659
3.26609668731689
4.73865918517113
-6.24648433327676
-3.51113168597221
7
2.90078036785126
1.72973679304123
4.90733022093773
-1.25726771354675
0.432376801967621
7.88753272891044
1.97459746599197
2
7
10.4680184900761
-5.82092930078506
-0.912496900558475
-9.18447413444519
-2.61517090201378
-3.42086672782898
3.58569803833961
7
5.5332172036171
1.99246546626091
3.28439958691597
-8.20343081355095
-4.31571449041366
2.04479687213898
3.56086052656174
|Explorer2Genome 30
3
6
8
-10.5452425718307
0.0575953602790837
-4.05382017493248
2.1969250202179
-10.1592504620552
-2.95816389322281
-3.00159996151924
-3.55990862250328
8
1.87149398326874
5.31145323514938
-2.64392715096474
1.61424368023872
-2.94947999715805
-4.15291250944138
6.00436117649078
-2.83938429951668
8
8.77912335395813
4.29167265892029
0.738229984045029
-0.958913928270339
-1.60039492845535
2.66556470990181
0.912757837772368
-6.14411398768425
8
8.95074949264526
1.65733595490456
2.94598093032837
-9.17240616679192
-3.84394816160202
-3.22847329378128
-2.68287542462349
-9.19110478758811
8
-0.785458016395569
2.84616276621819
0.439847058057785
15.1798908293247
-0.0565158963203445
-5.53681752681732
-5.74569373726845
0.575195860862733
8
2.32046245932579
1.38628522753716
4.86712113022804
8.132179915905
-1.33785492777824
1.15868917107582
0.897853893041612
-0.952420455217361
6
7
7.07492505311966
1.2667699098587
3.31190977692604
-2.87577360868454
9.97919365167619
7.10684533119202
-8.67585397958755
7
6.17220472693443
5.36353008747101
-2.20098381638527
9.76936683058738
0.00412970781326277
-3.31203832030296
9.08839683532715
7
1.17584644556045
-0.699287945032119
-4.76268702149391
-4.63008729219437
3.20895969867707
4.12008173465729
3.81337303519249
7
-0.12433506846428
1.31919606328011
11.4153558373451
1.02361571788788
-7.52668262720108
-3.71689541339874
5.47984607815743
7
-4.71163465380669
-12.8715056538582
-4.86519545912743
4.03035214543343
5.60278410315514
-6.59408977031708
-1.13697562813759
7
3.12437444329262
2.2069815993309
3.8933164536953
-1.39030300974846
-1.03241907954216
8.60906290411948
2.29613345861435
2
7
10.5213409662247
-5.58389562368393
-0.413216209411625
-9.55215038061142
-1.44341901540756
-5.1628607571125
2.36259806752205
7
7.12030910253526
1.44323827028275
2.52260437607765
-7.01795129179954
-2.73714708089828
1.83782305121422
3.15826871395111
|Explorer2Genome 30
3
6
8
-11.6025422036648
-2.69787511825561
-6.55583388209343
-0.239227545261379
-7.61725664138794
-3.50972287654877
-1.83063464164734
-1.96775240898132
8
2.19285366535187
5.20407782793045
-2.21141815781593
0.98659754395485
-2.94947999715805
-4.55036824941635
6.53402228355407
-2.7971746981144
8
7.57451635599136
4.86881816387176
0.39651700258255
-0.137259465456008
-1.16180486679077
3.36480479836464
2.15204696059227
-6.64094551801681
8
6.58170513510704
-0.175556868314743
1.62752521038055
-10.5028583884239
-3.62971569299698
-2.94686888456345
-1.43696337342262
-8.13712140321731
8
-1.86577488183975
3.53175083994865
0.0202291727066043
13.7682003080845
1.27929711341858
-4.25433473587036
-3.21029652357102
0.247588580846787
8
2.1643544614315
1.96946817040444
4.70144410133362
8.82031964659691
-1.7118536233902
0.446111673116686
1.1450953245163
-0.431937509775162
6
7
6.62187994122505
1.28937433362007
1.5227064371109
-3.78158584833145
9.94500086903573
7.97291467189789
-9.77278019189833
7
6.65569212436676
5.63352854251862
-1.86810980439186
9.10782486796379
-0.302699536085129
-3.53688514828682
8.37873954772949
7
1.50442450642586
-0.174058008193969
-5.24293482899666
-3.54081875085831
3.20895969867707
4.12008173465729
3.81337303519249
7
-0.114163899421693
2.6130764901638
11.2376972019672
0.35908117890358
-7.44930790662766
-4.54374034404755
5.48831163048745
7
-4.19530813097954
-12.2866897463799
-4.56859850287437
3.66133211255074
5.81703243255615
-7.75519716739655
-1.16590335965156
7
3.05918553471565
3.12278683781624
6.06625267267227
-1.84345129728317
-1.5045604467392
5.89012151956558
3.41714208126068
2
7
11.1685993254185
-5.7428061902523
0.929447215795513
-11.5885081768036
-1.34498094320297
-4.73226573467255
3.21515817642212
7
5.04462642073632
1.62449056506157
2.63035060763359
-9.44833755493164
-4.08387684226036
3.09851042628288
3.99617224931717
|Explorer2Genome 30
3
6
8
-10.2743306815624
-2.90889313817024
-5.72409767508507
-0.326788938045497
-6.55798197388649
-4.0491087436676
-1.93065021038056
-4.10170509815216
8
2.3361054956913
4.52911494970321
-4.25798896551132
3.14521852731705
-1.87067530751228
-3.33728160858154
4.98257892727852
-2.42203223705292
8
8.11862282156944
4.72770128250122
-0.463748252391815
-0.67560195326805
-2.96200528144836
3.28440640568733
1.52031165361404
-6.55300015807151
8
7.67355324625969
-0.380044835805893
2.01253923773766
-9.65268013477326
-4.75261627435684
-2.71330303549767
-2.48580480217933
-7.5876637160778
8
-1.17464997768402
2.82267333865166
-0.157829505205154
15.3858246147633
-0.0565158963203445
-5.5518994808197
-5.74569373726845
0.76504266858101
8
1.89387778639793
0.459661978483201
4.75270833969116
8.23094106912613
-0.31055592894554
0.72879658341408
0.530614560842515
0.316426396369934
6
7
8.20409778356552
0.701471310853957
2.23457280993461
-3.23779858350754
11.3426790118218
9.31022508740426
-8.08166924118995
7
6.21179763674736
4.92393333911896
-1.86810980439186
9.76936683058738
0.00412970781326277
-2.911622351408
8.52355244159698
7
1.61754642128944
0.117977350950241
-3.84191572666168
-3.65929544568062
2.9495031118393
3.9427484691143
3.5893839776516
7
-1.51907365322113
3.00071929693222
11.6914470732212
0.893078434467316
-6.27480784654618
-4.33525838851929
5.16180961728096
7
-4.96114875674248
-12.4635963797569
-6.32053274512291
3.97031747698784
5.49881138205528
-6.34262559413911
-1.7113653242588
7
3.00612977743149
2.08641657233238
4.35736057162285
-1.61222562193871
0.957739812135696
8.52656759619712
1.45234061479568
2
7
10.6696991682053
-6.34663345217705
0.724737286567684
-10.1127201557159
-2.07570514082909
-4.24617688059807
2.86519105434417
7
5.67029523253442
1.22283799052239
3.83665862679481
-7.59522863626479
-4.25690049529075
2.09564454555511
2.80574501752853
|Explorer2Genome 30
3
6
8
-10.2743306815624
-2.95211017727852
-5.6452661216259
0.223407232761388
-6.30752847194671
-3.61519985198975
-1.93065021038056
-4.10170509815216
8
2.19285366535187
5.31145323514938
-2.96396618485451
1.6238776743412
-3.44897598028183
-4.15291250944138
6.00436117649078
-2.83938429951668
8
8.11862282156944
4.72770128250122
-0.463748252391815
-0.810373944044112
-2.76030089259148
3.22458463311196
1.52031165361404
-6.33980566859245
8
7.56549562811851
0.643316751718521
2.01253923773766
-9.94445367455483
-4.75261627435684
-3.72584938406944
-2.48580480217933
-7.5876637160778
8
-1.17464997768402
2.82267333865166
-0.157829505205154
15.3858246147633
-0.148821723461153
-5.5518994808197
-5.53744060993195
0.735755449533463
8
1.46264953017235
1.38628522753716
4.33051397800446
7.80774048566818
-0.772011250257491
1.15868917107582
0.897853893041612
-0.952420455217361
6
7
7.07492505311966
1.49629467129707
3.31190977692604
-2.79696422815323
9.97919365167619
6.61053745746613
-8.67585397958755
7
6.61242539286613
5.36353008747101
-1.84835143685341
9.76936683058738
-0.159116041660309
-3.30207774043083
8.48885016441345
7
0.611292088031767
-0.699287945032119
-4.27099791169166
-4.1295457482338
3.20895969867707
4.00395817756653
3.29218720793724
7
-0.927059125900269
3.37571972608566
11.6914470732212
0.618903243541717
-6.27480784654618
-4.33525838851929
5.16180961728096
7
-5.02201938033104
-12.8497484326363
-5.811422508955
3.99823970198631
5.49881138205528
-6.34262559413911
-1.7113653242588
7
2.506456553936
2.08641657233238
4.35736057162285
-1.61222562193871
1.19504162073135
8.256393545866
1.45234061479568
2
7
11.1856544733048
-5.95850006937981
0.724737286567684
-10.3742831707001
-2.07570514082909
-4.24617688059807
2.86519105434417
7
5.67029523253442
1.22283799052239
3.83665862679481
-7.59522863626479
-3.71803039908409
2.12711679935455
2.8963996052742
|Explorer2Genome 30
3
6
8
-10.5452425718307
0.212218201160431
-3.85755144357681
2.1969250202179
-9.92115212678909
-3.26225220561028
-2.90339542031288
-3.85269877314568
8
3.55750353336334
5.26090984940529
-3.9685312628746
3.56683939695358
-3.14592233896255
-3.75003716945648
5.0775708258152
-2.17711463570595
8
6.05188350081444
4.20076394081116
0.525965702533722
-1.06332860589027
-1.67896568179131
2.93010259866715
1.77079390883446
-6.16544636487961
8
8.74440752863884
0.163860088586807
2.769013017416
-10.594613969326
-4.76080625653267
-3.08777016997337
-2.01758401989937
-7.72475835680961
8
-1.07952548861504
1.8807378411293
1.11905701756477
14.8907931864262
0.353532904386519
-3.64650356173515
-2.58978016376495
-0.148202258348464
8
1.89387778639793
1.8044702231884
4.21850814819336
7.89549249410629
0.0275345861911789
1.32216399908066
1.29687275290489
-1.33463452458382
6
7
8.11299664378166
2.5787517786026
1.81111893653869
-3.29344276189804
10.2279299676418
8.53780975937844
-9.58622690439223
7
9.1181177854538
5.65468028187752
-2.72539151310921
7.59578539729118
-3.43681527972221
-3.01829999089241
10.5938719213009
7
0.377299588918684
-0.285215455293655
-4.09127148985863
-2.22217529416085
0.777494025230413
7.20755944252014
8.78957759141922
7
0.321286922693252
1.67418685555458
10.6808159649372
1.20466196537018
-7.12586303949356
-3.71689541339874
5.47453666329384
7
-5.53794410824776
-12.2144157290459
-5.75543829798699
4.33396361470222
5.91632224917412
-6.93837168216706
-1.77144201397896
7
2.35863554477692
2.62324629426003
5.95707417726517
-1.63699043989182
-0.995626467466353
5.78921266794204
3.32446119189262
2
7
9.4789510011673
-5.62280047535896
-1.20397391319275
-8.94331716895103
-2.51042992472649
-3.91225235462189
2.78021350502967
7
5.93849088549615
0.712912863492967
3.21845613718032
-8.83869463801383
-5.04394938349724
1.81080240607262
2.77296241521835
|Explorer2Genome 30
3
6
8
-10.5452425718307
0.0360125720500951
-4.05382017493248
2.13061945438385
-10.1592504620552
-3.0082833647728
-3.00159996151924
-3.55990862250328
8
3.2323540687561
5.49953396916389
-3.9685312628746
2.55122002363205
-3.14627774953842
-3.32961513996124
4.75349789261818
-3.17430601716042
8
8.50633212924004
3.61523540616035
0.604741376638413
-0.674104386568069
-1.08958524465561
2.41800901293755
1.5629144847393
-5.2833680987358
8
8.95074949264526
1.65733595490456
2.66337959766388
-9.30818166136742
-3.84394816160202
-3.22847329378128
-2.1490405857563
-9.41767956614494
8
-1.69004876017571
3.58549973368645
0.0202291727066043
14.1195464432239
1.44933115839958
-4.25433473587036
-3.41487568616867
0.447743010520936
8
1.30651606917381
1.318887591362
5.62402304410934
6.09975615143776
0.114381527900697
1.39179970622063
-1.25292436480522
-1.0788246691227
6
7
6.32310345768928
2.07008519768715
0.658998709917067
-4.6704782128334
10.1991553366184
7.9799233198166
-9.51385246515273
7
5.25598651766777
4.31323411464691
-1.57881925702095
9.02847210764885
0.346885424852371
-3.60395825505257
8.9294341802597
7
0.313322985172269
-0.265375405550003
-3.36035708785057
-3.14037447571755
1.32400997281075
7.64539743065834
8.11715109944344
7
-2.16807233691216
2.99858073592186
10.1171976625919
0.037551712989807
-7.51135805845261
-5.48192196488381
4.52564355134964
7
-5.63168944120407
-12.1808957695961
-4.34744067788124
2.71312024593353
3.93244950771332
-5.99747736454011
-3.51113168597221
7
2.88373673558235
2.2069815993309
4.41642588973045
-0.661079972982407
-1.5167676627636
8.60906290411948
2.60591043233871
2
7
12.3873269379139
-5.59339520335197
1.23677386641502
-12.0266351461411
-1.59645683169365
-5.10910823345184
3.21515817642212
7
6.52514165639878
1.71343556642533
2.77504974007606
-7.42285266518592
-3.66477045416832
2.78835155963898
4.34786655306816
|Explorer2Genome 30
3
6
8
-10.26596596241
-2.34034264683723
-5.06211218237877
1.15580018162728
-10.9223696827888
-2.71256113052368
-1.46631321310997
-1.74156381487846
8
2.00417985916138
5.31145323514938
-2.07512517571449
1.45710585713387
-2.94947999715805
-4.15291250944138
6.00436117649078
-3.28537386059761
8
7.94839769601822
4.9710244178772
0.0583176255226139
-0.597832947969436
-2.49273772239685
2.77371466755867
1.23166367411613
-6.99334286451339
8
9.02168061733246
0.732947880029678
2.0606246650219
-9.17240616679192
-3.84002777338028
-2.23063503503799
-2.25187268853187
-8.47917127013206
8
-1.07952548861504
2.84044617414475
0.551863509416581
14.8907931864262
1.34595674872398
-4.84644231796265
-2.73308665752411
-0.148202258348464
8
1.89387778639793
1.38628522753716
4.65219037532806
7.97186414003372
-0.274173945188521
1.15868917107582
0.897853893041612
-0.728574466705322
6
7
7.07492505311966
1.21987180709839
3.31190977692604
-2.20051790475845
10.4555649876595
7.16935718059541
-8.25530248880386
7
6.09736859202385
4.86750731468201
-1.94475024342537
8.98832938075065
-0.399921816587448
-3.60447238087654
8.996027135849
7
0.987982970476149
-0.194060134887695
-4.76268702149391
-4.1295457482338
3.20895969867707
4.53996823430061
3.81337303519249
7
-0.254956716299058
0.974469405412674
11.0166391193867
2.39562771320343
-7.11492999792099
-4.10017449855805
5.42200592160225
7
-5.94638758897782
-11.264372074604
-5.41302792429924
4.47139016985893
5.39133176207542
-6.4830101966858
-0.813670468330382
7
2.34392230510712
3.16424048542976
5.95810772180557
-1.63699043989182
-1.67147402763367
6.71760102510452
3.19304718375206
2
7
10.5213409662247
-5.58389562368393
-0.413216209411625
-9.39808102250099
-0.961101472377777
-5.1628607571125
2.36259806752205
7
7.12030910253526
1.89153145551682
2.30838950276374
-7.54613031744956
-2.9224590241909
1.63363084197044
3.03178634047508
|Explorer2Genome 30
3
6
8
-10.3905462741852
-2.50340428948402
-5.06211218237877
1.53413241505623
-11.192910015583
-2.71256113052368
-1.46631321310997
-2.11024574637413
8
2.77401447296143
6.08064712285995
-3.98150782585144
1.64225137829781
-2.65973669290542
-4.94324347376824
4.7096962928772
-2.992261916399
8
7.9086776137352
4.08475332260132
0.998031753301621
-0.647636133432388
-0.375847923755646
1.56955330967903
1.66088742613792
-5.65038098096847
8
7.94285518527031
0.0523469984531398
2.19779553413391
-9.87770557999611
-3.83315804600715
-2.64868375658989
-2.41597645878792
-7.94206520915031
8
-1.07952548861504
1.8807378411293
1.1437281191349
14.3298119604588
0.420312827825545
-4.04598719477653
-3.04671986103058
-0.100822520256042
8
2.47904778122902
0.328438889980317
7.05580458045006
8.57003294229507
-2.4435738325119
1.69566534161568
-0.359887039661407
-1.98873460888863
6
7
8.11857458353042
1.25065997242927
2.5911983191967
-3.37427288293838
11.7369010090828
8.73365479111672
-8.30827912092208
7
6.67866606712341
5.36353008747101
-1.59609735012055
9.44896187186241
0.00412970781326277
-3.50526170730591
9.08839683532715
7
1.22333379387855
0.0263962745666507
-4.35423436760902
-4.60189656019211
3.2812662601471
4.19482510089874
3.81337303519249
7
0.146086013317107
1.39586003422737
11.1290720283985
1.1649308681488
-6.80003908872605
-4.06343581676483
5.9096231520176
7
-5.67103646397591
-10.8653936445713
-5.08481273055077
4.62170976400375
5.86935982704163
-6.01187467575074
-1.54012975692749
7
3.3961852312088
1.94763342738152
4.41693284511566
-3.26059782505035
-0.468907654285431
8.21761123538017
2.64057351350784
2
7
10.7088281095028
-5.88211985826492
0.0764098167419398
-9.02773635387421
-2.47938991785049
-4.85066378712654
2.60066001415252
7
6.30467972159386
0.457519519329073
3.34952612519264
-7.44491562247276
-4.09438659548759
2.4635354757309
3.37029050588608
|Explorer2Genome 30
3
6
8
-10.2622904241085
-2.48073647618294
-5.72409767508507
-0.326788938045497
-6.39766557216644
-4.0491087436676
-1.93065021038056
-4.63773105144501
8
2.19285366535187
5.31145323514938
-2.64392715096474
1.22452951073647
-2.94947999715805
-3.84223531484604
6.00436117649078
-2.92708774209023
8
7.73285149931908
4.31735162734985
-0.463748252391815
-0.67560195326805
-3.475932264328
3.28440640568733
1.52031165361404
-6.35647248625755
8
8.45080168247223
0.840775400400161
2.84614304900169
-9.17240616679192
-3.84002777338028
-1.84025288820267
-2.94290192723274
-8.23140033483504
8
-1.00651969313622
2.9334731221199
0.46035562157631
14.782749158144
0.758197492361067
-4.59033005237579
-3.11022899150848
-0.148202258348464
8
1.89387778639793
1.38628522753716
4.65219037532806
8.132179915905
-0.660230582952498
1.15868917107582
0.34406699538231
-0.952420455217361
6
7
8.0692897439003
0.809332090616225
2.23457280993461
-3.23779858350754
11.3426790118218
9.31022508740426
-8.08166924118995
7
6.21179763674736
5.36353008747101
-1.86810980439186
9.76936683058738
0.00412970781326277
-3.12655056715011
8.48885016441345
7
1.26472564339638
0.117977350950241
-3.84191572666168
-3.65929544568062
2.9495031118393
3.9427484691143
3.5893839776516
7
0.0923365652561178
1.95111597776413
9.94812091588974
2.21920745372772
-6.75032287836075
-4.36586990356446
5.41988576054574
7
-5.48021143674851
-11.2786783337593
-5.84739801287651
4.01207169294357
5.39133176207542
-6.29747824072839
-1.37832632064819
7
2.83686540126801
3.16424048542976
5.99869154691696
-1.63699043989182
-1.20483675003052
6.71760102510452
2.86902531981468
2
7
10.6696991682053
-5.57962567210198
0.724737286567684
-10.5057084262371
-2.07570514082909
-4.24617688059807
2.86519105434417
7
7.41803500056268
1.89153145551682
2.80214713215828
-8.13759316802024
-3.12310349345207
1.59797920584679
3.48538901209831
|Explorer2Genome 30
3
6
8
-11.7419732093811
-2.61611207127571
-6.55583388209343
-0.393822991847987
-7.76948793530464
-3.46553258895874
-1.38185694217682
-2.14682562351227
8
2.00244470238686
4.10005978345871
-4.25798896551132
3.18693925142288
-1.95602183938026
-3.40928275585175
4.72507620453834
-2.18428316116333
8
7.94839769601822
4.83728811740875
0.0583176255226139
-0.596540194749831
-2.52994225025177
3.6355638384819
1.23166367411613
-6.48461042642593
8
7.67355324625969
0.163860088586807
2.01253923773766
-9.50893560051918
-4.80233348608017
-2.71330303549767
-2.73406084179878
-7.28548347353934
8
-1.17464997768402
2.82267333865166
-0.157829505205154
15.3858246147633
-0.0565158963203445
-5.5518994808197
-5.74569373726845
0.596407109498978
8
1.63644372820854
1.01597816348076
4.75270833969116
8.23094106912613
-0.31055592894554
0.72879658341408
0.530614560842515
-0.0214297294616698
6
7
7.07492505311966
1.21987180709839
3.31190977692604
-2.79696422815323
9.72184871435166
7.16935718059541
-8.67585397958755
7
5.92673332095146
4.86750731468201
-1.94475024342537
9.56859869360923
-0.399921816587448
-3.60447238087654
8.59550452232361
7
0.688456022739409
-0.699287945032119
-4.62709963917732
-4.5701535820961
3.20895969867707
4.26450324058532
3.81337303519249
7
-1.40982270240784
3.00071929693222
11.6914470732212
0.510659801959991
-6.27480784654618
-4.33525838851929
5.16180961728096
7
-4.96114875674248
-12.3612915635109
-5.88381432890892
3.99823970198631
5.49881138205528
-6.34262559413911
-1.7113653242588
7
3.00612977743149
2.08641657233238
4.35736057162285
-1.61222562193871
0.957739812135696
8.52656759619712
1.52144683599472
2
7
10.5213409662247
-5.58389562368393
-0.413216209411625
-9.55215038061142
-0.619183051586151
-5.1628607571125
2.36259806752205
7
5.67029523253442
1.22283799052239
3.83665862679481
-7.59522863626479
-3.71803039908409
2.18432059288025
2.8963996052742
