50
1058
|Explorer2Genome 30
3
6
8
-1.33459702134132
-5.61979253292084
1.6255451798439
-1.75553684830666
-5.13270546197891
-1.51419264674187
0.381398785114288
-4.94200751781464
8
-2.30408800840378
4.4262249648571
0.31126235127449
-4.88218009471894
-1.98724911212921
4.09853041172027
-1.60563609600067
-1.21716496348381
8
5.06518163084984
-11.0555626094341
-1.606546407938
2.31901542544365
3.02660029530525
-4.25053933858871
-6.96325598359108
3.50555084347725
8
2.88638384342194
-3.57793515324592
-6.6464411854744
6.28766257762909
-3.83064469695091
-0.188571101427078
-3.88409836292267
0.0967902481555948
8
3.74103811979294
3.29221400022507
-3.74647524952888
-9.00557895302773
0.625489091873169
9.67981045246124
5.30143222212791
-2.23544920086861
8
3.40296425223351
-2.51659600734711
-0.667593455314636
-9.8924106657505
-0.55762790441513
4.88805415630341
-6.08595798015595
3.20144993066788
6
7
-4.55490517020226
2.38798525333404
3.63490985035896
1.00842943787575
-7.96437286138535
-3.60452894568443
3.89834072589874
7
-2.94504237174988
-3.5431976556778
-2.15814890265465
2.71414003968239
-5.36788427829742
4.21676942706108
-0.71415948867798
7
4.54986295104027
4.20851954817772
-0.051049435138702
-3.59654622673988
-3.77455149292945
-3.96361241936684
-1.03350814580917
7
4.6307382106781
-2.62336683869362
1.2483415544033
4.16526644825935
-1.144825476408
-4.17391287684441
4.82473773360252
7
5.21428961157798
-2.17077716588974
-9.82579838037491
0.763361585140228
-5.27125982642174
-9.40913883447647
-2.30496605634689
7
1.39935762882233
-5.38850237727165
2.83710066080093
0.472774475812912
5.55711146593094
0.566648280620575
-6.20183756351471
2
7
6.55622580647468
4.06366466283798
2.31623744368553
1.04160879254341
2.90648410916328
-4.6783045232296
-3.12846294641495
7
-2.75013951659203
2.61304570436478
2.97804961204529
5.21932631134987
1.60346595048905
6.58159130811692
4.82902005910874
|Explorer2Genome 30
3
6
8
-1.13085892796516
-5.61979253292084
1.6255451798439
-1.91783121824265
-5.13270546197891
-1.51419264674187
0.381398785114288
-4.94200751781464
8
-2.86979968547821
4.70651235580445
0.440986746549606
-5.07595417499543
-2.20660195350647
2.95437362790107
-1.91753950715065
-2.28333365917206
8
5.60791746973991
-10.7197343766689
-1.62796667218208
2.43117732405663
4.31196907162666
-3.70322922468185
-6.00795961618424
3.50555084347725
8
3.69985476136207
-4.66779131293297
-7.09023131728172
4.64087139368057
-4.22904815077782
0.968983387947083
-4.2000334739685
-0.126431715488433
8
3.74103811979294
3.29221400022507
-3.74647524952888
-9.00557895302773
0.625489091873169
9.67981045246124
5.30143222212791
-2.11399469971657
8
3.40296425223351
-2.51659600734711
-0.667593455314636
-9.8924106657505
-0.0792462706565847
4.88805415630341
-6.08595798015595
3.20144993066788
6
7
-4.55490517020226
2.38798525333404
3.63490985035896
1.00842943787575
-7.39491056203842
-3.60452894568443
3.89834072589874
7
-2.94504237174988
-3.5431976556778
-2.15814890265465
2.71414003968239
-5.21590180397034
4.21676942706108
-0.990159207582475
7
5.24565414786339
4.20851954817772
0.231668484210968
-2.91489985585212
-3.77455149292945
-3.23138495087624
-0.281073629856109
7
4.6307382106781
-2.62336683869362
1.2483415544033
4.16526644825935
-1.144825476408
-4.17391287684441
4.26273097395897
7
5.21428961157798
-2.17077716588974
-9.24670859575272
0.763361585140228
-5.35762574076653
-9.40913883447647
-2.32400566339493
7
1.39935762882233
-5.38850237727165
2.48111287355423
0.472774475812912
5.99009910821914
0.725470459461212
-6.20183756351471
2
7
6.02264059185981
4.06366466283798
2.31623744368553
1.04160879254341
2.75620174407959
-4.6783045232296
-3.12846294641495
7
-3.94775070548058
2.95399423837662
2.97804961204529
5.54573848843574
2.13143562078476
6.97249873876572
5.34277638196945
|Explorer2Genome 30
3
6
8
0.757036507129669
-5.98997122645378
4.44458932280541
-1.34237790107727
-4.49228414297104
-2.14621587991714
-2.24509066343308
-3.03341258168221
8
-3.10832327604294
4.73202003836632
0.142255359888076
-5.52071349620819
-2.82357575893402
3.22567783594131
-1.65560763478279
-2.53633368611336
8
4.7154720723629
-10.8151903510094
-1.68089037537575
2.14755296111107
3.18623659610748
-3.00383834242821
-6.28037912249565
3.98726673126221
8
3.2626129925251
-4.56034545302391
-6.57813224196434
5.10812608003616
-4.69695157408714
0.616803336143494
-4.59964764118194
-0.380454432964324
8
3.54781237244606
4.29661449790001
-4.55247160196304
-8.22708888649941
0.185172063112259
9.6072248160839
5.21884816884994
-1.80999892354012
8
3.56201268434525
-4.29492053985596
0.990401941537858
-9.62453172802925
-0.452813398838042
6.25835282802582
-5.99664986133576
3.63030107021332
6
7
-5.07592677474022
2.62358761429787
3.63490985035896
1.00842943787575
-7.39491056203842
-3.60452894568443
3.89834072589874
7
-2.01051517128944
-2.73218807578087
-1.97917569875717
2.91763042211533
-3.79983130693436
4.28483909964561
-0.328685462474824
7
5.24565414786339
4.20851954817772
0.231668484210968
-3.06377354264259
-3.77455149292945
-2.95686600804329
0.0613753676414498
7
4.03379011750221
-2.88485668301582
0.848919075727461
4.56378784775734
-0.677028197050095
-4.15772045254707
3.83722168803215
7
6.81549676060676
-2.26625220179558
-7.19304724335671
0.498963063955307
-3.09240279197693
-9.44583073854446
-2.86059640049934
7
0.91396740078926
-4.6543367266655
3.44586907029152
1.90077860355377
6.34153885245323
3.77115797400475
-7.69321436882019
2
7
6.1076854109764
4.90850065350532
1.82672644853592
1.3357668697834
1.8701811850071
-5.26288303732872
-2.15096083879471
7
-3.046405595541
2.16785381436348
3.48428809642792
4.03707402348518
1.55477048158646
6.79055446982384
5.66671096682549
|Explorer2Genome 30
3
6
8
1.77027032375336
-7.26693660616874
3.33090926408768
-0.709232681989672
-4.57170399427414
-2.18824214339256
-1.59805299639702
-2.24234454631805
8
-2.86979968547821
4.70651235580445
0.283526647090911
-5.07595417499543
-2.20660195350647
3.41378267407417
-1.91753950715065
-2.07572953701019
8
5.60791746973991
-10.5674161612988
-1.62796667218208
2.43117732405663
4.31196907162666
-3.70322922468185
-7.15281840562821
3.50555084347725
8
3.65979092717171
-5.02531947493553
-6.57813224196434
4.64087139368057
-4.22904815077782
0.968983387947083
-4.2000334739685
-0.0139931559562673
8
3.74103811979294
3.82091673612594
-4.2155413210392
-8.65897889733315
0.625489091873169
9.67981045246124
4.87232069373131
-2.11399469971657
8
2.12286528348923
-5.48881204128265
0.987839770317078
-9.42343586087227
-0.797358667850493
5.35213323235512
-6.35628073215485
3.51702255010605
6
7
-4.55490517020226
2.38798525333404
3.63490985035896
0.766613131761552
-7.6542568385601
-3.21825445890427
3.89834072589874
7
-2.60885071754456
-3.21558578014374
-2.15814890265465
2.78787539601326
-5.5037216424942
4.21676942706108
-0.990159207582475
7
4.28697986006737
3.75770581960678
0.0372992396354678
-2.22294820547104
-3.40211754441261
-3.60329411625862
-0.218891495466231
7
4.47122260928154
-2.62336683869362
1.2483415544033
4.16526644825935
-1.144825476408
-4.35726552009583
4.26273097395897
7
5.21428961157798
-2.2316524386406
-9.24670859575272
0.763361585140228
-5.35762574076653
-9.57622355818748
-2.32400566339493
7
1.39935762882233
-5.38850237727165
2.83710066080093
0.472774475812912
5.99009910821914
0.566648280620575
-6.20183756351471
2
7
7.32812920808791
4.14904883503914
2.39408560991287
1.13953529596329
2.40902004241943
-5.24778792262077
-2.91539614796639
7
-3.64078390002251
2.95399423837662
3.17308804988861
4.82934713959694
2.52060297727585
5.94943362474442
5.51690489053726
|Explorer2Genome 30
3
6
8
1.77027032375336
-6.9484116256237
3.33090926408768
0.213333922624586
-4.48144479990006
-2.73629211783409
-1.59805299639702
-2.24234454631805
8
-2.6968171954155
4.43602305650711
1.15964713692665
-4.56411645412445
-1.98724911212921
3.93368715643882
-1.76174007058144
-1.70941408276558
8
5.20407034754753
-10.1078372597694
-2.25420797467232
1.3774788081646
2.90017948746681
-3.61532098650932
-6.7833736717701
3.76101894974709
8
3.41643481850624
-4.67555586099624
-6.88042542338371
6.82040023207664
-4.9007038295269
1.24212067127228
-4.63215318918228
0.228269398212434
8
2.94161344766617
3.20066806077957
-4.52764816880226
-8.97436211705208
1.07100594043732
9.84132306575775
5.77513486742973
-1.2151487827301
8
1.88081794977188
-5.19657716155052
1.11586976051331
-9.09818361401558
-0.797358667850493
5.35213323235512
-6.05578906536103
3.51702255010605
6
7
-4.55490517020226
2.63447309136391
3.63490985035896
0.766613131761552
-7.77975239157677
-3.21825445890427
3.72764759063721
7
-1.65326563715935
-2.38723360896111
-2.78241111040115
3.19001461267471
-5.02821335196495
4.81508256793022
-2.27931283116341
7
4.28697986006737
3.2050528883934
0.0372992396354678
-3.06205934286117
-3.43358815312385
-3.60329411625862
-0.218891495466231
7
3.42061374783516
-3.40540350079536
3.46363797187805
3.99034541845322
-1.00180002450943
-3.34296881556511
3.57446720004081
7
5.21428961157798
-2.20089658498764
-9.25627127885819
0.64454880952835
-5.88933247923851
-9.57622355818748
-1.97114926576614
7
2.00936403870582
-5.38850237727165
2.83710066080093
0.300160306692124
5.76598709821701
0.523978126049042
-6.44106678962708
2
7
6.64263402819633
3.31334396004677
1.52756193876266
1.76669706106186
2.35589833855629
-5.47192675471306
-2.91194618344307
7
-3.32433668375015
1.32138448357582
2.10599393844605
6.1283450961113
1.52514079809189
5.4730727493763
6.0114036500454
|Explorer2Genome 30
3
6
8
1.77027032375336
-6.9484116256237
3.33090926408768
0.213333922624586
-4.27656996846199
-2.73629211783409
-1.59805299639702
-3.07810943126678
8
-2.86979968547821
4.70651235580445
0.283526647090911
-5.07595417499543
-2.20660195350647
3.41378267407417
-1.91753950715065
-2.07572953701019
8
5.29920477867126
-10.4436804234982
-1.32230551242828
2.33573586940765
3.99623716473579
-3.33802379369736
-6.34733456969261
3.40185122489929
8
3.65979092717171
-5.02531947493553
-6.57813224196434
4.64087139368057
-4.22904815077782
0.604174637794495
-4.2000334739685
-0.0139931559562673
8
3.74103811979294
3.82091673612594
-4.2155413210392
-9.12311292290688
1.04830451011658
9.96686587929726
4.36167244315147
-2.11399469971657
8
2.12286528348923
-5.48881204128265
0.987839770317078
-9.42343586087227
-0.797358667850493
5.35213323235512
-6.27628617286682
3.51702255010605
6
7
-4.55490517020226
2.35634682774544
3.46379519701004
0.766613131761552
-7.6542568385601
-3.21368025541306
4.01876640319824
7
-1.71675145030022
-2.32700385451317
-2.55833924412727
3.19001461267471
-5.02821335196495
4.75195364952087
-1.70351622700691
7
4.5893012046814
3.71149736642837
0.0372992396354678
-1.64656594991684
-3.7786336004734
-3.60329411625862
-0.218891495466231
7
3.86754744648933
-3.38303995728493
3.46363797187805
3.99034541845322
-1.00180002450943
-3.34296881556511
3.57446720004081
7
5.21428961157798
-2.20089658498764
-9.25627127885819
0.64454880952835
-5.55335211157799
-9.57622355818748
-1.95489064455032
7
1.96024721264839
-5.61165973544121
3.02425917983055
0.175700157880784
5.76598709821701
0.151871621608734
-6.44106678962708
2
7
6.94754842519759
4.00516420006752
2.36338259577751
0.42984017133713
1.05255627632141
-5.27640551924705
-2.58080967068672
7
-3.46633275747299
2.95399423837662
3.17308804988861
4.82934713959694
2.52060297727585
5.94943362474442
5.51690489053726
|Explorer2Genome 30
3
6
8
-1.13085892796516
-5.35355719923973
2.41044651269913
-1.68291364312172
-5.13270546197891
-0.371817225217819
0.503161990642547
-4.34248960018158
8
-2.34400260448456
4.70651235580445
0.479593962430954
-5.07595417499543
-2.30338256359101
3.5608411848545
-1.91753950715065
-2.07572953701019
8
5.20407034754753
-10.1078372597694
-2.25420797467232
1.00890867114067
2.90017948746681
-3.61532098650932
-6.7833736717701
3.76101894974709
8
4.08155863881111
-5.02531947493553
-6.57813224196434
4.73212636709213
-4.22904815077782
0.968983387947083
-3.65515580177307
-0.262138330936431
8
3.74103811979294
3.82091673612594
-4.2155413210392
-8.65897889733315
0.625489091873169
9.67981045246124
4.87232069373131
-2.11399469971657
8
2.12286528348923
-5.48881204128265
0.987839770317078
-9.42343586087227
-1.19976440668106
5.35213323235512
-6.35628073215485
3.51702255010605
6
7
-3.12946249842644
2.17207787036896
2.84032781720161
1.40685012936592
-7.53951222300529
-3.67047876119614
3.88984684944153
7
-2.60885071754456
-3.21558578014374
-1.90892821550369
2.78787539601326
-5.5037216424942
4.21676942706108
-0.990159207582475
7
4.77974514365196
3.75770581960678
-0.127593457698822
-2.22294820547104
-2.93833156228065
-3.60329411625862
-0.218891495466231
7
4.68437223434448
-2.62336683869362
1.34320313334465
3.97378268837929
-1.58892547488213
-3.79801578521728
3.89585298895836
7
5.43627336025237
-2.2316524386406
-9.24670859575272
0.763361585140228
-5.89524893164635
-9.7148600757122
-2.32400566339493
7
1.79732234477997
-5.4646531522274
2.65421899557114
0.676898235082627
5.81655939817428
0.363958036899567
-6.48859767913819
2
7
7.30859478712081
4.14904883503914
2.39408560991287
1.13953529596329
2.40902004241943
-5.15130156874657
-3.12024031281471
7
-3.64078390002251
3.34289573431015
3.17308804988861
4.82934713959694
2.41152540445328
6.09029315710068
5.23321093320847
|Explorer2Genome 30
3
6
8
1.01985615491867
-6.22609559893608
3.59711241126061
-1.58232681751251
-3.4596279501915
-2.24993954896927
-2.52824746370316
-2.47544716000557
8
-2.73131886124611
4.539324259758
1.18040664792061
-5.18140742182732
-3.73129873275757
2.79771357774734
-2.90562235713005
-0.704659712314605
8
5.3723420381546
-10.4436804234982
-1.17264060974121
2.00300877094269
3.91111250519752
-3.22418154478073
-6.15743147134781
4.15238822102547
8
3.29983461499214
-3.18433712720871
-6.26284043192863
6.00335655808449
-3.82176476120949
1.46438088417053
-6.9332816362381
-0.192077243328093
8
3.61341904401779
3.90322142839432
-4.24375157952309
-8.61445873379708
0.625489091873169
9.42420172691345
4.87232069373131
-2.11399469971657
8
3.66488940119743
-2.95298089981079
-0.671005725860595
-9.51222563385963
-0.0208031713962545
4.88805415630341
-6.01673504710198
3.28088592886925
6
7
-2.31657528281212
2.34931527376175
2.72475350499153
0.764379531145097
-8.48025440573692
-2.01687659025192
4.1801767706871
7
-2.01743251681328
-3.1864670753479
-1.9641724050045
2.57606857419014
-5.5037216424942
4.21676942706108
-1.0769889652729
7
3.70043939948082
3.75770581960678
0.0372992396354678
-1.94093318581581
-3.40211754441261
-3.60329411625862
0.241170150041581
7
5.58124914169312
-2.62336683869362
1.2771837413311
4.67798164486885
-1.144825476408
-4.35726552009583
4.26273097395897
7
5.03989579677581
-2.03021298050881
-9.06153725385666
-0.247519791126252
-5.28507069945336
-8.50715770125389
-2.95738350152969
7
-0.37205309867859
-4.7757033765316
2.88843011260033
0.43446587920189
6.04390915632248
1.63137344717979
-6.87023732662201
2
7
7.80425134897231
3.61011028885841
2.34164341688156
1.13953529596329
3.83269023895264
-4.66707708239555
-3.47621586918831
7
-4.236009567976
2.71768654584884
3.82917557954788
3.83136025071144
2.02424331903458
5.45585700869561
5.4902620613575
|Explorer2Genome 30
3
6
8
0.686001813411713
-6.18552715182304
4.03690485358238
-1.34237790107727
-3.41099356412888
-2.14186033010483
-2.24509066343308
-3.03341258168221
8
-2.30408800840378
4.58657435774803
0.31126235127449
-5.02620134353638
-1.98724911212921
3.93368715643882
-2.34816816449165
-1.44682269096375
8
5.3723420381546
-10.7376234233379
-1.32230551242828
1.6871682882309
3.99623716473579
-2.77005308866501
-6.15743147134781
4.15238822102547
8
3.41643481850624
-4.35486522912979
-6.88042542338371
6.82507542967796
-4.73624858260155
1.56359450817108
-4.26675378084182
0.228269398212434
8
2.94161344766617
3.20066806077957
-4.52764816880226
-8.97436211705208
0.518393063545227
9.84132306575775
5.77513486742973
-1.2151487827301
8
3.78033369779587
-3.31613156199455
1.26308759450913
-10.7489033937454
1.36109090447426
3.71908236145973
-5.66030575037003
2.79281858801842
6
7
-3.60325299501419
2.17252331376076
3.70043757557869
1.59680315256119
-7.85971841216087
-3.66085540652275
4.21196806430817
7
-1.99316108226776
-4.54044368267059
-1.7623351752758
2.9324692606926
-5.45932986736297
3.87058627605438
-2.00314880013466
7
4.28697986006737
3.2050528883934
-0.152096831798553
-3.06205934286117
-3.43358815312385
-3.20631645321846
-0.218891495466231
7
3.30690611004829
-3.83359614014626
3.04677033424377
4.08924921154976
-0.586055123806
-3.59079634547234
4.49791814684868
7
5.21428961157798
-1.99243286848068
-9.56113501787186
0.64454880952835
-5.59946638345719
-9.9622512280941
-1.97114926576614
7
1.7322325527668
-4.5803329885006
3.35818637013435
1.29438738226891
6.78688883185387
2.54693641066551
-6.96619846820831
2
7
6.93373081088066
3.31334396004677
1.52756193876266
1.41140135526657
2.17229869961739
-4.40753981471062
-2.56948096752167
7
-3.03783289790154
2.95399423837662
2.97804961204529
5.41514101624489
2.50186191797257
6.18925651311875
4.9051740527153
|Explorer2Genome 30
3
6
8
1.31203352808952
-7.3191733777523
4.20327569842339
-0.589446300268175
-4.70371359586716
-2.77862066626549
-2.32514693140984
-3.07918315529823
8
-3.10832327604294
4.73202003836632
0.142255359888076
-5.52071349620819
-2.82357575893402
3.22567783594131
-2.12169323563576
-2.52815166115761
8
4.7154720723629
-10.8151903510094
-1.68089037537575
2.14755296111107
3.57436654567718
-3.51016959547996
-6.28037912249565
3.98726673126221
8
3.41643481850624
-4.45537155270576
-6.88042542338371
6.82040023207664
-4.48914119005203
1.09197204113007
-4.88655720949173
0.228269398212434
8
3.18801640272141
3.20066806077957
-4.63295348286629
-8.66298797726632
0.739948678016663
9.79496068954468
5.6979720056057
-1.37505348324776
8
3.91860328912735
-4.29492053985596
1.2374204993248
-9.44591951370239
-0.452813398838042
5.96519231796265
-5.99664986133576
3.63030107021332
6
7
-3.8968678176403
1.42711473703384
1.88877883553505
0.76355283856392
-7.17120758891106
-1.99265565276146
4.02332715988159
7
-2.47184040546417
-3.30961966514588
-1.27268069982529
1.88873084187508
-4.9738765001297
4.49919752478599
-1.51452398896217
7
4.70995320677757
3.5087561249733
0.201148861646653
-1.7049335360527
-3.40211754441261
-3.60329411625862
-0.218891495466231
7
4.03379011750221
-2.53332021832466
0.848919075727461
4.56094391942024
-0.677028197050095
-3.56012228131294
3.83722168803215
7
7.4685013949871
-2.43850910067558
-8.26318920254708
0.502786391973495
-2.52297784686089
-9.49414172172546
-3.82813977003097
7
0.91396740078926
-4.6543367266655
3.44586907029152
1.95443058013916
6.34153885245323
3.77115797400475
-7.60447609424591
2
7
6.08898984193801
5.10443149805069
1.82672644853592
1.3357668697834
1.8701811850071
-5.26288303732872
-2.15096083879471
7
-3.55862841010094
2.63508759737015
2.97804961204529
4.89818764328956
2.12949835062027
6.18925651311875
5.34277638196945
|Explorer2Genome 30
3
6
8
1.77027032375336
-7.26212931871414
3.33090926408768
-0.709232681989672
-4.57170399427414
-2.46907622218132
-1.59805299639702
-2.24234454631805
8
-2.72018266916275
4.18664463758469
1.15964713692665
-4.8048342704773
-2.07482566833496
3.90332226157188
-1.76174007058144
-1.76072316765785
8
5.60791746973991
-10.3036488890648
-1.87267382740974
2.43117732405663
4.58072510957718
-3.28191956281662
-7.15281840562821
3.11973524689674
8
3.41643481850624
-4.67555586099624
-7.56719774603844
7.33960708975792
-4.9007038295269
1.24212067127228
-4.25707379579544
0.228269398212434
8
3.18801640272141
3.18368588685989
-4.63295348286629
-8.97436211705208
1.07100594043732
10.1604237556458
5.6979720056057
-0.955419808626175
8
1.70824655294418
-5.19657716155052
1.27289784550667
-9.29927526116371
-0.797358667850493
5.35213323235512
-6.05578906536103
3.51702255010605
6
7
-4.55490517020226
3.03617158532143
3.46590507626533
0.766613131761552
-8.18079892992973
-3.69733403921127
4.21788172721863
7
-2.60885071754456
-2.92333173155785
-2.15814890265465
2.78787539601326
-5.5037216424942
4.21676942706108
-0.990159207582475
7
3.72018861174583
3.22925986051559
0.0372992396354678
-2.22294820547104
-3.67568362355232
-3.60329411625862
-0.218891495466231
7
4.51396965384483
-2.62336683869362
1.15475241541862
4.16526644825935
-1.00493511557579
-3.82497606277466
4.5385372877121
7
5.21428961157798
-2.2316524386406
-9.24670859575272
0.763361585140228
-5.35762574076653
-9.57622355818748
-2.32400566339493
7
1.8350414276123
-4.82119042277336
3.23348537683487
0.472774475812912
5.83013852834701
0.566648280620575
-6.20183756351471
2
7
7.32812920808791
4.14904883503914
2.30169981718063
1.13953529596329
2.40902004241943
-5.24778792262077
-2.91539614796639
7
-3.78843351602554
1.32138448357582
2.34757111668587
6.1283450961113
1.52514079809189
5.53604164719582
6.0114036500454
|Explorer2Genome 30
3
6
8
1.08901543021202
-5.82016395330429
4.69193389415741
-1.92830410003662
-5.75069350004196
-2.21746971011162
-2.09323736429214
-2.98018861413002
8
-2.41939574480057
4.58657435774803
-0.187206095457077
-4.88218009471894
-2.40031559467316
4.64156486988067
-2.20132009983063
-1.57916295528412
8
5.60791746973991
-10.4102711319923
-1.62796667218208
2.47421419024467
3.05357251763344
-3.70322922468185
-7.65245772600174
3.77863818407059
8
3.7337252676487
-3.49448415637016
-6.57813224196434
3.97899798154831
-4.51997770667076
1.52788965702057
-4.39147131443023
-0.0139931559562673
8
3.18801640272141
3.20066806077957
-5.18867815136909
-8.66298797726632
1.07100594043732
9.79496068954468
5.6979720056057
-1.37505348324776
8
2.12286528348923
-5.8936666727066
1.37777287960053
-9.9231851875782
-1.09556158781052
5.86782703995705
-6.35628073215485
3.622520840168
6
7
-3.27262586951256
2.51416085362434
3.70043757557869
2.07744871377945
-7.54156665205955
-2.52710117697716
4.21196806430817
7
-2.60885071754456
-3.20095937252045
-2.15814890265465
3.12358782887459
-5.06138310432434
3.69559189677238
-0.966303300857545
7
4.28697986006737
3.26312750577927
0.0372992396354678
-1.7049335360527
-3.40211754441261
-3.60329411625862
-0.0572226881980888
7
3.1305707514286
-3.83359614014626
3.04677033424377
4.08924921154976
-0.724884331226349
-3.59079634547234
4.49791814684868
7
5.21428961157798
-2.2316524386406
-9.18534630537033
0.763361585140228
-5.35762574076653
-9.57622355818748
-2.83108421564102
7
1.39935762882233
-5.79711667895317
2.83710066080093
0.472774475812912
6.28915132284164
0.477578985691071
-6.20183756351471
2
7
7.07662841081619
4.4392706990242
2.12535909414291
0.544115722179415
3.24292324185371
-5.24778792262077
-3.3125313103199
7
-3.55862841010094
2.95399423837662
2.40243039131165
5.19353059530258
2.6009623169899
6.18925651311875
5.34277638196945
|Explorer2Genome 30
3
6
8
2.1543680369854
-7.1321060359478
4.02642201185227
-1.09232694506645
-5.13419097661972
-2.77862066626549
-2.32514693140984
-3.44813430905342
8
-3.10832327604294
4.84259421229363
0.142255359888076
-4.92410995960236
-2.82357575893402
3.22567783594131
-1.65560763478279
-2.53633368611336
8
5.25721347332001
-9.94109582304955
-1.2475480556488
2.10281291007996
3.68294485211372
-2.84096710085869
-6.67985218763352
3.92659194469452
8
2.68612623810768
-4.56034545302391
-6.57813224196434
5.7004870057106
-4.69695157408714
0.715859031677247
-4.8531114578247
-1.38865982294083
8
3.54781237244606
4.29661449790001
-4.55247160196304
-8.22708888649941
0.185172063112259
9.6072248160839
5.21884816884994
-1.80999892354012
8
3.56201268434525
-4.29492053985596
1.46755476593971
-9.15076177716255
-0.107555162906646
6.25835282802582
-5.99664986133576
3.63030107021332
6
7
-5.07592677474022
2.62358761429787
3.63490985035896
1.00842943787575
-7.00721663236618
-3.60452894568443
3.89834072589874
7
-2.20249632000923
-2.73218807578087
-1.71661978363991
2.91763042211533
-3.79983130693436
4.28483909964561
-0.328685462474824
7
5.24565414786339
4.20851954817772
0.231668484210968
-3.06377354264259
-3.77455149292945
-2.95686600804329
0.0613753676414498
7
4.03379011750221
-2.88485668301582
0.848919075727461
4.56378784775734
-0.677028197050095
-4.15772045254707
3.83722168803215
7
6.35850980281829
-1.81219759583473
-8.06370208859444
-0.0234521448612214
-2.74254503250122
-9.78490503430367
-4.41699959039688
7
1.70915420055389
-5.90325390696526
3.40300756692886
0.681066083908082
5.99009910821914
0.566648280620575
-6.59743177890778
2
7
6.60965020656585
3.02175865769386
1.61970783472061
2.4313537478447
2.67872751355171
-4.53610613942146
-2.76884931325913
7
-3.30100733041763
1.49372955560684
4.17539013028145
3.93204560279846
2.96436380147934
7.33662098646164
7.23274770379067
|Explorer2Genome 30
3
6
8
1.77027032375336
-7.26693660616874
3.33090926408768
-0.709232681989672
-4.72392879724503
-2.18824214339256
-1.57359361052513
-2.24234454631805
8
-2.86979968547821
4.70651235580445
0.283526647090911
-5.07595417499543
-2.20660195350647
3.41378267407417
-1.91753950715065
-2.07572953701019
8
5.3723420381546
-10.4436804234982
-1.32230551242828
2.00300877094269
3.99623716473579
-3.22418154478073
-6.15743147134781
4.15238822102547
8
3.65979092717171
-5.02531947493553
-6.57813224196434
4.64087139368057
-4.22904815077782
0.968983387947083
-4.2000334739685
-0.0139931559562673
8
3.74103811979294
3.85033541917801
-4.2155413210392
-8.65897889733315
0.625489091873169
9.67981045246124
4.87232069373131
-2.11399469971657
8
2.12286528348923
-5.48881204128265
0.987839770317078
-9.42343586087227
-1.19976440668106
5.78309598565102
-6.65273342132569
3.58492528200149
6
7
-3.12946249842644
2.17207787036896
2.84032781720161
1.40685012936592
-7.61749262213707
-3.26400479078293
4.45721373558044
7
-2.85864284038544
-3.21558578014374
-2.53914818167687
2.78787539601326
-5.5037216424942
4.21676942706108
-0.990159207582475
7
4.28697986006737
3.75770581960678
-0.127593457698822
-2.22294820547104
-3.40211754441261
-3.60329411625862
-0.218891495466231
7
4.68437223434448
-2.62336683869362
0.905110067129133
4.16526644825935
-1.58892547488213
-4.35726552009583
4.26273097395897
7
5.39846522808074
-2.2316524386406
-9.24670859575272
0.763361585140228
-5.89760934710503
-10.1451213777065
-2.49781860113144
7
1.39935762882233
-5.38850237727165
2.83710066080093
0.472774475812912
5.99009910821914
0.566648280620575
-6.20183756351471
2
7
7.30859478712081
3.953771930933
2.39408560991287
1.13953529596329
2.40902004241943
-5.24084057211876
-3.12024031281471
7
-3.64078390002251
2.95399423837662
3.65389325618744
4.82934713959694
2.52060297727585
5.94943362474442
5.51690489053726
|Explorer2Genome 30
3
6
8
1.98350363373756
-6.62130436301231
2.68491495847702
-0.709232681989672
-4.69183777570725
-1.9585804104805
-1.59805299639702
-2.24234454631805
8
-2.38182032108307
4.52892901897431
-0.590369522571564
-4.49470717906952
-2.33378565311432
3.48224588036537
-1.54903331398964
-2.59511005878448
8
5.30065202713013
-10.5721012294292
-1.66182782649994
2.89274299144745
3.99623716473579
-2.76580606102943
-6.34733456969261
3.40185122489929
8
3.17747367024422
-4.73872281312942
-6.42501710653305
4.65566824674606
-4.50005876421928
1.0694070994854
-3.36562103033066
0.529562509059907
8
3.74103811979294
3.27072328329086
-4.2155413210392
-8.65897889733315
0.625489091873169
9.96861210465431
5.29216518998146
-2.14652453064919
8
3.78033369779587
-3.23449677824974
1.2049995303154
-10.2984821081162
1.36109090447426
3.29668837189674
-6.68620449304581
2.79281858801842
6
7
-4.67086507678032
2.38798525333404
3.63490985035896
0.766613131761552
-7.6542568385601
-3.21825445890427
4.11179614067077
7
-1.89787049293518
-4.54044368267059
-1.7623351752758
2.9324692606926
-5.6307728767395
3.34074263572693
-1.87842702865601
7
5.6582984149456
4.28429796099663
0.17128359079361
-2.91489985585212
-3.77455149292945
-2.6488874733448
-0.376589882373809
7
3.07818935513496
-3.9158687889576
3.46363797187805
3.99034541845322
-1.04352139234543
-3.14255093932152
3.57446720004081
7
5.3133867740631
-1.62359179258347
-9.56113501787186
0.64454880952835
-5.59946638345719
-9.9622512280941
-1.97114926576614
7
2.00936403870582
-5.38850237727165
2.64422444105148
0.300160306692124
5.60913859605789
0.486803138256073
-5.75406395792961
2
7
6.88689194917678
4.14904883503914
2.45574630498886
1.30593737959862
2.28233458995819
-5.24778792262077
-2.91539614796639
7
-3.32022403478623
0.540276008844375
2.14451024532318
6.1283450961113
1.52514079809189
6.41342726349831
6.50269164443016
|Explorer2Genome 30
3
6
8
1.77027032375336
-6.70372814536094
2.79170242547989
-1.28147446513176
-4.57170399427414
-2.18824214339256
-1.59805299639702
-2.72403666973114
8
-3.10832327604294
4.73202003836632
0.729137283563613
-5.32151450514794
-2.82357575893402
3.22567783594131
-1.65560763478279
-2.53633368611336
8
4.7154720723629
-10.8151903510094
-1.68089037537575
2.14755296111107
3.74977343082428
-3.00383834242821
-6.12589563131333
3.98726673126221
8
1.49134447574615
-5.1027787387371
-6.67941290140152
5.38439001441002
-2.53911073803902
1.63786144256592
-4.89861459732055
-0.969649422168731
8
3.77641524076462
4.29661449790001
-4.55247160196304
-8.09487264752388
0.712006407976151
9.95393015742301
5.58915287256241
-1.80999892354012
8
3.1797305226326
-4.29492053985596
0.990401941537858
-9.62453172802925
-0.452813398838042
6.25835282802582
-5.99664986133576
3.63030107021332
6
7
-4.65068456530571
2.69685757160187
3.63490985035896
0.766613131761552
-7.6542568385601
-3.63765066862106
3.44365193843841
7
-1.52852237224579
-4.1025182723999
-0.775242722034456
2.8997662127018
-4.44684726595878
3.58921563029289
0.488463675975798
7
5.24565414786339
4.00378739237785
0.231668484210968
-3.39865985512733
-3.77455149292945
-2.91479316353798
0.0613753676414498
7
4.27748831510544
-2.58867244720459
0.848919075727461
4.57612534761429
-1.8416505753994
-5.22220402359963
4.36716925501823
7
6.81549676060676
-2.26625220179558
-7.19304724335671
0.700320410728454
-3.09240279197693
-9.44583073854446
-2.86059640049934
7
0.91396740078926
-4.6543367266655
3.44586907029152
1.90077860355377
6.34153885245323
4.20336999297142
-7.69321436882019
2
7
6.1076854109764
4.90850065350532
1.82672644853592
1.72043297886849
1.59477732777596
-5.11463834643364
-2.15096083879471
7
-3.046405595541
2.16785381436348
3.48428809642792
4.03707402348518
1.55477048158646
7.3612372815609
5.66671096682549
|Explorer2Genome 30
3
6
8
0.757036507129669
-6.36008760333061
4.30307175517082
-1.22315430045128
-4.10081695318222
-2.14621587991714
-2.24509066343308
-3.60961874127388
8
-3.10832327604294
4.73202003836632
0.142255359888076
-5.50822620391846
-3.16368687152863
3.33153311014175
-1.65560763478279
-1.63795645833015
8
5.60791746973991
-11.342627209425
-1.45872573852539
2.64395129680634
3.9075925886631
-3.70322922468185
-6.00795961618424
3.50555084347725
8
2.33561580777168
-4.56034545302391
-6.57813224196434
5.10812608003616
-4.16795758605003
0.616803336143494
-4.60118329524994
-0.00184053182601829
8
4.17519420385361
2.78423165082931
-3.74647524952888
-9.00557895302773
1.11626739501953
9.75654709339142
5.30143222212791
-2.11399469971657
8
4.11246641874313
-4.29492053985596
1.13872817158699
-9.62453172802925
-0.452813398838042
6.25835282802582
-5.99664986133576
3.69803414344788
6
7
-3.12946249842644
2.17207787036896
3.40207965970039
1.29564252495766
-7.61749262213707
-3.50670429468155
3.97079391479492
7
-2.47184040546417
-2.91788811683655
-1.9281508564949
3.00276144742966
-4.96980354785919
4.01375867724419
-1.11732080578804
7
5.67299602627754
3.70449737310409
0.523729145526886
-3.15661945939064
-3.53950309753418
-3.01572579741478
0.263689333200455
7
3.91048668026924
-2.73870232701302
0.848919075727461
4.18727499246597
-1.57217075228691
-5.11559293866158
4.35276772379875
7
7.24703257679939
-2.06117193102837
-7.19304724335671
0.21972171664238
-3.09240279197693
-9.60601962804794
-3.03547449707985
7
2.37359691858292
-5.27075628042221
4.21682068109512
-0.80922964811325
7.7103240430355
2.89910510778427
-7.69337868094444
2
7
7.80425134897231
3.97932594418526
2.34164341688156
1.38273059725762
3.29993557929993
-4.30952188372612
-3.09386397004128
7
-3.94775070548058
2.95399423837662
3.4655210018158
5.54573848843574
2.13143562078476
6.93705803155899
5.49866484999657
|Explorer2Genome 30
3
6
8
1.77027032375336
-7.26693660616874
3.33090926408768
-0.709232681989672
-4.57170399427414
-2.18824214339256
-1.59805299639702
-2.24234454631805
8
-3.28711460828781
4.73202003836632
-0.338521808385849
-5.98659882545472
-2.89754614830017
4.28945451974868
-1.65560763478279
-2.02207489609718
8
5.66625698208809
-9.51238106489182
-1.4575225174427
1.6785409450531
4.43099204301834
-2.87612449526787
-6.47905585169793
5.03989372253418
8
3.65979092717171
-5.02531947493553
-6.57813224196434
4.64087139368057
-4.22904815077782
0.968983387947083
-4.2000334739685
-0.0139931559562673
8
3.77641524076462
4.29575626254082
-4.55247160196304
-8.22708888649941
0.712006407976151
9.95393015742301
5.13485132455826
-1.80999892354012
8
3.63996366858482
-3.27525088787079
-0.348717713356017
-9.07812219262123
-0.515158879756926
4.74047155976296
-6.23546624183655
3.3172264456749
6
7
-4.55490517020226
2.38798525333404
3.63490985035896
0.766613131761552
-7.6542568385601
-2.98023439049721
3.89834072589874
7
-1.52852237224579
-3.72763113975525
-0.775242722034456
2.8997662127018
-4.44684726595878
3.58921563029289
0.488463675975798
7
5.18990595340729
3.97628597021103
-1.81459022164345
-2.5394634604454
-2.90756991505623
-2.72216706871986
0.324634897708894
7
3.96986882090569
-2.62336683869362
1.2483415544033
4.16526644825935
-1.144825476408
-4.35726552009583
4.26273097395897
7
5.21428961157798
-2.2316524386406
-9.24670859575272
0.763361585140228
-5.35762574076653
-9.57622355818748
-2.32400566339493
7
1.39935762882233
-5.38850237727165
2.83710066080093
0.286910766363144
5.99009910821914
0.566648280620575
-6.20183756351471
2
7
7.32812920808791
4.14904883503914
2.47047485113144
1.13953529596329
2.40902004241943
-5.24778792262077
-2.91539614796639
7
-3.046405595541
3.08514769673347
3.48428809642792
4.03707402348518
1.18973585367203
6.73225089907647
5.80316745638848
|Explorer2Genome 30
3
6
8
1.64642643928528
-7.26693660616874
2.77452169656754
-0.709232681989672
-4.57170399427414
-2.18824214339256
-1.93141939043999
-2.24234454631805
8
-3.10832327604294
4.50397834181786
0.142255359888076
-5.98659882545472
-2.82357575893402
4.14140766859054
-1.20752494931221
-2.02207489609718
8
5.60791746973991
-10.5674161612988
-1.62796667218208
2.43117732405663
4.31196907162666
-3.80886670351028
-7.15281840562821
3.50555084347725
8
2.7108825981617
-4.56034545302391
-6.57813224196434
5.10812608003616
-4.69695157408714
0.616803336143494
-4.59964764118194
-0.309760487079619
8
3.77641524076462
4.12440215945244
-4.40692757368088
-8.22708888649941
0.42194088101387
9.6072248160839
5.21884816884994
-1.80999892354012
8
3.31566428542137
-3.27525088787079
0.0223279237747199
-9.51222563385963
-0.515158879756926
4.74047155976296
-6.30332763195038
3.3172264456749
6
7
-4.55490517020226
2.11360063552856
3.63490985035896
0.964639675617219
-7.6542568385601
-3.21825445890427
3.89834072589874
7
-2.01051517128944
-2.33132399916649
-1.97917569875717
2.94119457602501
-3.79983130693436
4.15598613619804
-0.77541517019272
7
4.28697986006737
3.75770581960678
0.0372992396354678
-2.22294820547104
-3.40211754441261
-3.60329411625862
-0.218891495466231
7
3.64080815911293
-2.73870232701302
0.848919075727461
4.11484318971634
-1.60158129930496
-5.6605866253376
4.30034448504448
7
5.21428961157798
-2.2316524386406
-9.24670859575272
0.48308697938919
-5.35762574076653
-9.57622355818748
-2.32400566339493
7
1.39935762882233
-5.38850237727165
2.83710066080093
0.472774475812912
5.99009910821914
0.566648280620575
-6.20183756351471
2
7
7.80425134897231
4.10850663781166
2.34164341688156
1.67798224687577
2.72716722488403
-5.24778792262077
-3.39813955426216
7
-3.64078390002251
3.47962909936905
3.17308804988861
4.5389819920063
2.52043167352676
6.11534747481346
5.51857994794846
|Explorer2Genome 30
3
6
8
-1.13085892796516
-5.61979253292084
2.07705093622208
-1.68291364312172
-5.71957923173905
-0.793870913982392
0.503161990642547
-4.94200751781464
8
-2.86979968547821
4.70651235580445
0.440986746549606
-5.07595417499543
-2.20660195350647
2.95437362790107
-1.91753950715065
-2.28333365917206
8
5.47055353522301
-10.7197343766689
-1.62796667218208
2.56013399958611
4.43687883019447
-3.70322922468185
-6.00795961618424
3.50555084347725
8
3.69985476136207
-4.66779131293297
-7.09023131728172
4.64087139368057
-4.15397526621819
0.968983387947083
-3.83329081535339
-0.126431715488433
8
2.1999381840229
5.18047720193863
-4.55245171785355
-8.320293289423
-0.47647180557251
10.3412198424339
5.49927160143852
-1.69618635773659
8
3.88105670809746
-2.76277837753296
-0.182302236557006
-9.51222563385963
-0.442920428514479
4.48279318809509
-6.29750537872315
3.76284493207931
6
7
-3.85762795805931
2.25185470581055
3.86722017526627
1.69790476560593
-7.10961140990257
-2.91076349616051
4.39667125344276
7
-2.60885071754456
-3.21558578014374
-3.01299938559532
2.37094152569771
-5.19275076389313
4.33587631583214
-0.990159207582475
7
5.24565414786339
4.20851954817772
-0.0342211842536922
-2.91489985585212
-3.77455149292945
-3.23138495087624
-0.281073629856109
7
4.05459658503533
-2.71767738461494
1.2483415544033
4.16526644825935
-1.70787121653557
-4.35726552009583
4.51824026107788
7
5.21428961157798
-2.2316524386406
-9.24670859575272
1.32686165571213
-5.74639541506768
-9.57622355818748
-2.32400566339493
7
1.39935762882233
-5.38850237727165
2.48111287355423
0.472774475812912
5.99009910821914
0.152717840671539
-6.20183756351471
2
7
6.94754842519759
4.00516420006752
2.01341663599014
0.999220573902133
1.63622827529907
-5.40364400744438
-2.74046664237976
7
-3.94775070548058
2.78052333593368
2.97804961204529
5.54573848843574
2.13143562078476
6.65154803991318
5.34277638196945
|Explorer2Genome 30
3
6
8
1.3433415055275
-6.46440278887749
4.44458932280541
-1.75921451449394
-4.97431851625443
-1.99347752332687
-3.48829339742661
-4.06080649495125
8
-2.87563692331314
3.46476992368698
-0.137905806303025
-4.97388696670532
-2.757350730896
4.16808749437332
-2.14408760666847
-0.671190214157105
8
6.09789640307426
-10.4392891466618
-1.24891861081123
2.89227094054222
4.10605207681656
-3.70322922468185
-7.15281840562821
3.34802426099777
8
3.95251634716987
-3.72350181937218
-7.34425725340843
4.08028894066811
-5.20870425105095
0.902071070671082
-4.21145875453949
1.35906885266304
8
3.33705638647079
3.77178674936294
-3.45400794744491
-8.81838672757149
0.381253576278687
8.09065470099449
5.61225776076317
-1.65479912161827
8
3.23672345876694
-4.59538123607635
0.990401941537858
-9.03694127202034
-0.180503541231154
6.41099555492401
-6.76767086982727
3.69803414344788
6
7
-3.98942977786064
1.64703924655914
3.29063237309456
1.2150697350502
-7.23025724291801
-2.339627212286
4.16031308174133
7
-2.47184040546417
-3.59997789263725
-2.04298523664475
2.15399358868599
-4.12583076357841
3.7334869325161
-1.11732080578804
7
4.32967333197594
2.14551931619644
-0.829411542415618
-5.17238270044327
-2.76914979815483
-2.31977558135986
0.102161842584611
7
3.29081822037697
-3.83359614014626
3.63711395263672
4.08924921154976
-0.0734939932823185
-3.59079634547234
4.06697484850883
7
6.44764885306358
-1.95973371863365
-8.05516123771668
-0.752896857261658
-1.85773200392723
-10.2609680056572
-3.29589952230453
7
1.08974795341492
-5.2872676551342
2.64834560155869
-0.194391399621963
5.54902964830398
1.0013384282589
-6.34378457069397
2
7
6.32197347283363
3.63418708443642
0.846590054035186
1.01720010042191
1.51952257156372
-5.06150586009026
-2.88942641019821
7
-4.04437281489372
2.95399423837662
2.92954833507538
4.81075993180275
1.96263626813889
5.3815398812294
6.22199462652207
|Explorer2Genome 30
3
6
8
1.08023115992546
-5.98459336161613
4.44458932280541
-1.05715882182121
-5.09276479482651
-1.9543724000454
-1.75382169485092
-3.03341258168221
8
-2.89975336194038
5.29998117685318
0.595641809701919
-5.96845659613609
-1.09146411418915
4.02012804746628
-1.75967498421669
-2.77866386771202
8
6.30058464407921
-10.7197343766689
-1.62796667218208
2.43117732405663
4.31196907162666
-3.70322922468185
-6.17715801000595
3.85642412304878
8
3.04277363419533
-3.73785902261734
-5.47009771466255
6.90117511749268
-4.17030748724937
0.706755989789963
-3.42339613437652
0.993483191728593
8
3.99646779894829
3.29221400022507
-4.4314758837223
-8.89537857174874
-0.496157717704773
10.0779268026352
4.8703900039196
-1.26485674977303
8
1.5896271109581
-5.48881204128265
0.767480993270875
-9.06072795987129
-0.797358667850493
5.46282957196236
-6.21512537002564
3.51702255010605
6
7
-3.50072678923607
1.59705011248589
3.66198605298996
1.34933289289475
-8.14848596453667
-2.67364491820335
4.90596861839294
7
-2.94504237174988
-3.5431976556778
-2.50172557234764
2.71414003968239
-5.21590180397034
3.67404138445854
-1.75238085389137
7
5.24565414786339
4.20851954817772
0.231668484210968
-2.25153336524963
-3.77455149292945
-3.23138495087624
-0.281073629856109
7
4.27139576673508
-2.73870232701302
1.32810494303703
4.08293400406838
-2.16003944277763
-5.48874607682228
3.98886427283287
7
4.65862931609153
-1.91079702973366
-8.90555347800255
0.331590521335601
-5.64104167819023
-11.7325769126415
-1.49463845491409
7
0.634629172086714
-5.55980662703514
2.47723861932755
0.125051540136338
6.00357259511947
0.568519032001496
-6.26057851314545
2
7
6.00519005060195
4.60658891797066
2.32368406057358
0.637076097726824
2.47240890264511
-5.45509950518608
-1.24847918748856
7
-3.44922625422478
2.90613032579422
2.93479931354523
4.56699298024177
2.01954330205917
5.13033012151718
5.16723182797432
|Explorer2Genome 30
3
6
8
1.08901543021202
-5.82016395330429
4.69193389415741
-1.92830410003662
-5.63489910364151
-2.21746971011162
-2.09323736429214
-2.98018861413002
8
-2.30408800840378
4.58657435774803
0.31126235127449
-4.88218009471894
-1.98724911212921
4.0960107088089
-2.20132009983063
-1.44682269096375
8
5.60791746973991
-10.6674157977104
-1.24891861081123
2.89227094054222
3.71536895036697
-3.70322922468185
-7.15281840562821
3.90333336591721
8
3.7337252676487
-3.99695317149162
-6.57813224196434
3.97899798154831
-4.04513029456139
1.52788965702057
-4.39147131443023
-0.0139931559562673
8
3.18801640272141
3.20066806077957
-4.62043607831001
-8.66298797726632
1.07100594043732
9.79496068954468
5.36297354102135
-1.37505348324776
8
2.12286528348923
-5.8936666727066
1.37777287960053
-9.42343586087227
-0.645830470323562
5.86782703995705
-6.35628073215485
3.622520840168
6
7
-3.27262586951256
2.51416085362434
3.46122007966041
2.18815892934799
-7.54156665205955
-2.91076349616051
4.21196806430817
7
-2.4970076084137
-3.56201140284538
-1.63073071241379
2.15399358868599
-4.12583076357841
3.62224614024162
-0.963559436798097
7
4.28697986006737
3.26312750577927
0.0372992396354678
-1.47226901650429
-3.41837523579597
-3.60329411625862
-0.218891495466231
7
3.29081822037697
-3.97603123784065
3.29644134640693
4.08924921154976
-0.586055123806
-3.59079634547234
4.06697484850883
7
5.21428961157798
-2.2316524386406
-8.90168381929398
0.763361585140228
-5.35762574076653
-9.57622355818748
-2.83108421564102
7
1.39935762882233
-5.79711667895317
2.83710066080093
0.47517895102501
6.41957026720047
0.477578985691071
-6.20183756351471
2
7
6.32197347283363
3.54651339650154
0.846590054035186
1.01720010042191
0.971954250335693
-5.52459475398064
-3.29157150983811
7
-3.97367858290672
2.95399423837662
2.8668347120285
5.19353059530258
2.12949835062027
6.18925651311875
5.34277638196945
|Explorer2Genome 30
3
6
8
1.08901543021202
-5.82016395330429
4.69193389415741
-1.92830410003662
-5.63489910364151
-2.21746971011162
-2.09323736429214
-2.98018861413002
8
-2.30408800840378
4.58657435774803
0.31126235127449
-4.88218009471894
-1.98724911212921
4.0960107088089
-2.20132009983063
-1.44682269096375
8
5.60791746973991
-10.6674157977104
-1.24891861081123
2.89227094054222
3.71536895036697
-3.70322922468185
-7.15281840562821
3.90333336591721
8
3.7337252676487
-3.99695317149162
-6.57813224196434
3.97899798154831
-4.04513029456139
1.52788965702057
-4.39147131443023
-0.0139931559562673
8
3.18801640272141
3.20066806077957
-4.62043607831001
-8.66298797726632
1.07100594043732
9.79496068954468
5.36297354102135
-1.37505348324776
8
2.12286528348923
-5.8936666727066
1.37777287960053
-9.42343586087227
-0.645830470323562
5.86782703995705
-6.35628073215485
3.622520840168
6
7
-3.27262586951256
2.51416085362434
3.46122007966041
2.18815892934799
-7.54156665205955
-2.91076349616051
4.21196806430817
7
-2.4970076084137
-3.56201140284538
-1.63073071241379
2.15399358868599
-4.12583076357841
3.62224614024162
-0.963559436798097
7
4.28697986006737
3.26312750577927
0.0372992396354678
-1.47226901650429
-3.41837523579597
-3.60329411625862
-0.218891495466231
7
3.29081822037697
-3.97603123784065
3.29644134640693
4.08924921154976
-0.586055123806
-3.59079634547234
4.06697484850883
7
5.21428961157798
-2.2316524386406
-8.90168381929398
0.763361585140228
-5.35762574076653
-9.57622355818748
-2.83108421564102
7
1.39935762882233
-5.79711667895317
2.83710066080093
0.47517895102501
6.41957026720047
0.477578985691071
-6.20183756351471
2
7
6.32197347283363
3.54651339650154
0.846590054035186
1.01720010042191
0.971954250335693
-5.52459475398064
-3.29157150983811
7
-3.97367858290672
2.95399423837662
2.8668347120285
5.19353059530258
2.12949835062027
6.18925651311875
5.34277638196945
|Explorer2Genome 30
3
6
8
1.64014856815338
-7.26600670218467
3.6605246424675
-0.152069061994555
-4.57170399427414
-2.2755532681942
-1.48432082533836
-2.17440449595451
8
-4.11924570798874
3.83825415372849
0.201904040575027
-5.41796178817749
-2.42905979156494
3.69671679735183
-1.31482039093971
-2.87679405808449
8
4.7154720723629
-10.8151903510094
-1.77920699715614
2.66719898581505
3.12477302551269
-3.37048830389976
-6.620744150877
3.98726673126221
8
3.6421412050724
-4.9643638253212
-6.187310141325
3.76065193414688
-4.07289403676987
1.51336410045624
-4.2000334739685
-0.241568148136138
8
3.18801640272141
3.20066806077957
-4.63295348286629
-9.38425129055977
1.07100594043732
9.78681755661964
5.07841483950615
-1.48508415222168
8
2.29001833200455
-3.61057039499283
-0.463157308101653
-10.153629142046
0.410379934310914
4.9587985098362
-7.93374764919281
4.60523254871368
6
7
-4.02682307958603
1.48098899722099
4.42089114785194
1.88314056992531
-7.24293974637985
-2.99705409407616
2.81741156578064
7
-2.20717253684998
-3.72638754248619
-1.7623351752758
2.57647460699081
-5.30551843047142
4.12553730607033
-1.77153454422951
7
4.69121229052544
3.63831009268761
-0.051049435138702
-3.14779635071754
-3.77455149292945
-3.68436713814735
-1.57538117170334
7
3.52816753983498
-2.23251970410347
1.92781626582146
3.89935496449471
-2.16003944277763
-5.11559293866158
4.25260731577873
7
7.7147533416748
-2.16443118453026
-8.30227900147439
-0.0999172747135164
-1.50419187545776
-9.60217908024788
-4.40102349519729
7
-0.12849698662758
-4.7757033765316
3.48365150690079
1.42801131606102
5.80297231078148
1.16033343076706
-7.0689327955246
2
7
5.09517934918403
4.24896251559257
1.7462093770504
1.04160879254341
2.75620174407959
-4.71665388941765
-2.75503908395767
7
-3.87552684545517
3.24726969003677
3.01979501247406
4.15333841443062
2.01954330205917
6.09143534898758
5.627891767025
|Explorer2Genome 30
3
6
8
-1.13085892796516
-5.61979253292084
2.36617287993431
-2.51593416333199
-5.71957923173905
-0.67743593454361
0.503161990642547
-4.94200751781464
8
-2.53010583519936
4.43572508096695
0.860023987293243
-5.14918806552887
-1.70857145786286
3.53235401511192
-1.53641770482063
-2.30005560517311
8
5.60791746973991
-10.3628158450127
-1.62796667218208
2.19853238463402
4.97191563844681
-3.70322922468185
-7.15281840562821
3.80706461071968
8
3.4711277782917
-4.83123844265937
-6.88042542338371
6.82040023207664
-4.73624858260155
1.36304085850716
-4.63215318918228
-0.129806077480315
8
2.86688519120216
4.57081545591354
-4.06169816255569
-8.21439095139504
0.11633665561676
10.3412198424339
4.87940524816513
-1.69618635773659
8
3.18373359441757
-3.01047088503838
1.52343279719353
-10.7489033937454
1.72827058434487
3.33016505837441
-6.20931144952774
3.17907900214195
6
7
-3.70049321055412
2.40168588757515
3.29063237309456
1.2150697350502
-8.00365826487541
-2.339627212286
4.20290298461914
7
-2.60885071754456
-3.06652576923371
-2.66631807684898
2.37094152569771
-4.99078485965729
3.92200016379356
-0.990159207582475
7
4.40444808006287
3.38463407754898
0.0372992396354678
-2.40308057069778
-3.40211754441261
-3.25080078244209
-0.156011146306991
7
4.47122260928154
-3.01692300438881
1.2483415544033
4.16526644825935
-1.144825476408
-4.35726552009583
3.95762004256248
7
6.55953049659728
-1.73520750403404
-7.50758917927742
0.250409531593323
-1.9397429227829
-9.39803760051727
-4.18498886823654
7
1.39385752677917
-5.27580875754357
3.23889871835709
1.62983724474907
6.38928780555725
2.37183352708817
-8.24327993392944
2
7
6.94754842519759
4.00516420006752
2.01341663599014
0.933639562129977
1.63622827529907
-5.40364400744438
-2.91539614796639
7
-2.86537095308304
1.49372955560684
4.20107224583626
4.83824150562286
3.18259803652763
6.81152979135514
6.42493351101875
|Explorer2Genome 30
3
6
8
1.3433415055275
-6.35894712805748
4.78025597929955
-1.41007000803948
-4.8175522685051
-1.99347752332687
-3.71916085481644
-4.37440150380135
8
-2.87563692331314
3.46476992368698
0.0909569323062894
-4.88270909786225
-2.757350730896
4.35810131430626
-2.6944252550602
-0.423610806465149
8
5.60791746973991
-10.494534766674
-1.62796667218208
2.43117732405663
3.41092022061348
-3.70322922468185
-7.15281840562821
3.99273037314415
8
3.95251634716987
-3.72350181937218
-7.34425725340843
4.45026941895485
-5.3443728864193
0.902071070671082
-4.21145875453949
1.35906885266304
8
3.33705638647079
3.77178674936294
-3.45400794744491
-8.66226320862771
0.483301043510437
8.67537354826927
5.61225776076317
-1.65479912161827
8
4.05216850042343
-4.59538123607635
0.990401941537858
-10.0258120834827
-0.180503541231154
5.90602600574494
-6.76767086982727
3.69803414344788
6
7
-3.7468950688839
1.64703924655914
2.86629388928413
1.2150697350502
-6.96392726302147
-2.339627212286
4.16031308174133
7
-2.60885071754456
-3.20095937252045
-2.15814890265465
3.12358782887459
-5.06138310432434
3.69559189677238
-0.966303300857545
7
4.00744633078575
2.14551931619644
-0.829411542415618
-5.17238270044327
-2.76914979815483
-2.48406460285187
0.102161842584611
7
3.30690611004829
-3.83359614014626
3.5620475769043
4.08924921154976
-0.724884331226349
-3.94940554499626
4.89550434947014
7
6.44764885306358
-1.95973371863365
-8.05516123771668
-0.752896857261658
-1.85773200392723
-10.2609680056572
-3.29589952230453
7
1.08974795341492
-5.2872676551342
3.20515888929367
0.217860263586045
5.54902964830398
1.0013384282589
-6.34378457069397
2
7
6.93492981195449
4.4392706990242
2.29515506625175
0.544115722179415
3.24292324185371
-5.24778792262077
-3.3125313103199
7
-3.64078390002251
2.95399423837662
2.92954833507538
4.81075993180275
1.54963029623032
5.3815398812294
5.67157729864121
|Explorer2Genome 30
3
6
8
0.757036507129669
-5.64290768504143
4.44458932280541
-1.34237790107727
-4.49228414297104
-2.14621587991714
-2.79670404195786
-3.03341258168221
8
-3.02670608758926
4.73202003836632
-0.338521808385849
-6.55608458518982
-2.85363438129425
3.73872691392898
-1.65560763478279
-2.02207489609718
8
5.10039671063423
-9.51238106489182
-1.4575225174427
1.6785409450531
4.43099204301834
-2.87612449526787
-6.47905585169793
5.03989372253418
8
3.2626129925251
-4.56034545302391
-7.10742892622948
5.10812608003616
-4.69695157408714
0.616803336143494
-4.59964764118194
-0.380454432964324
8
3.12532454133034
4.29661449790001
-4.55247160196304
-8.13148244023323
0.185172063112259
9.6072248160839
5.21884816884994
-1.80999892354012
8
3.31566428542137
-3.27525088787079
-0.348717713356017
-9.33253681659698
-0.528069603443145
4.74047155976296
-6.23546624183655
3.3172264456749
6
7
-5.07592677474022
2.62358761429787
3.63490985035896
1.00842943787575
-7.39491056203842
-3.60452894568443
4.36245186328888
7
-2.01051517128944
-2.73218807578087
-1.97917569875717
3.36329354047775
-3.79983130693436
4.28483909964561
-0.328685462474824
7
5.01575650572777
3.97628597021103
-1.55793479084969
-3.1202149271965
-2.96839948296547
-2.72216706871986
0.147132474184037
7
4.03379011750221
-2.71719632148743
0.890727704763411
4.56378784775734
-0.677028197050095
-4.15772045254707
3.48433510661125
7
5.37796213626861
-2.2316524386406
-9.46992467641831
0.287712085247039
-5.8581139266491
-9.32143632173538
-2.71886030435562
7
1.7322325527668
-4.5803329885006
3.35818637013435
1.29438738226891
6.81592900156975
2.54693641066551
-7.25687446594238
2
7
7.44205719828605
4.75703523755073
1.6292642056942
-0.0448460936546301
2.12840626239777
-4.9606923520565
-2.84773980379105
7
-3.046405595541
3.08514769673347
3.48428809642792
4.03707402348518
1.18973585367203
6.73225089907647
5.80316745638848
|Explorer2Genome 30
3
6
8
-1.4446022093296
-4.96545142531395
2.16871746778488
-1.67868267297745
-5.46182275414467
-0.696202939748764
-0.511346447467804
-5.21859295964241
8
-3.07017217874527
4.73202003836632
0.142255359888076
-5.50822620391846
-2.82357575893402
3.6186736524105
-1.65560763478279
-2.12587731480598
8
4.7154720723629
-10.8151903510094
-1.7023684322834
2.14755296111107
3.18623659610748
-3.00383834242821
-6.11962739825249
3.98726673126221
8
2.99277139306068
-3.0334615111351
-7.1820909678936
6.16094454526901
-4.10679433345795
1.79049472808838
-6.55256731510162
0.0923115134239207
8
3.60989742875099
2.71116269826889
-3.70358320474625
-8.52356281876565
1.32823343276978
10.0521454453468
6.19169816374778
-2.42725369930267
8
3.55119293928147
-4.29492053985596
0.990401941537858
-9.62453172802925
-0.970285475254058
6.25835282802582
-5.99664986133576
3.69803414344788
6
7
-3.12946249842644
2.17207787036896
3.40207965970039
1.29564252495766
-7.61749262213707
-3.26400479078293
3.97079391479492
7
-2.39999196529388
-3.49410443305969
-2.67154173254967
3.12358782887459
-5.05937902927398
4.21676942706108
-0.993739724159242
7
5.45940022468567
3.70449737310409
-0.0664340853691098
-2.38252456784248
-3.44246876835823
-3.01572579741478
0.263689333200455
7
4.13846291303635
-5.42643638849258
2.31914069056511
4.12110720276833
-1.04140443205833
-3.06981871128082
3.82906539440155
7
7.24703257679939
-2.03068479895592
-7.19304724335671
0.21972171664238
-3.09240279197693
-9.78790665864944
-3.03547449707985
7
0.770616579055785
-5.2872676551342
2.95867173075676
0.217860263586045
5.54902964830398
1.0013384282589
-6.2794282913208
2
7
7.26667228937148
3.59986224770546
2.41403480768204
1.80250778794289
2.2719589471817
-6.30941612124443
-3.04359527826309
7
-3.03642141222954
2.16785381436348
3.63122272491455
4.03707402348518
1.43890999555588
6.73225089907647
5.66007761359215
|Explorer2Genome 30
3
6
8
-0.856856113672256
-5.27062678337097
1.65062304735184
-1.91783121824265
-5.13270546197891
-0.890579694509506
0.457339203357696
-5.31751835346222
8
-2.30244964361191
4.00281840562821
0.32302616238594
-4.04653995037079
-1.2339203119278
3.53028249144554
-1.23808346390724
-1.7660419523716
8
5.95171420574188
-10.4493435323238
-2.6537049472332
2.33573586940765
3.8755024254322
-3.19421540498733
-6.34733456969261
3.38562421798706
8
3.69726102948189
-5.38345846533775
-6.57813224196434
4.82816852927208
-4.22904815077782
0.914620232582093
-4.85205051898956
-0.592063432931899
8
3.74103811979294
3.29221400022507
-4.4314758837223
-9.45092163681984
0.201148390769959
9.67981045246124
5.71701211333275
-1.27993226647377
8
3.00081423521042
-3.31613156199455
1.33194369077683
-10.7099922657013
1.63593963384628
3.77739351391792
-6.20931144952774
3.62196978926659
6
7
-4.35391179919243
1.58374465703964
2.29898143410683
-0.159384053945541
-7.44083804488182
-2.56190732717514
3.72566783428192
7
-2.44166732430458
-3.13456847667694
-2.01121729612351
2.60428947210312
-4.13191608786583
4.02177447676659
-2.08027933239937
7
4.56698071956635
3.36808127164841
0.1560582280159
-2.92693272829056
-3.40211754441261
-3.60329411625862
-0.218891495466231
7
3.19891837239265
-2.66756792664528
0.51224848628044
4.67573173642159
-1.144825476408
-4.44560509324074
4.39974786639214
7
6.35850980281829
-1.81219759583473
-8.06370208859444
-0.0234521448612214
-2.3322774887085
-9.78490503430367
-4.05166169404983
7
1.39935762882233
-6.4672191798687
2.83710066080093
0.59999937415123
5.99009910821914
0.566648280620575
-6.20183756351471
2
7
6.40905290842056
4.52958160638809
1.79633630514145
0.559837901592257
2.93402919769287
-5.61731120944023
-3.50959585309029
7
-3.85745789408684
2.91314061880112
2.94014368653298
5.54573848843574
2.12949835062027
6.92491540312767
5.3324847817421
|Explorer2Genome 30
3
6
8
1.77027032375336
-6.57797996401787
3.08533863425255
-0.709232681989672
-4.57170399427414
-2.18824214339256
-2.12242156863213
-3.08950273990631
8
-2.86979968547821
5.10950317382813
0.0250877976417537
-5.07595417499543
-1.91107861399651
3.41378267407417
-1.91753950715065
-2.06360287666321
8
5.60791746973991
-10.5674161612988
-1.35678734779358
2.43117732405663
4.31196907162666
-3.70322922468185
-7.15281840562821
3.50555084347725
8
1.49134447574615
-5.1027787387371
-6.6760291159153
5.56289050579071
-2.83226996064186
1.63786144256592
-4.33766183853149
-0.969649422168731
8
3.74103811979294
3.82091673612594
-4.2155413210392
-8.65897889733315
0.625489091873169
9.34036982059479
4.87232069373131
-2.11399469971657
8
2.12286528348923
-5.48881204128265
0.987839770317078
-9.42343586087227
-0.797358667850493
5.35213323235512
-6.35628073215485
3.20033634901047
6
7
-4.55490517020226
2.69685757160187
3.63490985035896
0.608779579401017
-7.6542568385601
-3.63765066862106
3.44365193843841
7
-2.60885071754456
-2.84163620471955
-2.15814890265465
2.19406436085701
-5.88008563518524
4.21676942706108
-0.990159207582475
7
4.28697986006737
3.53326150178909
0.0372992396354678
-1.95175686478615
-3.40211754441261
-3.08848264813423
-0.120153731107711
7
4.03379011750221
-2.80117599964142
0.848919075727461
4.57612534761429
-1.8416505753994
-5.11559293866158
4.03537999987602
7
5.26957750320434
-2.53934444189072
-9.46992467641831
0.287712085247039
-5.8581139266491
-9.47338789701462
-2.17443789243698
7
1.7322325527668
-4.97376670241356
3.35818637013435
1.29438738226891
6.78688883185387
2.0452732026577
-7.25687446594238
2
7
6.26972557902335
4.75703523755073
1.6292642056942
1.24529327750206
2.12840626239777
-4.9606923520565
-2.92563380002976
7
-3.64078390002251
2.95399423837662
3.23024206161499
5.11645549535751
2.52060297727585
5.94943362474442
5.51690489053726
|Explorer2Genome 30
3
6
8
1.08023115992546
-6.07736853957176
4.57371079325676
-1.05715882182121
-5.09276479482651
-1.75707627534866
-1.75382169485092
-3.03341258168221
8
-4.11924570798874
3.83825415372849
0.201904040575027
-5.41796178817749
-1.8586519241333
3.69671679735183
-1.31482039093971
-2.9642332136631
8
5.87374569773674
-8.95632979273796
-2.81759682297707
1.62779557108879
2.55210809707641
-2.73630902171135
-7.08058542609215
3.9600413620472
8
3.65979092717171
-5.02531947493553
-6.14609903693199
4.64087139368057
-4.22904815077782
0.968983387947083
-4.2000334739685
-0.0139931559562673
8
4.4675917327404
4.29151998162269
-5.31194831132889
-8.08228909969331
0.209866410493851
9.22702496051788
5.30107033848762
-1.49382173418999
8
2.29001833200455
-3.9783382833004
-0.56691516637802
-10.5454093277454
0.773564052581788
4.9587985098362
-7.93374764919281
4.8157918214798
6
7
-4.35391179919243
1.58374465703964
2.6043227493763
-0.156618517637252
-7.73184978365898
-3.38937501311302
3.71290831565857
7
-2.10099174976349
-3.68282043933869
-1.00374899506569
2.64105470776558
-4.42785284519195
4.196050542593
-1.30277381539345
7
5.01575650572777
3.48564456701279
-1.55793479084969
-2.61823157072067
-2.96839948296547
-2.60889995694161
0.147132474184037
7
3.64507950544357
-5.57524741888046
2.31914069056511
3.70903235077858
-1.17649013400078
-2.91099490523338
3.04127559065819
7
6.92152478694915
-1.41663045287132
-7.91764236092568
0.19852539896965
-1.95820260047913
-9.60217908024788
-4.40102349519729
7
1.39935762882233
-5.38850237727165
2.83710066080093
0.472774475812912
5.99009910821914
0.566648280620575
-6.20183756351471
2
7
7.32812920808791
4.01911397576332
2.39408560991287
1.13953529596329
2.40902004241943
-5.24778792262077
-2.91539614796639
7
-3.64078390002251
2.95399423837662
3.17308804988861
4.82934713959694
2.52060297727585
5.94943362474442
5.51690489053726
|Explorer2Genome 30
3
6
8
1.77027032375336
-7.26693660616874
3.33090926408768
-0.85720314383507
-4.57170399427414
-2.18824214339256
-1.59805299639702
-2.37307734489441
8
-2.86979968547821
4.70651235580445
0.283526647090911
-5.07595417499543
-2.7400764465332
3.41378267407417
-1.49016905426979
-2.07572953701019
8
5.60791746973991
-10.5674161612988
-2.06349990963936
2.43117732405663
4.6485004723072
-4.00873426198959
-7.15281840562821
3.50555084347725
8
3.65979092717171
-5.02531947493553
-6.04457806944847
4.64120935201645
-4.22904815077782
0.968983387947083
-4.2000334739685
-0.0139931559562673
8
3.32500718832016
3.82091673612594
-4.2155413210392
-8.39501178264618
0.625489091873169
9.67981045246124
4.87232069373131
-2.00383451581001
8
2.12286528348923
-5.48881204128265
1.31877028942108
-9.42343586087227
-0.797358667850493
5.35213323235512
-6.35628073215485
3.51702255010605
6
7
-4.55490517020226
2.38798525333404
3.63490985035896
0.551291328668595
-7.6542568385601
-3.21825445890427
3.89834072589874
7
-2.5160010099411
-3.21558578014374
-2.15814890265465
2.26663177609444
-5.5037216424942
4.21676942706108
-0.990159207582475
7
5.1906519651413
3.7940172791481
-1.16618121266365
-2.90966554284096
-2.96839948296547
-2.72216706871986
0.147132474184037
7
4.47868966460228
-2.62336683869362
1.2483415544033
4.16526644825935
-1.0470798432827
-4.35726552009583
4.26273097395897
7
7.12843403816223
-1.73520750403404
-7.91764236092568
-0.205654889345169
-1.95820260047913
-9.60217908024788
-3.964615213871
7
1.39935762882233
-5.38850237727165
2.83710066080093
0.244707673788071
6.18245882391929
1.11476463079453
-6.20183756351471
2
7
7.32812920808791
4.14904883503914
2.39408560991287
1.13953529596329
2.40902004241943
-5.24778792262077
-2.91539614796639
7
-3.046405595541
2.59389696717262
3.70747161507607
4.05524144768715
0.946339404582978
6.73225089907647
5.80316745638848
|Explorer2Genome 30
3
6
8
-0.77344172000885
-5.76724171638489
1.6255451798439
-1.97376743555069
-5.1920000910759
-1.31620658636093
0.92123976945877
-4.94200751781464
8
-2.93808679580688
4.96326346993447
0.440986746549606
-5.07595417499543
-2.20660195350647
3.05722346901893
-1.91753950715065
-2.28333365917206
8
4.7154720723629
-10.8151903510094
-1.68089037537575
2.14755296111107
3.22307119369507
-3.25968853831291
-5.82517651319504
3.98726673126221
8
2.96063666939735
-4.26644359827041
-6.10182501077652
5.89593660831452
-5.26580554842949
0.116756176948548
-3.91290650367737
1.05755394101143
8
3.54781237244606
4.29661449790001
-4.66925448179245
-8.22708888649941
-0.248746985197067
9.89601545333862
5.21884816884994
-1.80999892354012
8
3.40296425223351
-2.51659600734711
-0.667593455314636
-9.8924106657505
-0.363480478525161
3.97951858043671
-6.33249003887177
3.20144993066788
6
7
-3.30013954043388
2.95641059279442
2.64539114236832
0.32735956311226
-7.32029549479485
-3.8051998257637
3.53538375496864
7
-2.01051517128944
-2.92436692118645
-1.7897734940052
2.91763042211533
-3.79983130693436
3.69707755446434
-0.634223759174348
7
5.28238853812218
3.81683148741722
0.319322788715363
-3.488466578722
-3.73109164237976
-3.35332612991333
-1.43696187734604
7
4.6307382106781
-2.62336683869362
1.2483415544033
4.16526644825935
-1.144825476408
-4.69046155810356
3.70936436057091
7
6.44764885306358
-1.95973371863365
-8.05516123771668
-0.752896857261658
-1.85773200392723
-10.8524344325066
-3.47681137323379
7
0.622307032346724
-4.7757033765316
3.48365150690079
1.42801131606102
6.14422625899315
1.63057137727737
-6.69474403858185
2
7
5.74227500557899
4.06366466283798
2.31623744368553
1.04160879254341
2.93523023724556
-4.19233545660973
-3.12846294641495
7
-3.046405595541
2.16785381436348
3.63122272491455
3.52101529240608
1.43890999555588
6.73225089907647
5.66007761359215
|Explorer2Genome 30
3
6
8
0.757036507129669
-6.36008760333061
4.30307175517082
-1.34237790107727
-4.49228414297104
-2.14621587991714
-2.24509066343308
-3.60961874127388
8
-2.36894598603249
5.29998117685318
0.595641809701919
-6.97785968184471
-1.52167041301727
4.02012804746628
-1.75967498421669
-2.82996377944946
8
6.11374446749687
-10.3809508502483
-1.54711945652962
3.03926656246185
2.39903998970985
-2.8144713640213
-5.98194260001183
3.75712811946869
8
2.7108825981617
-4.56034545302391
-6.57813224196434
5.06573079824448
-4.36107620596886
0.616803336143494
-4.35299749374389
-0.380454432964324
8
3.54781237244606
4.29661449790001
-4.66925448179245
-8.22708888649941
-0.248746985197067
9.89601545333862
4.69046429395675
-1.80999892354012
8
3.07702600359917
-2.95298089981079
0.162526774406434
-9.51222563385963
0.40859324336052
4.88805415630341
-6.01673504710198
2.85958465337753
6
7
-2.79563176035881
1.38425884842873
2.82627103924751
0.102676922082902
-7.93253917098045
-2.61359528303146
3.53538375496864
7
-2.58849974274635
-2.73218807578087
-1.94985028505325
2.91763042211533
-3.79983130693436
3.69707755446434
-0.77541517019272
7
5.13866832256317
4.65972026586533
0.174393522739411
-2.59060419201851
-4.68542144894599
-3.13117544054985
0.601728993654252
7
4.03379011750221
-2.73870232701302
0.848919075727461
3.95217102169991
-1.57217075228691
-5.11559293866158
4.38608884215355
7
6.97143670916557
-1.26018206477165
-7.33194313049317
-0.184469228982926
-3.12223703861237
-10.4306769669056
-3.5405677318573
7
0.622307032346724
-4.87393524050713
3.48365150690079
1.42801131606102
6.09752842783928
1.63057137727737
-6.69474403858185
2
7
7.80425134897231
4.10850663781166
2.34164341688156
1.25003787279129
3.29993557929993
-5.24778792262077
-2.88449953198433
7
-3.44922625422478
2.90613032579422
3.51216847896576
4.76744075417519
2.64809330701828
5.3516418337822
5.78194571137429
|Explorer2Genome 30
3
6
8
1.99553995728493
-7.09165390729904
3.33090926408768
-0.152069061994555
-4.75844289064408
-2.34819256663322
-1.47438978552818
-2.29496183395386
8
-2.74000728726387
4.98123480677605
0.720967131853103
-4.37165338397026
-3.46144733428955
3.52579873204231
-2.42952482104301
-2.18797585368156
8
5.92343084812164
-9.94635667204857
-1.70934884548187
2.00300877094269
3.99623716473579
-4.00959269404411
-6.15743147134781
4.71376577019691
8
2.57394404411316
-4.75056844949722
-6.10182501077652
6.04788208603859
-4.75081855654716
0.32237555384636
-3.91290650367737
1.15418313145638
8
4.4675917327404
4.29151998162269
-4.54645665884018
-7.56906735897065
0.563696271181107
9.21988071799278
5.72750323414802
-1.48348221182823
8
3.66669585108757
-2.87832443714142
-0.511091423034667
-9.95821827054024
-0.0792462706565847
4.4461829662323
-6.08595798015595
2.69327260255814
6
7
-5.07788464426994
1.58374465703964
2.62259045243263
-0.125552886724471
-7.44083804488182
-3.19648736715317
3.72617466449737
7
-2.00295277237892
-3.13456847667694
-1.91425944566727
2.60428947210312
-5.22270397543907
4.53434647917747
-1.75545952916145
7
4.28697986006737
3.61634231805801
-0.487617218494415
-2.22294820547104
-3.40211754441261
-3.85014110207558
-0.391015714406966
7
4.96162016391754
-2.41864621639252
1.208536195755
4.16526644825935
-0.664825361967087
-4.5397254884243
4.11048657298088
7
5.36683003902435
-2.20089658498764
-9.91209999322891
0.827258294820785
-5.20054522752762
-9.57622355818748
-1.97114926576614
7
1.7322325527668
-4.54096152186394
3.18884750008583
1.19625751376152
6.75422438979149
2.17099284529686
-6.65330619812012
2
7
7.92056094408035
3.59986224770546
2.42061392664909
1.63315182328224
1.95837051868439
-7.22568132281303
-2.85128511190415
7
-3.0051479279995
1.48271506428718
2.23984253406525
5.62393312454224
2.60399326682091
6.25256696343422
4.1265317261219
|Explorer2Genome 30
3
6
8
2.11176080703735
-7.1321060359478
4.47401081323624
-0.12384657263756
-4.70371359586716
-3.14962911009789
-1.68991581201553
-2.7423214673996
8
-2.83141275048256
3.87177096605301
0.676299196481704
-5.23389279842377
-3.26229639053345
2.34318586587906
-2.11025652885437
-1.92074504494667
8
5.39613482356071
-10.9391354262829
-1.90426710247993
3.70144408345222
3.01059065461159
-3.39966692924499
-5.61965398192406
3.39243981838226
8
2.82016044259071
-4.56034545302391
-6.57813224196434
5.10812608003616
-4.13436045050621
0.616803336143494
-5.05036218166351
0.108619701862336
8
3.56559684872627
2.69033967256546
-4.65774480104446
-8.3263478577137
0.234962248802185
10.3685394644737
6.15107986330986
-1.90718567371368
8
4.30435785651207
-3.02509845495224
1.76504377126694
-10.2171839237213
1.07300969362259
4.21135910749436
-6.07655576467514
2.35516647696495
6
7
-2.83042095899582
2.17207787036896
2.84032781720161
1.34975019097328
-7.73999740481377
-3.48194786310196
4.77957670688629
7
-1.5328436434269
-2.73218807578087
-1.97917569875717
2.91763042211533
-3.79983130693436
4.28483909964561
-0.929057753086091
7
5.43413072228432
4.79036251306534
-0.509675276279449
-2.59060419201851
-4.33579342961311
-2.57682057619095
1.30503359436989
7
3.70261605381966
-3.64639032483101
2.07735832333565
4.15906618237496
-1.61434144377708
-5.23740662336349
5.02270505428314
7
6.83214757442474
-1.73520750403404
-7.91764236092568
0.453835916519165
-2.30377311706543
-9.60217908024788
-3.964615213871
7
0.6024372279644
-4.7757033765316
2.72617930173874
2.27399005293846
6.09752842783928
2.01559497117996
-6.12683799266815
2
7
5.54198430180549
3.13051486611366
2.94177066087723
0.35054336190224
2.16344047188759
-3.8537142932415
-3.48775349855423
7
-3.64078390002251
2.95399423837662
3.1989589214325
4.82934713959694
2.52060297727585
5.77943915128708
6.05496209859848
|Explorer2Genome 30
3
6
8
0.757036507129669
-6.01318749785423
4.44458932280541
-1.34237790107727
-4.49228414297104
-2.4375039935112
-2.49628697633743
-3.03341258168221
8
-2.42206561565399
6.12958399057388
0.19921138882637
-6.15249597430229
-1.43761949539185
3.43780931234359
-2.01006736755371
-2.58719618320465
8
5.60791746973991
-10.9316614329815
-1.41334762573242
1.98213648200035
4.45850515961647
-3.70322922468185
-7.56985684633255
3.77987214326859
8
3.36330463886261
-3.73460226655006
-6.6464411854744
6.66069304943085
-4.2509797513485
-0.188571101427078
-3.88409836292267
0.0967902481555948
8
2.68469296097755
5.18047720193863
-4.06169816255569
-8.68762875199319
-0.248447489738464
10.781301677227
5.49927160143852
-1.69618635773659
8
2.12877601385117
-5.48881204128265
1.45985584259033
-10.4448256313801
-0.384712040424346
6.302679926157
-6.03007912635803
3.622520840168
6
7
-5.07592677474022
2.62358761429787
4.1129566013813
1.00842943787575
-7.39491056203842
-3.15093550086021
3.89834072589874
7
-2.01051517128944
-2.73218807578087
-2.01404634714127
2.91763042211533
-3.79983130693436
3.72791187167168
-0.328685462474824
7
5.1395101249218
4.79192389845848
0.231668484210968
-3.03540957570076
-3.71781576275825
-2.95686600804329
0.0613753676414498
7
4.47122260928154
-2.62336683869362
0.871357721090315
3.62870262265205
-1.40300754904747
-4.35726552009583
4.26273097395897
7
6.81549676060676
-2.26625220179558
-7.01099928021431
1.0532577931881
-3.09240279197693
-9.42628229856491
-3.26455238461494
7
1.39385752677917
-4.56073927283287
4.79780723452568
1.62983724474907
6.12789432406425
1.28674207925797
-8.1333976984024
2
7
6.79648154973983
4.05432508587837
0.723260867595671
0.94467633366585
2.88951396942139
-5.66560298800468
-2.08429900407791
7
-3.046405595541
2.16785381436348
3.48428809642792
3.73353050351143
1.55477048158646
6.79055446982384
5.66671096682549
|Explorer2Genome 30
3
6
8
1.77027032375336
-7.26693660616874
3.33090926408768
-0.709232681989672
-3.98763345479965
-1.6882859647274
-1.59805299639702
-2.24234454631805
8
-2.86979968547821
4.70651235580445
0.33586813211441
-5.07595417499543
-2.46482207775116
3.41378267407417
-1.91753950715065
-2.07572953701019
8
5.60791746973991
-10.5674161612988
-1.62796667218208
2.43117732405663
4.14019632935524
-3.70322922468185
-7.15281840562821
3.50555084347725
8
2.86761982440948
-3.48028298616409
-6.08402571082115
6.12073810696602
-4.78137907385826
2.06029727458954
-6.27182021141052
0.446027791500093
8
3.74103811979294
3.52921735048294
-4.2155413210392
-8.65897889733315
0.200551080703735
9.67981045246124
4.87232069373131
-2.11399469971657
8
2.12286528348923
-5.48881204128265
0.987839770317078
-9.42343586087227
-0.797358667850493
5.35213323235512
-6.35628073215485
3.51702255010605
6
7
-4.55490517020226
2.38798525333404
3.63490985035896
0.766613131761552
-7.38204983472824
-3.21825445890427
3.89834072589874
7
-2.435827511549
-3.21558578014374
-2.15814890265465
2.78787539601326
-5.5037216424942
3.90905911326408
-0.990159207582475
7
4.28697986006737
3.75770581960678
0.0372992396354678
-1.64551824331283
-3.40211754441261
-3.60329411625862
-0.218891495466231
7
4.47122260928154
-2.62336683869362
1.2483415544033
4.16526644825935
-0.629128521680832
-4.35726552009583
4.42599494457245
7
5.21428961157798
-1.93465338349342
-9.24670859575272
0.763361585140228
-5.32488312125206
-9.57622355818748
-2.32400566339493
7
0.634629172086714
-5.13473200201988
2.73479169607162
0.125051540136338
5.59657489657402
0.600046861171723
-6.2221531867981
2
7
7.81195837259292
2.67483974099159
2.41403480768204
2.11127296090126
2.13963218331337
-5.97775146365166
-2.6960044503212
7
-3.95200683474541
3.38548427820206
3.08443338871002
5.16436291337013
2.40962461233139
5.68897289037705
5.4419802248478
|Explorer2Genome 30
3
6
8
2.36968261599541
-7.45158666968345
2.73222903609276
-0.098312586545946
-3.93329184651375
-2.18904601931572
-1.91440917849541
-2.81802418828011
8
-2.54766198396683
3.49088362455368
0.272437626123428
-4.41142122745514
-2.00642533302307
4.63670045137405
-2.14408760666847
-0.423610806465149
8
5.38500708937645
-11.0555626094341
-1.64598897099495
1.83013941645622
3.3868193924427
-4.25053933858871
-6.96325598359108
3.50555084347725
8
3.12880337834358
-4.94529072642326
-5.99594239592552
4.64087139368057
-4.22904815077782
0.968983387947083
-3.83151111602783
-0.394231402873992
8
3.74103811979294
3.82091673612594
-4.2155413210392
-8.81939952969551
0.625489091873169
9.67981045246124
4.87232069373131
-2.11399469971657
8
2.737214833498
-3.73136233687401
0.0304866492748269
-8.24827669262886
1.33722623586655
4.99363883137703
-7.12456998229027
3.35661565065384
6
7
-3.85762795805931
2.25185470581055
3.86722017526627
1.69790476560593
-7.54156665205955
-2.91076349616051
4.97942114472389
7
-2.52780673503876
-3.21558578014374
-2.66631807684898
2.37094152569771
-5.19275076389313
4.33587631583214
-0.990159207582475
7
4.75754759311676
4.43705775737762
-0.051049435138702
-3.59654622673988
-3.77455149292945
-3.65765033364296
-0.437810266017913
7
2.9676872074604
-2.67197390198708
4.31239061355591
3.95813409090042
-1.00180002450943
-4.18589648604393
3.57446720004081
7
6.44764885306358
-1.95973371863365
-8.05516123771668
-0.752896857261658
-2.38685945868492
-9.87506521940231
-3.29589952230453
7
2.48826249837875
-5.27075628042221
4.46986356973648
-1.26432498693466
7.87887784838676
3.43912612199783
-7.75287250876427
2
7
6.94754842519759
3.85818851590156
2.53962684869766
1.22035438418389
1.63622827529907
-5.29607662558556
-2.74046664237976
7
-2.78441242575646
2.98175853490829
2.97804961204529
5.21932631134987
1.60346595048905
6.34116908907891
4.82902005910874
|Explorer2Genome 30
3
6
8
1.86508342623711
-7.1321060359478
4.60556372404099
-0.362792557477953
-4.70371359586716
-2.81638659834862
-2.28503819704056
-2.7423214673996
8
-2.28742056488991
3.87177096605301
0.705017071962356
-5.6465517282486
-3.26229639053345
2.34318586587906
-2.11025652885437
-1.92074504494667
8
5.39613482356071
-11.0691848695278
-1.90426710247993
3.06021389961243
2.74546239376068
-3.01174719333649
-5.61965398192406
3.5945105612278
8
3.62539084553718
-2.88232740163803
-6.26284043192863
6.03396442532539
-3.86512234807014
1.79049472808838
-6.50757086277008
-0.410671484470366
8
3.96748452782631
2.69033967256546
-4.65774480104446
-8.3263478577137
0.234962248802185
10.3685394644737
6.1967058122158
-1.90718567371368
8
3.66488940119743
-2.95298089981079
-1.121213722229
-9.51222563385963
0.223422598838807
4.88805415630341
-6.01673504710198
3.01027952432632
6
7
-2.31657528281212
1.60254667401314
3.02299095392227
0.32735956311226
-8.33563806414604
-2.01687659025192
4.1801767706871
7
-2.01743251681328
-2.81534154415131
-1.9641724050045
2.05215333104134
-5.5037216424942
4.0836689889431
-0.833955240249635
7
5.13866832256317
4.79036251306534
-0.175299459695816
-2.59060419201851
-4.33579342961311
-2.74574221968651
1.30503359436989
7
3.70261605381966
-3.64639032483101
2.07735832333565
4.15906618237496
-2.13618087172508
-5.23740662336349
5.40472757816315
7
4.70079299807548
-1.6403805077076
-9.24670859575272
-0.247519791126252
-5.35762574076653
-9.02744631171226
-2.92140377759933
7
-0.37205309867859
-4.7757033765316
3.44141964316368
0.341311043500901
6.04390915632248
2.22449540495873
-7.18232007026672
2
7
4.96414292454719
3.13426530957222
2.55105549097061
0.35054336190224
2.16344047188759
-3.64417914152145
-3.0545110821724
7
-4.03046731352806
2.71768654584884
4.57293676137924
3.83136025071144
2.02424331903458
5.13065441846848
5.4902620613575
|Explorer2Genome 30
3
6
8
1.86508342623711
-7.1321060359478
4.60556372404099
-0.362792557477953
-4.70371359586716
-2.81638659834862
-2.28503819704056
-2.7423214673996
8
-2.28742056488991
3.87177096605301
0.705017071962356
-5.6465517282486
-3.26229639053345
2.34318586587906
-2.11025652885437
-1.92074504494667
8
5.39613482356071
-11.0691848695278
-1.90426710247993
3.06021389961243
2.74546239376068
-3.01174719333649
-5.61965398192406
3.5945105612278
8
3.62539084553718
-2.88232740163803
-6.26284043192863
6.03396442532539
-3.86512234807014
1.79049472808838
-6.50757086277008
-0.410671484470366
8
3.96748452782631
2.69033967256546
-4.65774480104446
-8.3263478577137
0.234962248802185
10.3685394644737
6.1967058122158
-1.90718567371368
8
3.66488940119743
-2.95298089981079
-1.121213722229
-9.51222563385963
0.223422598838807
4.88805415630341
-6.01673504710198
3.01027952432632
6
7
-2.31657528281212
1.60254667401314
3.02299095392227
0.32735956311226
-8.33563806414604
-2.01687659025192
4.1801767706871
7
-2.01743251681328
-2.81534154415131
-1.9641724050045
2.05215333104134
-5.5037216424942
4.0836689889431
-0.833955240249635
7
5.13866832256317
4.79036251306534
-0.175299459695816
-2.59060419201851
-4.33579342961311
-2.74574221968651
1.30503359436989
7
3.70261605381966
-3.64639032483101
2.07735832333565
4.15906618237496
-2.13618087172508
-5.23740662336349
5.40472757816315
7
4.70079299807548
-1.6403805077076
-9.24670859575272
-0.247519791126252
-5.35762574076653
-9.02744631171226
-2.92140377759933
7
-0.37205309867859
-4.7757033765316
3.44141964316368
0.341311043500901
6.04390915632248
2.22449540495873
-7.18232007026672
2
7
4.96414292454719
3.13426530957222
2.55105549097061
0.35054336190224
2.16344047188759
-3.64417914152145
-3.0545110821724
7
-4.03046731352806
2.71768654584884
4.57293676137924
3.83136025071144
2.02424331903458
5.13065441846848
5.4902620613575
|Explorer2Genome 30
3
6
8
1.49901713132858
-7.50575343370437
3.65422095060349
-0.364806199073793
-4.30606209039688
-2.38111242651939
-1.24345516562462
-2.69185479283333
8
-2.78046966195106
3.97683609724045
0.676299196481704
-5.97519142627716
-3.09177185893059
2.75851513147354
-2.11025652885437
-1.60601063370705
8
5.73245450854301
-9.93717085719109
-1.90426710247993
3.53095903396606
3.14918620586395
-3.3702358007431
-5.57915233969689
3.39243981838226
8
2.84571116566658
-4.43787071108818
-6.23176607489586
5.26836280226707
-5.4306222319603
1.18373656272888
-4.23485169410705
0.414652955532075
8
3.60989742875099
2.91185707449913
-4.65774480104446
-8.3263478577137
0.632611680030823
10.3685394644737
6.47554404139518
-2.3476396560669
8
3.88105670809746
-3.15539412498474
0.293975239992142
-9.16226916909218
0.0995677173137675
4.57287127971649
-6.29750537872315
2.79586638212204
6
7
-2.32307409644127
1.60254667401314
2.72475350499153
0.32735956311226
-7.56259087920189
-2.61359528303146
3.94967175126076
7
-2.01743251681328
-3.1864670753479
-2.31389884352684
1.75265951752663
-5.5037216424942
4.21676942706108
-0.607980185747148
7
5.96872119307518
3.86513093709946
-0.715518581867218
-3.0924449801445
-3.76654062867164
-2.55404230952263
0.461852222681046
7
3.27017157673836
-2.59317525029182
1.90643094182014
4.37511168122292
-1.61434144377708
-4.88652647733688
5.02270505428314
7
4.85282511115074
-2.19322713017464
-9.24670859575272
-0.247519791126252
-5.35762574076653
-9.23540262579918
-2.95738350152969
7
0.75978968143463
-3.44124168157578
5.48590585589409
0.461679714918137
5.99970046877861
3.29402675032616
-7.74705073833466
2
7
5.20934489369392
3.54690464138985
2.55105549097061
0.298827725648883
1.77006440758705
-4.60228914618492
-3.96366664171219
7
-4.03046731352806
1.71348623037338
3.73802782297135
3.23730273842811
2.02424331903458
4.90443176031113
5.4762899696827
|Explorer2Genome 30
3
6
8
0.757036507129669
-5.98997122645378
4.44458932280541
-1.34237790107727
-4.49228414297104
-1.61898084878922
-2.24509066343308
-2.86907844543457
8
-2.40676384568214
4.12516576051712
0.399423271417618
-5.33671833872796
-4.28117454051972
2.10693147778511
-0.469619244337081
-1.03548642992973
8
4.7154720723629
-10.8151903510094
-1.77535913586616
2.14755296111107
3.17263436317444
-3.00383834242821
-6.28037912249565
3.98726673126221
8
3.2626129925251
-4.56034545302391
-6.57813224196434
5.10812608003616
-4.38949589133263
0.616803336143494
-4.59964764118194
-0.380454432964324
8
4.4675917327404
4.03969333171844
-5.21015032529831
-7.83769702911378
-0.310820096731186
9.30637351870536
4.76866729855537
-1.94484236836433
8
3.33741478323937
-3.13594546318054
-0.668905162811279
-10.7916507065296
-0.952202451229094
4.96346954107285
-6.23546624183655
3.23752828836441
6
7
-3.30872067809105
2.45113283991814
2.80856316685677
1.47789716124535
-7.54156665205955
-2.32533127069473
4.2115407705307
7
-2.3025953233242
-2.45495411157608
-2.35146394968033
3.66456978917122
-5.1674057662487
3.87877067923546
-1.32585088014603
7
4.69121229052544
4.20851954817772
0.151490658521653
-3.50623596310615
-3.77455149292945
-3.76455038189888
-1.87863630056381
7
4.64267346858978
-2.41864621639252
0.99280970096588
4.68114607930183
-1.59226142764091
-4.5702606856823
4.11048657298088
7
6.81549676060676
-2.26625220179558
-7.66335778832436
0.720900750160217
-3.09240279197693
-8.9823829293251
-2.86059640049934
7
0.91396740078926
-4.6543367266655
3.38287914395332
1.90077860355377
6.34153885245323
3.77115797400475
-7.69321436882019
2
7
6.1076854109764
4.90850065350532
1.82672644853592
1.3357668697834
1.8701811850071
-5.26288303732872
-2.15096083879471
7
-3.046405595541
2.16785381436348
3.48428809642792
4.03707402348518
1.55477048158646
6.79055446982384
5.3131785094738
|Explorer2Genome 30
3
6
8
-0.756221866607665
-5.02834243178368
1.89228936433792
-0.788522535562516
-5.19215437173844
-0.783567923307419
-1.76531857252121
-5.84674127697945
8
-3.53291217088699
4.98123480677605
0.720967131853103
-4.37165338397026
-3.46144733428955
4.09801505208015
-2.4961649119854
-2.21599708795548
8
6.7752147257328
-10.1652971684933
-2.30862028598785
2.33573586940765
3.57741895318031
-2.84654688239097
-6.29871355891228
2.79217789173126
8
3.5576774418354
-4.4777168393135
-7.09023131728172
4.08011962175369
-3.62945012450218
0.968983387947083
-3.84828143119812
0.280318987369538
8
4.10778151154518
3.07656475305557
-4.58654853105545
-9.16694860458375
0.501672458648682
10.217017096281
6.62687894105911
-2.06762146949768
8
3.10131295919418
-4.02765824198723
1.14912289381027
-9.5444343149662
-0.411892402172088
6.25835282802582
-5.99664986133576
3.96809752583504
6
7
-5.14210409522057
2.38798525333404
3.63490985035896
0.228030568361283
-7.51935653090477
-3.21825445890427
4.56560945510864
7
-2.0761293888092
-3.46391656398773
-1.2125060915947
2.49715174436569
-4.95916106104851
4.56039652228355
0.0468264997005449
7
5.58003949522972
4.07292072176933
-0.48543039560318
-2.83293848633766
-3.38530002236366
-3.90751155018806
-0.281073629856109
7
4.18322942852974
-3.13624232411384
1.39079510569572
4.10247386097908
-0.918088638782502
-3.59343769550324
5.99675127863884
7
4.90080990195274
-2.17077716588974
-9.16042665243149
0.992799443006515
-5.75053002238274
-9.40913883447647
-2.32400566339493
7
0.622307032346724
-4.4625154197216
3.93220862150192
1.13158466219902
5.79834603667259
2.01672049760819
-7.0583518743515
2
7
6.02264059185981
4.11651369333267
2.31623744368553
1.4685549557209
2.75620174407959
-4.6783045232296
-2.71444274187088
7
-2.90723687410355
1.47961235642433
2.13188233375549
6.31620322465896
1.18434246778488
5.74684367775917
5.91858843564987
|Explorer2Genome 30
3
6
8
-1.13085892796516
-5.61979253292084
2.62865387201309
-2.13019052147865
-6.16474367380142
-1.13864921331406
0.503161990642547
-4.94200751781464
8
-2.30408800840378
4.58657435774803
0.31126235127449
-5.38520386219025
-1.8753655910492
4.68865916728973
-1.60563609600067
-1.21716496348381
8
5.60791746973991
-10.5674161612988
-1.62796667218208
2.43117732405663
4.31196907162666
-3.70322922468185
-7.31707795858384
3.50555084347725
8
2.88638384342194
-3.57793515324592
-7.16352945566177
6.28766257762909
-4.2509797513485
-0.188571101427078
-3.88409836292267
0.0967902481555948
8
2.35967817902565
5.55001808404922
-4.55245171785355
-8.320293289423
-0.248447489738464
10.3412198424339
5.49927160143852
-1.69618635773659
8
3.88105670809746
-2.76277837753296
0.430346274375916
-8.99717326760292
0.0177225768566142
4.48279318809509
-6.29750537872315
3.92989417910576
6
7
-3.57135729193687
2.6764716386795
2.46050034165382
0.32735956311226
-7.21251569986343
-3.58810189962387
3.53538375496864
7
-2.60885071754456
-3.21558578014374
-2.15814890265465
2.78787539601326
-5.06478736400604
4.21676942706108
-0.990159207582475
7
4.28697986006737
4.24936918020248
0.218420714139939
-1.63371267914772
-3.40211754441261
-3.60329411625862
-0.218891495466231
7
4.47122260928154
-2.71767738461494
1.2483415544033
4.16526644825935
-1.70787121653557
-4.35726552009583
4.37170462012291
7
5.21428961157798
-2.58479665517807
-8.80570179224014
0.763361585140228
-5.56368283629418
-9.57622355818748
-2.32400566339493
7
1.39935762882233
-5.38850237727165
2.83710066080093
0.472774475812912
5.99009910821914
0.566648280620575
-6.20183756351471
2
7
7.32812920808791
3.56266015172005
2.39408560991287
1.13953529596329
2.40902004241943
-5.24778792262077
-2.47845485806465
7
-2.85057173967362
1.48271506428718
2.23984253406525
5.31676125526428
2.44040714502335
6.25256696343422
4.17318199276924
|Explorer2Genome 30
3
6
8
0.686001813411713
-6.18552715182304
4.44458932280541
-1.34237790107727
-3.41099356412888
-2.33660308122635
-2.24509066343308
-3.03341258168221
8
-2.34400260448456
4.70651235580445
0.283526647090911
-5.07595417499543
-2.20660195350647
3.41378267407417
-2.109333974123
-1.6583328962326
8
5.60791746973991
-10.6976455628872
-1.33471598625183
2.43117732405663
4.31196907162666
-3.70322922468185
-7.15281840562821
3.04908049702644
8
3.65979092717171
-5.02531947493553
-6.57813224196434
4.64087139368057
-4.22904815077782
1.09937000274658
-3.65515580177307
-0.0139931559562673
8
4.30166629552841
3.56000052690506
-4.08183978199959
-8.65897889733315
0.625489091873169
9.67981045246124
4.87232069373131
-2.11399469971657
8
2.12286528348923
-5.48881204128265
0.987839770317078
-9.42343586087227
-0.797358667850493
5.35213323235512
-6.35628073215485
3.89633010625839
6
7
-4.55490517020226
2.38798525333404
3.63490985035896
0.766613131761552
-7.6542568385601
-3.21825445890427
3.89834072589874
7
-2.26724486351013
-3.21558578014374
-1.96183182001114
2.78787539601326
-5.5037216424942
4.21676942706108
-0.990159207582475
7
3.97421883940697
3.75770581960678
0.0372992396354678
-2.22294820547104
-3.40211754441261
-3.29393642544746
-0.218891495466231
7
4.47122260928154
-2.6042444050312
1.2483415544033
4.16526644825935
-1.13855103850365
-4.35726552009583
4.26273097395897
7
5.20031816363334
-2.2316524386406
-9.23810485601425
0.763361585140228
-5.35762574076653
-9.57622355818748
-2.32400566339493
7
1.7322325527668
-4.5803329885006
3.35818637013435
1.29438738226891
6.78688883185387
2.54693641066551
-6.96619846820831
2
7
7.32812920808791
4.14904883503914
2.39408560991287
1.13953529596329
2.40902004241943
-5.24778792262077
-2.52468684315682
7
-3.64078390002251
3.39339572191238
3.17308804988861
4.82934713959694
2.15462921857834
6.09029315710068
5.23321093320847
|Explorer2Genome 30
3
6
8
1.88714590072632
-7.59886197447777
3.0972783446312
-0.152069061994555
-4.76993490457535
-2.12594474554062
-1.59805299639702
-2.42159628868103
8
-2.37432091832161
5.75424696207047
1.17503872513771
-5.96845659613609
-1.07994191646576
3.4387611746788
-1.75967498421669
-2.56690918803215
8
5.3723420381546
-9.28899604082108
-1.36051590442657
1.73856025338173
3.99623716473579
-3.51307403445244
-6.62297855615616
4.22639465928078
8
2.58426201939583
-5.84427756667137
-6.57813224196434
5.03750140666962
-4.22904815077782
0.523613953590394
-5.34119675159454
-0.841820561885833
8
4.36947454214096
3.69913069605827
-3.46457291841507
-8.75864121913911
-1.0724693775177
8.49117552638054
6.93142321109772
-0.811414653062821
8
1.74009875059128
-5.48881204128265
0.987839770317078
-8.74478242397308
-0.797358667850493
5.46282957196236
-6.35628073215485
3.51702255010605
6
7
-5.14210409522057
2.38798525333404
3.63490985035896
0.329297548532487
-7.16109372973442
-3.66610940694809
3.31027748584747
7
-2.00295277237892
-2.5589013338089
-0.923517024517061
2.60428947210312
-4.47125760316849
4.53434647917747
-1.75545952916145
7
6.39965159893036
4.26898478269577
-1.83172508478165
-3.49055174589157
-3.11484323143959
-3.74413962960243
0.751905053853989
7
4.38586423993111
-2.24186448454857
0.735931825637816
4.41164656877518
-1.70422934889793
-4.9943912088871
4.28433141112327
7
6.97143670916557
-1.62368919253349
-7.60217946171761
-0.698340851068497
-3.12223703861237
-9.41672242283821
-3.26022333502769
7
1.7322325527668
-4.5803329885006
3.83283494114876
1.75227300524712
7.29668850302696
2.39380514621735
-7.37464768886566
2
7
6.32925490140914
4.52958160638809
1.33835083246231
0.411968147754672
3.28403873443604
-5.1160575568676
-3.88093345761299
7
-3.87552684545517
2.80384331941604
3.01979501247406
4.43897135853767
2.01954330205917
6.09143534898758
5.627891767025
|Explorer2Genome 30
3
6
8
-0.77344172000885
-5.15944392681122
1.6255451798439
-1.97376743555069
-5.1920000910759
-1.31620658636093
0.277701079845428
-4.94200751781464
8
-3.33103070259094
4.2819147348404
0.66232361793518
-5.07595417499543
-2.20660195350647
3.04312556385994
-2.48899493813515
-2.28333365917206
8
5.14967386126518
-11.209397739172
-1.12735803723335
3.06219408512115
3.40596600174904
-3.70322922468185
-6.00795961618424
3.58526673913002
8
2.86300705075264
-4.02423184514045
-6.10182501077652
5.89593660831452
-4.91482864618301
0.624632811546326
-3.91290650367737
1.40776103138924
8
3.74103811979294
3.29221400022507
-3.73741067051887
-9.16092341542244
1.55733885765076
10.5251766443253
5.30143222212791
-2.11399469971657
8
3.18889243006706
-2.10501554012299
-1.029904961586
-9.57424002289772
-0.363480478525161
4.52574479579926
-6.33249003887177
2.93179034590721
6
7
-3.87897784113884
2.95641059279442
3.14397588968277
0.32735956311226
-7.32029549479485
-3.43711692094803
3.53538375496864
7
-2.34629163742065
-2.91788811683655
-1.70949304699898
3.00276144742966
-4.96980354785919
4.196050542593
-1.53969634175301
7
4.78715819716454
3.81683148741722
0.52828940153122
-2.91489985585212
-3.73109164237976
-3.74321632385254
-1.43696187734604
7
4.6307382106781
-2.2989301264286
1.2483415544033
4.16526644825935
-1.144825476408
-4.69046155810356
3.70936436057091
7
6.44764885306358
-1.95973371863365
-7.73761715888977
-0.752896857261658
-1.85773200392723
-10.8562346577644
-3.80906797647476
7
2.37359691858292
-5.08853531479836
4.36440469026565
-0.80922964811325
7.6325887620449
2.89910510778427
-7.79465796351433
2
7
6.02264059185981
4.06366466283798
1.9791276872158
0.870137029886249
2.95300269722939
-4.6783045232296
-3.12846294641495
7
-3.94775070548058
2.95399423837662
2.97804961204529
5.54573848843574
2.13143562078476
6.85000540018082
5.49766613841057
|Explorer2Genome 30
3
6
8
-0.77344172000885
-5.15944392681122
1.6255451798439
-1.97376743555069
-5.1920000910759
-1.31620658636093
0.277701079845428
-4.94200751781464
8
-3.33103070259094
4.2819147348404
0.66232361793518
-5.07595417499543
-2.20660195350647
3.04312556385994
-2.48899493813515
-2.28333365917206
8
5.14967386126518
-11.209397739172
-1.12735803723335
3.06219408512115
3.40596600174904
-3.70322922468185
-6.00795961618424
3.58526673913002
8
2.86300705075264
-4.02423184514045
-6.10182501077652
5.89593660831452
-4.91482864618301
0.624632811546326
-3.91290650367737
1.40776103138924
8
3.74103811979294
3.29221400022507
-3.73741067051887
-9.16092341542244
1.55733885765076
10.5251766443253
5.30143222212791
-2.11399469971657
8
3.18889243006706
-2.10501554012299
-1.029904961586
-9.57424002289772
-0.363480478525161
4.52574479579926
-6.33249003887177
2.93179034590721
6
7
-3.87897784113884
2.95641059279442
3.14397588968277
0.32735956311226
-7.32029549479485
-3.43711692094803
3.53538375496864
7
-2.34629163742065
-2.91788811683655
-1.70949304699898
3.00276144742966
-4.96980354785919
4.196050542593
-1.53969634175301
7
4.78715819716454
3.81683148741722
0.52828940153122
-2.91489985585212
-3.73109164237976
-3.74321632385254
-1.43696187734604
7
4.6307382106781
-2.2989301264286
1.2483415544033
4.16526644825935
-1.144825476408
-4.69046155810356
3.70936436057091
7
6.44764885306358
-1.95973371863365
-7.73761715888977
-0.752896857261658
-1.85773200392723
-10.8562346577644
-3.80906797647476
7
2.37359691858292
-5.08853531479836
4.36440469026565
-0.80922964811325
7.6325887620449
2.89910510778427
-7.79465796351433
2
7
6.02264059185981
4.06366466283798
1.9791276872158
0.870137029886249
2.95300269722939
-4.6783045232296
-3.12846294641495
7
-3.94775070548058
2.95399423837662
2.97804961204529
5.54573848843574
2.13143562078476
6.85000540018082
5.49766613841057
