50
2070
|Explorer2Genome 30
3
6
8
-6.43837291002273
-3.46901972293854
-2.31318003535271
-1.32811217308044
-9.86957085132598
-5.22032881975174
1.4322597682476
-0.985758709907532
8
1.68673266172409
7.92780829668045
-5.7733235836029
1.28343284130096
-0.34413792490959
-4.70686632990837
0.382284086942671
-1.05863000750542
8
10.1433135092259
7.98977434635163
-1.69280673265457
-0.649929404258727
-1.02129310965538
2.11093098521233
1.74817510843277
-7.13808081746101
8
11.9117519438267
0.852899432182312
3.57090939879417
-7.90696393251419
-0.504687058925629
-4.20120455622673
-0.404456597566603
-4.27763761878013
8
-0.985665231943131
3.98083701133728
1.86511393785477
12.4872697293758
1.66630559563637
-7.79914453029633
-3.43471668362618
-0.421939927339553
8
0.931903970241547
2.61601229310036
4.48288467526436
9.57895796895027
2.29522103667259
1.47201009392738
2.52588415145874
-1.3275132060051
6
7
6.01717007160187
2.55704655647278
5.40003413558006
-4.08500262498856
13.3604878127575
5.6424449324608
-7.54500953555107
7
8.09790487885475
0.0689874112606036
-3.87131952047348
7.60792402029037
-0.709069883823395
-0.482622718811035
5.86582223176956
7
3.68216899633407
-0.658517688512802
-3.06147884130478
-2.61788255572319
2.02041147947312
3.11190241575241
6.81724578738213
7
-0.351518172025682
0.345175999403
12.1513137936592
0.830606818199158
-8.09979063868523
-6.38476008176804
5.56665831208229
7
-4.77695234417916
-13.8812581777573
-3.53224799633026
6.05907726883888
8.39123307466507
-9.16631087064744
-1.44022925496101
7
1.50462611317635
6.19061866998672
11.0905901134014
-1.0651312828064
-2.92511386275291
5.64677045345306
5.48604301214218
2
7
11.806299829483
-3.27106024622917
-0.593088775873188
-13.7643735289574
-0.212826812267304
-6.28010100126267
3.44463444352149
7
2.38740218281747
-0.951215189695357
-0.4779708147049
-2.31015537381172
0.74941709637642
-0.893775141239165
7.04196236729622
|Explorer2Genome 30
3
6
8
-5.92564433813095
-2.18773888349533
-5.3076043844223
0.113500213623052
-10.2862064599991
-4.78421452641487
2.86916140913963
-1.31728961467743
8
1.13346389532089
7.61433945894241
-4.21919946670532
1.49431682229042
-0.34413792490959
-4.70686632990837
0.723514360189436
-1.19381441473961
8
10.6943192064762
8.87290318012238
-1.45170555710792
-0.107785457372665
-0.810087513923645
1.85358790755272
1.19282637834549
-7.98871687054633
8
12.3515403807163
0.863654160499572
3.57090939879417
-8.00205353498459
-0.504687058925629
-4.20120455622673
0.160545653104783
-4.68920792937278
8
-0.985665231943131
3.58692007064819
1.63583842515945
12.1372458875179
1.66630559563637
-6.59490222334862
-3.49556513428688
-0.421939927339553
8
1.33094906210899
3.40960918664932
3.78048995137214
8.03012558221817
1.34445944428444
2.71045798659325
3.80653259754181
-2.45494779348373
6
7
6.0391750216484
4.62052204012871
4.63089568018913
-4.44812780618668
11.4490961015225
6.96079542040826
-9.3880481004715
7
8.07640144824981
1.39571874737739
-4.36497209668159
6.71745675206184
0.473045772314071
0.482981449365616
5.78755648136139
7
-0.0532382130622882
-0.910613721609115
-1.41061261296272
-0.883339881896976
4.551288241148
4.14276485443115
11.7602792680264
7
0.627534967660903
-0.260177618265152
11.7215952277184
0.830606818199158
-8.38152416944504
-6.38476008176804
6.1058471262455
7
-4.88092499375344
-14.6406421005726
-4.58508398532867
6.93058047890663
8.7030818760395
-8.36735075712205
-2.47983682155609
7
1.50462611317635
6.21261543035507
10.1165585696697
-1.0651312828064
-2.92511386275291
5.64677045345306
5.48604301214218
2
7
12.3181970238686
-5.67119934558868
-1.52331151366234
-13.2375329256058
1.92907265424728
-6.23289587497711
3.75912026762962
7
3.56316946148873
-1.5808365046978
0.0778580486774397
-2.11640194654464
0.972111487388612
-1.30746511220932
7.67002950310707
|Explorer2Genome 30
3
6
8
-6.43837291002273
-3.86586005687713
-2.31318003535271
-1.32811217308044
-9.86957085132598
-5.22032881975174
1.4322597682476
-0.985758709907532
8
1.19978169202805
7.68983734846115
-5.49515020251274
1.28343284130096
-0.701058763265608
-4.70686632990837
0.382284086942671
-1.05863000750542
8
11.050424939394
7.06684610843659
-1.65539898276329
-1.64067504405975
-1.29093955159187
2.41301924586296
3.27829393744469
-6.92004154324531
8
11.9117519438267
0.852899432182312
3.57090939879417
-7.90696393251419
-0.504687058925629
-4.20120455622673
-0.888983994722365
-4.27763761878013
8
-0.985665231943131
3.98083701133728
1.86511393785477
12.4872697293758
1.66630559563637
-7.63220614790917
-3.43471668362618
-0.570844513177871
8
1.34610354304314
3.3847970366478
3.24280803799629
8.34012843370438
1.50446501374245
2.01950286626816
3.93962316513062
-2.11717184782028
6
7
4.23048518300056
5.72845349907875
4.29388391375542
-4.89196405410767
12.7282795786858
6.57104868888857
-9.36306986808777
7
8.09790487885475
0.0689874112606036
-3.87131952047348
7.60792402029037
-0.709069883823395
-0.482622718811035
5.86582223176956
7
3.78578732609749
0.23261850476265
-2.78045588135719
-3.45360207557679
0.480749726295475
4.7010539829731
6.36641162037849
7
-0.351518172025682
0.345175999403
12.1513137936592
0.830606818199158
-8.09979063868523
-6.38476008176804
5.56665831208229
7
-4.77695234417916
-13.8812581777573
-3.53224799633026
6.05907726883888
8.39123307466507
-9.16631087064744
-1.44022925496101
7
-1.36542125344276
1.94768936038017
10.9065064251423
1.23811968564987
-4.03664708137512
8.22552323341369
7.20136690735817
2
7
11.806299829483
-3.27106024622917
-0.593088775873188
-13.3583955168724
-0.212826812267304
-6.28010100126267
3.44463444352149
7
1.16565844416619
0.763263201713563
-0.04010865092278
-0.778199517726892
1.07146750092506
0.439847773313523
9.02983247637748
|Explorer2Genome 30
3
6
8
-6.96532949209213
-3.57032890319824
-2.61990910768509
-1.83514094352722
-11.0233475208282
-5.37957627177239
1.69195301532745
-0.621313881874084
8
6.356559497118
8.58163896203041
-5.86275941133499
3.39657098054886
1.09230654239655
-4.88700988888741
1.46697846055031
-0.657852423191072
8
8.10787492394448
5.83596556782723
-1.28122360110283
-1.68178343772888
-1.1293005168438
1.16193657517433
3.47709694504738
-5.44926646351814
8
12.6674337208271
0.212665045261383
1.68942176103592
-7.39368978142738
-0.434450519084931
-4.84083562493324
-1.07335303425789
-6.07502856254577
8
-2.85983412265778
5.09450349807739
0.732518780231476
10.831432813406
0.820185756683348
-6.30377396941185
-2.28013102412224
-1.23863098025322
8
2.20934390425682
3.52560430169106
4.77786121964454
8.19308841228485
2.2375176012516
1.8140654861927
2.20081819295883
-1.30454500317573
6
7
3.7226071357727
4.17424900531769
5.28798066973686
-4.02423020601273
13.867238420248
4.86668996810915
-7.61222760677338
7
8.35899614691734
1.88672344684601
-6.22235043048859
5.51414270401001
1.43408875465393
0.510557651519776
5.35646698474884
7
3.93758640885353
-0.658517688512802
-3.26955816149712
-1.93245305418969
2.99716315865517
3.18869404196739
7.13994571566582
7
1.20629242658615
-0.458316260576248
10.6862457752228
0.964794820547104
-7.48883064985276
-5.55059043169022
4.63480625748635
7
-4.77695234417916
-14.1303566992283
-3.72950916290283
5.88373119831085
8.16520382165909
-9.65395649671555
-1.73145313858986
7
2.76014875173569
2.23956825733185
9.33775411248208
-1.88187742829323
-3.16554110646248
6.66383512616157
7.06890973448754
2
7
10.6375037193298
-4.42148978710174
-1.32891798615456
-12.5010064125061
2.08408432602882
-6.65867965817452
4.66818774342537
7
3.2331998884678
-1.00680186152458
-0.364586275815968
-2.11640194654464
0.297268396615983
-1.30746511220932
7.72976287007332
|Explorer2Genome 30
3
6
8
-8.53687723875045
-3.02492212057114
-3.96228702068329
1.24843016266823
-9.39273005723953
-4.80571978092194
0.969157660007475
-0.570759534835815
8
6.356559497118
8.58163896203041
-5.86275941133499
3.43683995008469
1.09230654239655
-4.88700988888741
1.98682747483253
-0.264434587955476
8
9.38860476613045
6.38084241747856
-2.05860967040062
-1.47335820198059
-0.965622574090958
2.66660467386246
2.77393559217453
-5.86485559940337
8
11.3981429636478
0.852899432182312
3.57090939879417
-8.10150478482246
-0.483578217029572
-4.20120455622673
-0.226279741525649
-4.39560396075248
8
-2.36642968654633
4.72082638144493
0.0194566965103153
11.2800536572933
0.492633104324339
-6.95438015460968
-3.0888509452343
-0.260001772642135
8
1.93230763673782
2.61192360520363
5.0604797899723
8.02023527622223
0.918022561073305
1.92179492712021
1.8900560259819
-2.17884413003921
6
7
2.53369647860527
1.14522551894188
4.14118160605431
-6.21325402855873
13.0943235218525
7.45648452639581
-9.66051055788993
7
8.35899614691734
1.88672344684601
-6.22235043048859
5.51414270401001
1.43408875465393
0.383315443992615
5.35646698474884
7
3.66962291002273
-0.658517688512802
-3.06147884130478
-2.8945928990841
2.02041147947312
3.11190241575241
6.81724578738213
7
2.42083851099014
-0.375452399253845
10.9810574531555
0.649476903676987
-8.41077848672867
-4.72314890623093
4.22290928959847
7
-4.77695234417916
-13.4257002830505
-3.43288831710815
6.05907726883888
8.37768770456314
-9.16631087064744
-1.44022925496101
7
1.49404340386391
5.28330546617508
11.0905901134014
-0.61101993918419
-3.85342919230461
4.75369527339935
4.86788545846939
2
7
11.806299829483
-3.51379265189171
-0.593088775873188
-13.9897080540657
-0.212826812267304
-6.28010100126267
3.44463444352149
7
2.19077997207642
0.819773483276368
-1.54836500883103
0.410679399967199
0.579074525833131
0.424577653408051
7.33692165613174
|Explorer2Genome 30
3
6
8
-5.92564433813095
-2.35974571108818
-4.42752597332001
0.113500213623052
-10.2862064599991
-4.99429393410683
3.46804446578026
-0.668843287229538
8
6.04700815081597
5.194678992033
-6.82141100764274
3.057683634758
-0.816075086593626
-4.42335735559464
0.557418334484099
-0.0681876003742234
8
9.51274904012681
6.40836431384087
-1.43749489188194
-1.63476674556732
-0.48231640458107
2.48382650613785
2.49283801317215
-6.3966016948223
8
11.4249334394932
1.04486799240112
3.18473281264305
-8.68383854031563
-0.203925597667694
-4.08018419742584
0.994562900066377
-5.73539962172508
8
-1.63437346816063
3.63587372899056
-1.53426841497421
12.0776587545872
0.250191736221312
-7.64894871115685
-2.52037466168404
-0.0304161071777334
8
1.33094906210899
3.3847970366478
4.52680853009224
7.94677175283432
1.40308580994606
1.50159097909928
3.80653259754181
-2.45494779348373
6
7
6.0391750216484
4.62052204012871
5.14894389510155
-4.44812780618668
11.5568191945553
6.96079542040826
-9.3880481004715
7
7.59499170780181
1.53079581260681
-4.00034072995186
6.71745675206184
0.296864140033722
0.482981449365616
5.78755648136139
7
-0.806243503093721
-0.910613721609115
-1.41061261296272
-1.24659186005593
4.551288241148
4.3012570142746
11.7521142661571
7
0.712924325466155
-0.536791902780533
10.2910656929016
0.405595725774765
-6.9284605383873
-4.65766731500626
4.49370051622391
7
-5.35265260338783
-14.6406421005726
-4.38279085159302
6.85604646801949
8.92624851465225
-8.09611011743546
-2.40926196575165
7
-1.213502150774
2.53866968154907
10.4105774223805
-0.169002354145051
-4.55668873190879
7.94239917397499
6.42596016526223
2
7
12.5406684339046
-5.92167811393738
-1.32657477259636
-13.2579852342606
2.04753102064133
-5.9491477906704
3.75912026762962
7
3.87516043782235
-1.5808365046978
0.0778580486774397
-2.11640194654464
0.383500075340272
-0.839076459407806
7.55855203270912
|Explorer2Genome 30
3
6
8
-5.03938382863998
-2.03141629099846
-4.88247482776642
-0.176491355895991
-9.80181181430816
-4.45179534554482
2.86916140913963
-1.02480194568634
8
2.82573216557503
7.3374518752098
-4.4973828792572
2.06106667518616
-0.803773349523542
-4.61030900478363
0.504790031909941
-2.03050956130028
8
10.1680749475956
7.98977434635163
-1.10303703546524
-0.820192527770995
-1.28081119060516
2.1125483930111
1.56930388212204
-7.13808081746101
8
11.8713434278965
2.47229764461517
3.26317476630211
-7.90696393251419
-0.0380572199821475
-4.23138298392296
-0.363569861650466
-4.46472285985946
8
-2.24497618675232
4.85010349154472
0.771717691421509
11.339771002531
1.14137147068977
-7.12057447433472
-1.31982344985009
-0.62146126627922
8
2.94111577272415
2.31071875691414
5.25532838106155
7.71397829055786
2.12794035077095
0.87395151257515
2.80108426809311
-2.87593244314194
6
7
5.52182782888412
4.62052204012871
4.60838844180107
-3.58170148134232
12.2188154160977
6.96079542040826
-9.0961006641388
7
7.59499170780181
0.856361508369444
-4.55953803658485
6.71745675206184
0.220544564723968
0.201440554857255
6.28524658679962
7
-1.01910797357559
-0.910613721609115
-1.64869971871376
-0.285657882690433
4.551288241148
4.3012570142746
11.3580903232098
7
1.49127632975578
-0.517575073242187
10.4349952459335
0.94901470541954
-7.55860112905503
-5.52006925344467
4.69227913022042
7
-4.77695234417916
-14.5550377905369
-3.74515473842621
6.38865783214569
8.16520382165909
-9.9324612736702
-1.73145313858986
7
1.31607096791267
6.13024200201034
10.8553369939327
-0.699884510040284
-2.92511386275291
6.35992360711097
5.48604301214218
2
7
13.0463368058205
-5.67119934558868
-0.767720949649815
-13.2579852342606
1.61620477437973
-6.92757728099823
3.75912026762962
7
1.38924844264985
0.75822390317917
-1.75109602212906
-0.178689146041865
1.84080209732056
0.56141718029976
6.53048027157783
|Explorer2Genome 30
3
6
8
-6.96532949209213
-3.57032890319824
-2.52557510137558
-1.83514094352722
-11.0233475208282
-5.37957627177239
2.23655416965484
-0.621313881874084
8
3.33700102567673
8.47596205472946
-4.11079797148704
1.55515928268433
-0.963706320524214
-5.34832273125649
1.07162319421768
-2.03050956130028
8
10.2596736729145
7.57071344852448
-2.06220039725304
-1.34869885444641
-1.07079220414162
2.2510950922966
3.22121838927269
-6.92004154324531
8
11.7546997189522
-0.318869030475617
1.69540013670921
-6.50234122872353
-0.54718633890152
-5.0860372364521
0.0991212069988263
-7.49206812381744
8
-2.75482356548309
5.98049671649933
-0.12630877494812
11.339771002531
0.725983285903929
-7.01022539138794
-2.7213682115078
0.187489968538285
8
2.20934390425682
3.52560430169106
5.02861799001693
8.19308841228485
2.78815193772316
1.8140654861927
2.1291593670845
-1.30454500317573
6
7
2.26336364150047
0.293734878301619
2.68101677298546
-5.66431520581245
11.9375284016132
7.90772306323053
-9.6765719115734
7
9.0379453420639
1.21577034592628
-5.97454035282135
4.81411390304565
0.484186649322509
-1.09582104682922
6.35579154491425
7
-0.131521683931353
0.248667323589325
0.315950971841814
-1.31788948178292
2.88656995892525
5.10058854222298
10.1039255440235
7
-0.468401616811753
0.241394537687302
11.6873270392418
0.925960493087769
-8.075969851017
-6.89531844258308
4.94790409207344
7
-4.77695234417916
-14.1188480198383
-3.72950916290283
5.88373119831085
8.74272962808609
-9.65395649671555
-1.17412558197975
7
2.76014875173569
2.23956825733185
9.54045614004136
-1.88187742829323
-3.16554110646248
6.66383512616157
7.04233848452568
2
7
11.176091504097
-4.48887832164764
-1.60755150914193
-13.2309944152832
3.04042412638664
-7.47092099785805
4.13524840474128
7
3.2331998884678
-1.00680186152458
-0.364586275815968
-2.11640194654464
0.297268396615983
-1.30746511220932
7.72976287007332
|Explorer2Genome 30
3
6
8
-5.37077583074569
-3.05509588122368
-5.3076043844223
0.113500213623052
-10.8182398557663
-4.78421452641487
2.86916140913963
-0.899542516469955
8
1.68673266172409
6.84516245126724
-5.76404049396514
1.28343284130096
0.244725543260576
-4.70686632990837
0.382284086942671
-1.19371184706688
8
10.3833224356175
7.98977434635163
-1.1200541138649
-1.20364391803741
-1.28081119060516
2.1362252175808
1.58222640752792
-7.13808081746101
8
12.7487848877907
-0.477899277210236
3.27034084200859
-8.40408412218094
-0.247661697864533
-5.65832316875458
0.680836606025697
-6.00739492774009
8
-0.985665231943131
3.98083701133728
1.7276589512825
11.5790975034237
1.66630559563637
-7.29875848293305
-3.43471668362618
-0.421939927339553
8
1.24924475550652
3.48487111330032
3.78048995137214
7.66171222925186
1.64303422570229
1.99098354578018
3.87350964546204
-2.24783292412758
6
7
4.12362647652626
6.03820787072182
4.08461417555809
-4.64245624542236
11.6674702048302
6.34027364253999
-9.45061160922051
7
8.18039779067039
0.416930145025252
-5.94150807261467
6.52553468346596
-0.899082934856415
0.103384518623353
5.38779203891754
7
0.265248823165892
0.0275788068771365
-1.68219321370125
-2.46505917310715
3.71222706437111
3.54980490207672
9.99566856622696
7
-0.351518172025682
0.345175999403
12.1513137936592
0.483861136436463
-7.89978770017624
-6.38476008176804
5.56665831208229
7
-8.41210743188858
-14.9564621984959
-3.69738552570343
2.36905668377876
11.4739585518837
-5.75895309448243
-4.21717911362648
7
1.50462611317635
6.19061866998672
11.6274722278118
-0.588025379180909
-2.92511386275291
5.71031756401062
4.92895735502243
2
7
12.2235825657845
-3.17523981332779
-0.541745358705525
-14.2276987433434
-0.453717720508576
-6.98912707567215
2.87470365166664
7
3.87516043782235
-1.5808365046978
0.255216419696803
-2.11640194654464
0.457442784309388
-1.30746511220932
7.72976287007332
|Explorer2Genome 30
3
6
8
-8.052616918087
-1.92593261003494
-4.66287525892258
2.35505901575089
-8.23630440235138
-5.0708688735962
3.99043034911155
0.196286869049072
8
1.68673266172409
7.81100081205368
-5.7733235836029
1.28343284130096
-0.260641545057295
-4.70686632990837
0.382284086942671
-1.05863000750542
8
9.94486086964608
7.98977434635163
-1.47158315777779
-0.725214862823486
-1.01400958895683
2.11093098521233
1.74817510843277
-7.13808081746101
8
12.6674337208271
0.212665045261383
1.68942176103592
-7.97149325013161
0.0861127495765683
-4.85426633954048
-1.64711902737617
-6.14587142467498
8
-2.85983412265778
5.09450349807739
0.732518780231476
10.831432813406
0.820185756683348
-5.98056377768517
-2.28013102412224
-1.23863098025322
8
1.96069917678833
3.31148439645767
3.53473158478737
8.08087676763534
1.1244645357132
1.88365205526352
3.50483086109161
-2.40403138399124
6
7
3.90834072232246
4.29943284988403
5.33392834067345
-4.02423020601273
13.867238420248
5.19601545333864
-7.83769717216492
7
8.09790487885475
0.0689874112606036
-3.87131952047348
7.60792402029037
-0.466178637742997
-0.106405282020568
6.03131023645401
7
3.93758640885353
-0.86579400897026
-3.26955816149712
-1.93245305418969
3.42188659310341
3.18869404196739
7.13994571566582
7
-0.351518172025682
0.345175999403
11.8021356701851
0.978221225738526
-8.09979063868523
-6.84433292150497
5.15666185021401
7
-5.38224970698357
-14.3001616299152
-5.96432448029518
6.07953152656555
8.63398388028144
-7.75553680658341
-1.82139406204224
7
-1.76694872975349
2.77804011702538
11.8465525746346
0.872916597127914
-4.47371856570244
7.82980957031249
6.952937489748
2
7
10.6375037193298
-4.42148978710174
-1.32891798615456
-12.5010064125061
1.28029673695564
-6.65867965817452
4.66818774342537
7
2.7926557302475
-1.82719144821167
0.105879712104793
-1.56949545145034
0.275603336095811
-1.79266864061356
8.51872426271438
|Explorer2Genome 30
3
6
8
-7.15064576268196
-3.58485903739929
-2.81781799197197
-1.90378975868225
-9.86432938575744
-5.58643440008164
1.58609731197357
-0.40448625087738
8
5.78707035779953
6.13426331877708
-6.6987323641777
2.55863926410675
-0.58999163508415
-4.42335735559464
0.544067871570586
-0.275410419702532
8
10.1433135092259
7.4716578245163
-1.69280673265457
-0.715419006347655
-0.735777056217194
2.60694996714592
1.74817510843277
-7.13808081746101
8
12.0579856932163
-0.280171620845795
1.28342908620834
-7.48346925377846
-0.750242221355439
-4.84083562493324
-1.46310132145882
-6.07502856254577
8
-1.40695171952248
3.98083701133728
1.26901451349258
11.6987745225429
1.5383666574955
-7.29875848293305
-3.43471668362618
-0.421939927339553
8
0.365120714902878
3.88017901182175
4.62661715745926
8.39812351465225
1.58814414143563
2.28995298743248
3.80653259754181
-2.25888927578926
6
7
6.01717007160187
2.55704655647278
5.40003413558006
-4.08500262498856
13.3604878127575
5.6424449324608
-7.54500953555107
7
8.67001945376396
1.17227028012276
-4.45586465001106
6.71574750542641
-0.912427031993866
1.23139665722847
4.82444825172424
7
3.18643225431442
-0.658517688512802
-3.16840249300003
-2.3770755648613
2.19472783207894
2.79597882032394
7.59839099049568
7
-0.808471459150315
0.345175999403
12.1513137936592
0.945844173431397
-8.09979063868523
-6.10080371499062
5.81322969198227
7
-4.8451815366745
-14.6308981001377
-3.12836809754372
5.80127587318421
9.21051059961319
-7.58458131551743
-1.51785204410553
7
3.63021408319473
3.07453212738037
10.2010505497456
-0.530752223730088
-4.56043756604194
6.7476891696453
5.83538292646408
2
7
9.00639530420304
-2.1189570248127
0.0741681873798333
-15.4356436431408
0.406150996685028
-5.19707372784615
2.13034492731094
7
2.11625209450722
-0.562165993452071
-0.469837713241582
-2.31015537381172
0.855715990066529
-1.78410230875015
7.04196236729622
|Explorer2Genome 30
3
6
8
-8.53687723875045
-3.02492212057114
-3.96228702068329
1.24843016266823
-9.39273005723953
-4.80571978092194
0.969157660007475
-0.619274687767029
8
1.68673266172409
7.81100081205368
-5.7733235836029
1.28343284130096
-0.772635048627851
-4.70686632990837
0.382284086942671
-1.05863000750542
8
10.1433135092259
7.98977434635163
-1.47158315777779
-0.725214862823486
-1.01400958895683
2.11093098521233
1.74817510843277
-7.13808081746101
8
11.3981429636478
0.852899432182312
3.57090939879417
-7.70186908841133
-0.483578217029572
-4.20120455622673
-0.585059744119643
-4.3594647347927
8
-2.36642968654633
4.72082638144493
0.0194566965103153
11.2800536572933
0.492633104324339
-6.9455801486969
-3.0888509452343
-0.260001772642135
8
1.96069917678833
3.31148439645767
3.53473158478737
8.08087676763534
1.1244645357132
1.88365205526352
3.50483086109161
-2.74726272821426
6
7
2.53369647860527
0.548191255331038
4.14118160605431
-6.21325402855873
13.0943235218525
7.45648452639581
-9.66051055788993
7
8.09790487885475
0.0689874112606036
-3.87131952047348
7.60792402029037
-0.466178637742997
-0.0397452354431148
5.51366463899612
7
3.68216899633407
-0.658517688512802
-3.06147884130478
-2.8945928990841
2.02041147947312
3.11190241575241
6.81724578738213
7
-0.351518172025682
0.345175999403
12.1513137936592
0.978221225738526
-8.09979063868523
-6.84433292150497
5.15666185021401
7
-4.77695234417916
-13.4257002830505
-3.43288831710815
6.05907726883888
8.45420054197311
-9.16631087064744
-1.44022925496101
7
1.49404340386391
5.28330546617508
11.0905901134014
-0.61101993918419
-3.85342919230461
4.75369527339935
4.42537676095963
2
7
11.806299829483
-3.27106024622917
-0.593088775873188
-13.9897080540657
-0.212826812267304
-6.28010100126267
3.44463444352149
7
2.7926557302475
-1.82719144821167
0.105879712104793
-1.56949545145034
0.275603336095811
-1.79266864061356
8.51872426271438
|Explorer2Genome 30
3
6
8
-7.50658432245254
-4.71641421318054
-2.76714856028557
-1.32811217308044
-9.98099762797355
-5.1359631896019
1.20929796099663
-0.0701137781143188
8
4.8150646686554
5.62182621359825
-5.65490686297416
2.05514841675758
0.998942691087725
-4.27410079240799
-0.0293095052242293
-0.660697603225709
8
9.0566149532795
6.95818669199944
-2.41394872069359
-1.18503054976463
-1.01395463943481
2.48382650613785
2.24151717424393
-6.40655605196952
8
12.7487848877907
-0.603054654598236
3.27034084200859
-8.40408412218094
0.159452426433563
-5.65832316875458
0.680836606025697
-6.00739492774009
8
-2.85983412265778
4.68503884673119
0.316016298532486
11.3450528085232
0.563609862327574
-6.71498649120331
-3.23358830809594
-0.458881992101668
8
-0.274331361055374
4.96633547544479
4.8063185274601
6.98183745741844
1.82375703454018
0.0420480787754071
4.03086808919907
-2.20556188225746
6
7
4.23048518300056
6.16559734940529
3.92698103785515
-4.24297525882721
11.6674702048302
6.22356407642366
-9.45061160922051
7
8.54015225768089
0.228256624937056
-6.59869856238365
6.52553468346596
-0.899082934856415
0.103384518623353
5.38779203891754
7
0.219097876548765
-0.16121859550476
-1.68219321370125
-2.92830084562302
3.34117098450661
3.37709817886352
9.99566856622696
7
0.0769301533699024
-0.536791902780533
10.9467471182346
0.966346925497055
-6.5688866019249
-5.25534559488297
4.88957854509354
7
-5.92754448056221
-14.4180433571339
-5.19665759205818
5.72899820804596
8.8313079893589
-8.42886255383492
-1.82139406204224
7
-3.10340994000435
2.73593079447746
10.6967245638371
1.66906899213791
-4.63986249566078
6.96316214203834
7.42774541974068
2
7
12.4754442632198
-3.34326981902122
-0.283475685119633
-13.7153497576714
-0.453717720508576
-6.9730915427208
2.87470365166664
7
2.96020615696908
1.32439143061638
-0.531026947498326
0.116794264316564
0.196484231948853
0.11976741552353
7.35268515944481
|Explorer2Genome 30
3
6
8
-5.92564433813095
-2.35974571108818
-5.3076043844223
-0.163043707609172
-10.7283609628677
-4.23118272423744
3.05225412845611
-0.909381932020187
8
1.32281626462937
7.92780829668045
-5.7733235836029
0.336910891532898
-0.159769332408903
-4.70686632990837
-0.46896136403084
-0.755528014898302
8
9.63244610428811
6.10594201087952
-2.54483107924461
-1.17345519065857
0.163331341743469
2.48382650613785
2.65599355101585
-6.49075801372527
8
12.8332646906376
1.09104855060577
3.57090939879417
-8.35315335392952
-0.504687058925629
-4.05924043655395
0.564600753784181
-5.22377476096153
8
-3.42466328144074
4.88587858080864
-0.115058320760727
10.4064466655254
0.967496037483214
-6.50440012812614
-2.13205685019493
-1.29425491690636
8
2.20934390425682
3.1177641749382
4.85994904637337
8.02023527622223
1.65954862236977
1.84272027611733
2.9635174870491
-1.76644886136055
6
7
6.0391750216484
4.49508835673332
5.38197813034057
-3.52755483388901
10.8311650693417
7.82410380244257
-8.93902471065521
7
8.00368906855583
1.18914005160332
-5.43719840049744
7.11251482963562
-0.124544370174408
0.0771738290786748
5.38779203891754
7
-0.131521683931353
0.953481632471085
0.492951107025148
-1.8157515347004
2.88656995892525
4.28573730587959
10.2895429730415
7
-0.826556700468065
0.771322506666184
12.4841242909431
0.830606818199158
-7.65372168421746
-6.464189016819
5.56665831208229
7
-5.58910728096962
-13.5383904516697
-3.51848116517067
5.21429288387299
9.42986208200454
-8.1755181670189
-1.46694850921631
7
-1.75633061528206
2.54875314235687
10.666382342577
-0.502840316295625
-5.34410712122917
8.33222950100898
6.88738809227944
2
7
12.6548521637917
-5.70522656440735
-1.35719639062882
-12.6987153291702
1.61620477437973
-6.23289587497711
3.6784787595272
7
3.24769678115845
1.17852659225464
-0.554501068592076
-0.278525936603541
0.196576571464539
0.372224080562592
6.51146503686905
|Explorer2Genome 30
3
6
8
-8.27300966978073
-1.7093071103096
-4.66287525892258
2.08047999143601
-8.44275926947593
-5.0708688735962
4.03117331862449
-0.345007318258285
8
2.28193165063858
7.79910088777542
-6.81680359840393
2.21240947842598
-1.3699137866497
-2.99224597811699
1.71457691192627
-0.96763227581978
8
10.3909849703312
8.48282165527344
-2.27861477136612
-0.937859052419662
-1.5625002861023
1.91420311331749
1.73203285932541
-6.97078824043273
8
12.7939788401127
1.5329183101654
3.57090939879417
-8.01255713701248
-0.504687058925629
-3.94168595671654
0.482373166084291
-5.27690638899803
8
-1.87271769046784
3.42195296883583
-0.714511883258819
12.3190530598164
1.20989556312561
-8.39903552532196
-2.74132867455483
0.661618280410768
8
2.44390099048615
3.85377799272537
4.23620083928108
8.03012558221817
1.35216069221497
2.45305927991867
3.30454523563385
-2.17673793435097
6
7
4.00348053574562
5.22118597626686
3.72264191508293
-4.48977990150452
12.1446403205395
6.57104868888857
-9.36306986808777
7
7.24744023680687
1.24759582877159
-5.70877640843391
6.58366961479187
0.397517216205597
-0.348842215538024
4.97474558353424
7
3.75463919043541
-0.231242507696151
-3.06147884130478
-2.61788255572319
1.99247752428055
3.11190241575241
6.81724578738213
7
-0.756070196628572
0.368281888961792
11.0553155004978
1.2209159553051
-6.90118932127953
-6.38669191598892
5.77227348685265
7
-4.86526339650154
-15.038423871994
-5.27526214122772
6.21576183438301
9.66755050420761
-8.09611011743546
-1.37324857711792
7
-2.10393474698067
2.53721544146538
11.9878825485706
1.45622951984405
-4.66269483566284
7.67229101657867
7.06029909253121
2
7
12.9334455430508
-5.70802628993988
-1.83006710410118
-13.7989038228989
1.61620477437973
-6.16541162133217
3.52513417005539
7
3.87516043782235
-1.5808365046978
0.567219716310496
-2.13585883378982
0.457442784309388
-1.61033664941788
8.03031418919563
|Explorer2Genome 30
3
6
8
-5.83697603344917
-2.35974571108818
-5.51123762130737
0.113500213623052
-10.2862064599991
-5.37489460110665
2.83067728877067
-1.17460238933563
8
6.356559497118
8.58163896203041
-6.4774426817894
3.39657098054886
1.09230654239655
-5.02860699295998
1.46697846055031
-0.786983907222749
8
10.6943192064762
8.02860050201416
-1.69280673265457
-0.427585023641586
-1.1338924407959
2.11093098521233
1.74817510843277
-7.13808081746101
8
12.8208817541599
1.04486799240112
3.57090939879417
-7.90696393251419
-0.477981197834015
-4.36387109160423
-0.404456597566603
-4.85625104308128
8
-0.640252786874772
3.98083701133728
1.44108957648277
12.1372458875179
1.66630559563637
-6.38024609088898
-3.43471668362618
-0.513997989892959
8
1.33094906210899
3.3847970366478
3.78048995137214
7.51021147966385
1.58814414143563
1.99098354578018
3.80653259754181
-2.45494779348373
6
7
2.65636505484581
0.84695963859558
4.44220034480095
-5.54658911824226
13.5729721426964
7.04725601673128
-9.64652963280677
7
7.35176128745079
1.12285866141319
-4.42453630566597
6.45039873123169
-0.279324138164521
-0.258139437437057
5.94659609794617
7
-0.467940199375154
-1.39345197081566
-1.41061261296272
-1.47163241505623
4.46069115996361
4.3012570142746
11.2626609742641
7
-0.884646767377855
0.463533657789231
12.1513137936592
0.830606818199158
-8.09979063868523
-6.38476008176804
5.56665831208229
7
-4.77695234417916
-14.5550377905369
-3.72950916290283
6.38865783214569
8.16520382165909
-9.48701010346413
-1.73145313858986
7
1.50462611317635
5.96052240133286
11.0905901134014
-0.633465576171876
-2.92511386275291
5.64677045345306
5.85336874723435
2
7
8.16522094011307
-1.76985092759132
0.0741681873798333
-15.5214142501354
0.406150996685028
-5.64185293316841
2.25952676534652
7
1.79019305706025
0.75822390317917
-1.75109602212906
-0.178689146041865
0.256525802612305
0.56141718029976
6.53048027157783
|Explorer2Genome 30
3
6
8
-5.44690257310867
-2.72681810259819
-5.3076043844223
0.113500213623052
-10.8182398557663
-4.78421452641487
2.28893179297447
-1.07200453281403
8
1.68673266172409
7.36418348550796
-5.7733235836029
1.28343284130096
-0.34413792490959
-4.70686632990837
0.382284086942671
-1.05863000750542
8
10.3833224356175
7.98977434635163
-1.69280673265457
-0.649929404258727
-1.28081119060516
2.1362252175808
1.74817510843277
-7.13808081746101
8
12.1258926272392
-0.00228568315506014
2.10585913658142
-6.60353317856789
-0.977246868610382
-4.61270502209663
0.434223741292955
-7.01687467098235
8
-2.85983412265778
5.12653822898865
-0.254004597663879
11.8068299949169
0.966103434562682
-6.53311684131622
-2.7213682115078
0.187489968538285
8
1.51236436367035
3.48487111330032
3.34969142079353
7.20272790193558
1.58814414143563
1.99098354578018
3.87350964546204
-2.45494779348373
6
7
4.23048518300056
5.89021257162094
4.19184960722923
-4.89196405410767
11.9021873831749
6.49017307758333
-9.36306986808777
7
9.01615387797355
1.52126522660255
-5.97454035282135
5.26227383613586
1.43408875465393
-0.668714380264282
5.78398742675781
7
0.0855049490928632
-0.910613721609115
-1.41061261296272
-1.10851753354073
4.28541722297669
3.91031045913696
11.4793130815029
7
-0.351518172025682
0.332546371221543
12.6047580361366
0.483861136436463
-7.77522684335709
-6.38476008176804
5.35033672451973
7
-8.18735483884812
-14.9564621984959
-3.69738552570343
2.36905668377876
11.4739585518837
-5.75895309448243
-4.21717911362648
7
3.3654733479023
3.07453212738037
9.75171802639962
-0.530752223730088
-4.8288376390934
6.02620727419853
5.32395654916763
2
7
12.5130650877953
-5.67119934558868
-1.52331151366234
-13.3142991065979
1.03030346632004
-6.23289587497711
3.32468995451927
7
4.02409477829934
-1.5808365046978
0.0778580486774397
-2.11640194654464
0.457442784309388
-1.30746511220932
7.72976287007332
|Explorer2Genome 30
3
6
8
-5.92564433813095
-2.35974571108818
-5.3076043844223
-0.506286782026286
-10.7283609628677
-4.22284205555916
2.86916140913963
-0.909381932020187
8
1.11334725618363
7.92780829668045
-5.7733235836029
0.90265600681305
-0.34413792490959
-4.70686632990837
-0.46896136403084
-0.726996105909349
8
9.89584859609604
6.10594201087952
-2.54483107924461
-1.2660160779953
0.163331341743469
2.8611475110054
2.49283801317215
-6.58672952651977
8
12.8332646906376
1.09104855060577
3.57090939879417
-8.54278165102005
-0.504687058925629
-4.05924043655395
0.564600753784181
-5.69162525534629
8
-1.59668363928795
3.42195296883583
0.111764776706696
11.8214836895466
0.820253562927245
-8.39903552532196
-2.74132867455483
0.292995357513429
8
0.822148960828782
3.88017901182175
4.32100840806961
8.39812351465225
1.58814414143563
1.99098354578018
3.80653259754181
-2.18970866799354
6
7
5.62741631269455
4.61964864134788
5.23848359584808
-4.10561321973801
11.2037811219692
7.82410380244257
-8.93902471065521
7
8.09790487885475
-0.0372823536396039
-3.87131952047348
7.32021241784095
-0.465458661317826
-0.632783436775207
6.34289258718491
7
3.18643225431442
-0.658517688512802
-3.16840249300003
-2.61788255572319
2.19472783207894
2.79597882032394
7.59839099049568
7
-0.578453814983369
0.255415982007981
13.052866756916
0.830606818199158
-8.09979063868523
-5.81299036741257
5.56665831208229
7
-4.77695234417916
-13.8812581777573
-3.53224799633026
6.05907726883888
8.33187035322189
-8.91800413727761
-1.44022925496101
7
1.35872434973717
4.68537893891335
12.0709878623486
0.350664198398589
-4.29595176577568
6.40760035514831
5.87777227163315
2
7
12.3181970238686
-5.67119934558868
-1.52331151366234
-13.2579852342606
1.69875580072403
-6.23289587497711
3.29318737387657
7
2.11625209450722
-0.822064679861068
-0.469837713241582
-2.31015537381172
0.855715990066529
-1.61768003702164
7.04196236729622
|Explorer2Genome 30
3
6
8
-7.66671720743179
-5.23120393753052
-2.50328106284142
-1.32811217308044
-9.69167818427085
-5.1359631896019
1.16478680968284
-0.0701137781143188
8
4.8150646686554
5.62182621359825
-5.65490686297416
2.05514841675758
0.272482776641848
-4.7449968457222
0.720534282922743
-0.477444720268251
8
9.0566149532795
7.23718590736389
-2.41394872069359
-1.66618766188621
-0.650724029541016
2.48382650613785
2.24151717424393
-6.21752281188964
8
12.1258926272392
-0.00228568315506014
2.10585913658142
-6.68265584111214
-0.977246868610382
-4.61270502209663
0.0518584668636335
-7.01687467098235
8
-2.92592926025391
4.68503884673119
0.88588450551033
11.3450528085232
0.563609862327574
-6.6675048828125
-3.22161599993706
-0.458881992101668
8
-0.140168124437332
4.96633547544479
5.43220670819282
7.4351133286953
2.09829049706459
0.981735903024675
4.03086808919907
-2.20556188225746
6
7
4.48287101984024
5.72845349907875
4.62432591319084
-4.54454073905945
11.9021873831749
6.57104868888857
-9.09441525340081
7
7.59499170780181
1.34839143753052
-4.37257519364357
6.71745675206184
0.774606049060821
0.313180524110795
5.62163181304932
7
-0.467940199375154
-0.423086684942245
-1.41061261296272
-1.37660775780678
4.551288241148
4.8553733587265
11.0040132701397
7
0.712924325466155
-0.536791902780533
11.1595210909843
0.896089571714401
-7.11838754415512
-5.49052189588547
4.69227913022042
7
-5.92754448056221
-14.3242128193379
-5.19665759205818
6.09468185901642
9.12634447216987
-8.62111698389054
-1.82139406204224
7
-2.5855061352253
3.16919152140617
10.6165287315846
1.66906899213791
-4.63986249566078
7.55167556405067
7.42774541974068
2
7
12.7768064141273
-5.67119934558868
-1.52331151366234
-13.2579852342606
1.94932712316513
-6.23289587497711
3.75912026762962
7
2.96020615696908
1.46978897452355
-0.595923030376439
0.231283175945287
0.196484231948853
0.631946599483491
7.78483681082725
|Explorer2Genome 30
3
6
8
-6.26728695631027
-2.95164089798927
-4.1023086309433
1.09464622735978
-9.21362333297729
-4.60804510712624
2.55818983316421
-1.92066624760628
8
1.43894919157028
6.90406755208969
-6.74129204750061
1.74125616550446
-2.22538368105888
-4.83553869128227
1.56885871887207
-2.10728970766068
8
9.74924207329751
7.01010338664055
-2.38713950514793
-1.47335820198059
-0.965622574090958
1.88086770772934
2.41017919778824
-5.63582735061645
8
11.944220906496
0.475011140108108
4.19658979773521
-7.90696393251419
-0.479441320896149
-4.0929050385952
-0.00110023021697872
-6.07331418395042
8
-3.01172726154327
5.12653822898865
-0.12630877494812
10.4186638057232
0.966103434562682
-6.61049628257751
-2.11347116231919
0.00561888813972566
8
1.61636744737625
2.93397536873818
4.34419072270393
7.51494384407997
1.44551222324372
2.11548941731453
2.20081819295883
-2.0343112051487
6
7
4.23048518300056
5.91934350728989
4.08461417555809
-4.32574601173401
11.8666908860207
6.97636609077455
-10.6350677967072
7
6.34232860803604
4.02601562738418
-3.955637550354
5.41899663209915
1.57306342720985
-1.07141351699829
3.7437285721302
7
3.46835590004921
-0.644048064947128
-1.6124912917614
-2.61788255572319
2.29873300790787
2.9876741528511
7.7312759578228
7
-0.425496572256089
-0.473719793558121
11.9909666895866
0.715457653999329
-7.78194515109062
-6.52672933340073
5.82927103638649
7
-4.99586902260781
-14.4366672575474
-2.53308706879616
5.92255985736847
9.33347972631454
-8.49546064138413
-1.35420010089874
7
-1.36542125344276
1.68224837183952
11.6667641937733
1.80847147703171
-4.68296731114387
7.70269589424133
7.09558179974556
2
7
9.77474873065948
-3.29133481383324
-0.487331849336628
-13.0514209151268
1.30962565541267
-7.18577407002449
4.17868295311927
7
2.40118260383607
0.838352215290071
-0.427118116617208
-0.56598766446113
1.91180072426796
-0.480963522195815
7.05407314896583
|Explorer2Genome 30
3
6
8
-7.15064576268196
-3.49717075824737
-2.81781799197197
-1.8048663854599
-9.8417099237442
-5.58643440008164
1.36626777052879
-0.689254379272461
8
5.78707035779953
5.36133179068565
-6.97814158201217
3.15848541259766
-1.21252331733703
-4.57837451696396
0.369641530513762
-0.149032974243166
8
8.76133306622506
7.4468886077404
-2.40466806292534
-1.36200547218323
-1.06069858670235
1.44032660722733
2.50511745214462
-6.2532267153263
8
12.1258926272392
0.522153270244598
2.64795818328857
-6.95473890900612
-0.65326806306839
-4.61270502209663
0.080047267675401
-7.16435668468475
8
-0.985665231943131
4.02919280529022
0.820252192020417
12.1372458875179
1.77974658608436
-7.29875848293305
-3.43471668362618
0.0978058040142069
8
2.20934390425682
2.93397536873818
4.90480445027351
7.72029356956482
1.65954862236977
1.84272027611733
2.52721170186997
-1.40897398591041
6
7
4.00348053574562
5.72845349907875
4.30616299510002
-4.60974094867706
11.9021873831749
6.27084968686105
-9.36306986808777
7
8.67001945376396
0.771182328462599
-4.34837751984596
6.71574750542641
-0.912427031993866
1.27714405655861
5.38684453964233
7
-0.995591545104982
-0.0645368516445157
-1.46991255283356
-1.71833468675614
2.86920165419579
3.94295680522919
9.62101868391037
7
0.712924325466155
-0.536791902780533
10.6250508189201
0.896089571714401
-6.80353668928147
-4.74284905195236
4.87287360429764
7
-5.28636263012886
-15.261543482542
-5.56962356567383
6.06525149941444
9.78368135690689
-8.09611011743546
-1.37324857711792
7
-1.88856782913208
2.20780317783356
10.666382342577
-0.502840316295625
-4.56021460294723
8.33222950100898
6.88738809227944
2
7
11.806299829483
-3.64985031485558
-0.75729334354401
-15.1356744170189
-0.277411991357803
-6.28010100126267
2.85983970761299
7
1.14071130752564
0.383289277553559
-1.75109602212906
0.194409418106085
1.28710703849793
0.760194313526155
6.21453393101692
|Explorer2Genome 30
3
6
8
-8.052616918087
-1.92593261003494
-4.31682509183884
2.35505901575089
-7.67226674556732
-5.0708688735962
3.52123875021934
0.196286869049072
8
5.78707035779953
6.10757018923759
-6.86168248057365
3.10266649723053
-0.812787485122679
-4.42335735559464
0.544067871570586
-0.472116333246233
8
8.84211011528969
6.88798813223839
-2.05860967040062
-1.12409768104553
-1.31859441399574
2.77218135595322
2.9123933672905
-5.63582735061645
8
12.8141745150089
-0.107983958721161
1.75031226873398
-7.97149325013161
0.519275915622711
-4.84083562493324
-1.37077198028564
-6.07502856254577
8
-1.87271769046784
3.42195296883583
-0.454263150691986
11.8214836895466
0.820253562927245
-8.36534490585327
-2.74132867455483
0.56306717991829
8
1.33094906210899
3.25354167222977
3.95214844942093
8.39812351465225
1.58814414143563
1.84232958555222
3.66086483001709
-2.68689900636673
6
7
6.27525417208671
4.62052204012871
5.18688914179802
-3.8862885594368
11.6268191993237
7.26257798075677
-9.3880481004715
7
7.9305751979351
1.5750060737133
-6.07107019424438
7.11251482963562
-0.0648262381553653
0.124883246421814
5.60313621163368
7
3.93758640885353
-0.658517688512802
-3.17746791243553
-1.93245305418969
2.77140706181527
3.76628422141075
7.13994571566582
7
2.29384006261825
-0.375452399253845
10.592663860321
0.649476903676987
-8.96971329450608
-4.67892600297928
4.53506334424019
7
-5.99343657493592
-14.7288178980351
-5.17551012635231
6.09468185901642
8.12213242650032
-8.09611011743546
-1.81565763950348
7
-1.25374801754951
2.38402618765831
11.7785371184349
0.872916597127914
-4.4248470723629
7.82980957031249
6.952937489748
2
7
12.6548521637917
-5.70522656440735
-1.26581059694291
-12.6987153291702
1.61620477437973
-6.23289587497711
3.6784787595272
7
2.11625209450722
-1.07492553591728
-0.70725433826447
-2.85192640423774
0.816024518013001
-1.1127473950386
6.4438171684742
|Explorer2Genome 30
3
6
8
-6.96532949209213
-3.57032890319824
-2.61990910768509
-1.83514094352722
-11.0233475208282
-5.37957627177239
1.69195301532745
-1.14833548069
8
5.18822903633118
4.94520515799522
-5.9202389895916
2.80299871563911
0.517675358057024
-4.88171833753586
0.329898720979689
-0.92161695957184
8
8.10787492394448
5.88706780076027
-1.28122360110283
-1.49128496050835
-1.37227753996849
1.0147312939167
3.47709694504738
-5.44926646351814
8
12.6674337208271
0.212665045261383
1.68942176103592
-7.65803921818733
-0.434450519084931
-4.84083562493324
-1.40508249402046
-5.71123118400573
8
-2.60848031044006
4.85010349154472
0.771717691421509
11.8659586131573
1.14137147068977
-7.12057447433472
-1.81324576735497
-0.62146126627922
8
0.195405405759812
4.96633547544479
5.8421473801136
7.4351133286953
1.8833017885685
1.72656481862068
4.07879301309586
-2.38562427759171
6
7
6.52100619077682
4.62052204012871
4.75815755724907
-4.44812780618668
11.993342846632
6.96079542040826
-9.3880481004715
7
7.59499170780181
1.70289206504822
-4.36497209668159
6.13523486256599
0.296864140033722
0.482981449365616
6.34186050891876
7
3.18298180699348
-0.752833670377731
-2.34346377253532
-2.7974116742611
2.03015106320382
2.9876741528511
7.59277340769768
7
1.49127632975578
-0.790876275300979
10.4349952459335
0.94901470541954
-7.11838754415512
-5.61829453706741
4.32813413739205
7
-5.35265260338783
-14.6406421005726
-4.90476696491241
6.85604646801949
8.7030818760395
-7.63737527132035
-2.81862864494324
7
2.76014875173569
2.03362030982971
9.33775411248208
-1.78193338513374
-3.16554110646248
7.05468619465827
7.06890973448754
2
7
8.64604960680008
-1.49457365274429
0.178961807489391
-15.1859706103802
0.910547196865082
-4.86437166333199
2.25952676534652
7
1.79019305706025
0.75822390317917
-1.87266424894333
-0.178689146041865
1.35438013076782
0.56141718029976
6.53048027157783
|Explorer2Genome 30
3
6
8
-6.58058792352676
-2.35974571108818
-5.51123762130737
-0.285268592834468
-10.2862064599991
-4.78421452641487
2.86916140913963
-1.569566822052
8
5.18822903633118
5.13966895937919
-5.65113911032676
2.80299871563911
0.517675358057024
-4.88171833753586
0.329898720979689
-0.477444720268251
8
10.6943192064762
8.49842524528504
-1.69280673265457
-0.427585023641586
-1.1338924407959
2.11093098521233
1.83067206144333
-6.81554153561591
8
12.3515403807163
1.04486799240112
3.57090939879417
-7.90696393251419
-0.700954377651215
-4.36387109160423
-0.404456597566603
-4.85625104308128
8
-0.640252786874772
3.98083701133728
0.926875060796738
11.5643466413021
1.66630559563637
-6.38024609088898
-3.43471668362618
-0.513997989892959
8
1.89950570464134
3.3847970366478
3.34916942715645
7.51021147966385
1.58814414143563
1.57454777956009
4.16226918697357
-2.45494779348373
6
7
6.0391750216484
4.62052204012871
5.18688914179802
-4.44812780618668
11.8754491746426
6.96079542040826
-9.3880481004715
7
7.59499170780181
1.37527918815613
-4.36497209668159
6.48890958428383
0.296864140033722
0.482981449365616
5.83012356758118
7
-0.467940199375154
-0.910613721609115
-1.41061261296272
-1.10851753354073
4.11112951636315
4.3012570142746
11.2626609742641
7
-0.884646767377855
0.368092721700668
12.1513137936592
0.830606818199158
-8.09979063868523
-6.38476008176804
5.17941985726357
7
-5.35265260338783
-14.6406421005726
-4.90476696491241
7.14294010400772
8.7030818760395
-7.63737527132035
-2.81862864494324
7
1.50462611317635
6.19061866998672
11.0905901134014
-0.633465576171876
-2.92511386275291
5.64677045345306
5.85336874723435
2
7
8.64604960680008
-1.49457365274429
0.0741681873798333
-15.1859706103802
0.910547196865082
-4.86437166333199
2.25952676534652
7
1.79019305706025
0.75822390317917
-1.75109602212906
-0.178689146041865
0.256525802612305
0.56141718029976
6.53048027157783
|Explorer2Genome 30
3
6
8
-5.92564433813095
-2.91253110766411
-5.56793422698975
0.113500213623052
-10.5709838330746
-4.78421452641487
3.16160314083099
-0.802551174163818
8
5.78707035779953
5.54669875502586
-6.91961533427238
3.52386937141418
-0.812787485122679
-4.42335735559464
0.698273843526839
-0.770096826553346
8
10.6943192064762
7.98977434635163
-1.90330842733383
-1.21467387676239
-1.14033846855164
1.83777846693993
2.09384769201278
-7.51029861569404
8
11.8454309105873
-0.00228568315506014
1.94537307620048
-7.11905861496925
-0.977246868610382
-4.61270502209663
0.0715340077877057
-7.01687467098235
8
-1.87271769046784
3.63587372899056
-0.945807063579559
12.2819668352604
-0.502898329496385
-8.45288369655609
-2.51921001076699
0.569513350725175
8
1.13160435557365
3.63933836817741
3.66383996605873
7.91060799360275
1.58814414143563
1.88753632307053
4.11859266757965
-1.84509764909744
6
7
6.54979648590088
2.85263679027557
5.2559971511364
-3.22194386720657
13.5580045223236
5.94213349223139
-8.00285846590996
7
7.52338216304779
1.0041218817234
-4.36497209668159
6.71745675206184
0.296864140033722
1.62057150602341
5.78755648136139
7
3.75140305161476
1.01895862817764
-2.96415186524391
-3.86732602119446
0.480749726295475
4.90726357102394
6.36641162037849
7
-0.468401616811753
0.403252547979355
11.4051942884922
0.947108674049378
-7.07330948114395
-6.89531844258308
4.94790409207344
7
-5.49692519307137
-14.4180243492127
-4.27137095928192
6.85604646801949
8.7030818760395
-7.81480348706246
-2.41131939888
7
-1.36542125344276
2.27607771754265
11.2374652683735
1.23881040811539
-4.27816103100776
8.30535886287689
7.09558179974556
2
7
11.9793141484261
-5.70522656440735
-1.85671724677086
-13.6792099237442
1.61620477437973
-6.40751084685326
4.21362101435661
7
4.42683776021004
-1.5808365046978
-0.444657868146901
-2.11640194654464
0.457442784309388
-1.32069269418716
7.72976287007332
|Explorer2Genome 30
3
6
8
-5.77679954767227
-2.35974571108818
-5.3076043844223
0.479884958267217
-11.3441459417343
-4.78421452641487
2.86916140913963
-1.15558838844299
8
6.0974634706974
8.46089327931404
-5.396619951725
3.59711138010025
1.69037821292877
-4.37726615071297
0.801791697740553
-0.136169654130937
8
10.6943192064762
7.50110497474671
-1.69280673265457
-0.810992139577865
-0.750998306274414
2.11093098521233
1.74817510843277
-7.13808081746101
8
12.1258926272392
0.935342061519622
1.94537307620048
-7.31582123041153
0.176763331890106
-4.57340865731239
0.670717185735704
-6.91108155250549
8
-3.42466328144074
4.88587858080864
-0.115058320760727
10.427687972784
0.967496037483214
-6.50440012812614
-2.13205685019493
-1.29425491690636
8
1.63118976354599
2.61601229310036
4.93330245614052
9.57895796895027
2.59176104068756
0.709398132562638
3.12496376037598
-1.3275132060051
6
7
6.0391750216484
4.61964864134788
5.23848359584808
-4.26812225580215
11.2037811219692
7.82410380244257
-8.93902471065521
7
8.09790487885475
-0.0372823536396039
-3.50526322126388
7.32021241784095
-0.465458661317826
-1.20960428714752
6.34289258718491
7
3.46835590004921
-0.644048064947128
-2.53834478259087
-2.61788255572319
2.03178347349167
2.9876741528511
7.13994571566582
7
-0.351518172025682
0.857287377119064
12.1513137936592
0.483861136436463
-8.09979063868523
-6.05539339780808
5.56665831208229
7
-8.66864248514176
-14.9564621984959
-3.69738552570343
2.36905668377876
12.0673302769661
-5.75895309448243
-4.21717911362648
7
-1.78037472367287
2.27607771754265
11.5769959509373
1.22576457262039
-4.68296731114387
7.70269589424133
7.29279667139054
2
7
12.6924510121345
-6.02259032726288
-1.52331151366234
-13.2579852342606
1.61272269487381
-5.68773946762085
3.71609112620353
7
1.79019305706025
1.06923011541367
-1.75109602212906
0.0480975449085291
0.964413243532182
-0.0306200206279745
6.91626394987106
|Explorer2Genome 30
3
6
8
-5.69814611077308
-1.82002374529839
-5.3076043844223
0.72612760663033
-9.70585124492645
-4.78421452641487
3.0095640361309
-0.6181312084198
8
1.49538480043411
8.38569742441177
-5.41468477249145
1.55896392464638
-0.217307132482527
-4.84001354575157
0.651620483398436
-1.05863000750542
8
10.8792778849602
8.93034994602204
-1.46772163510322
-0.649929404258727
-1.61584141254425
2.57980808615685
1.74817510843277
-7.61548827290534
8
12.3515403807163
1.04486799240112
3.04246487021446
-7.74590366482735
-0.693907964229584
-4.2166644513607
-0.35726574063301
-4.27763761878013
8
-0.505094772577287
4.0705363035202
0.986016499996186
11.7888976037502
1.22157602906227
-7.11340212225914
-4.43097301125527
-0.421939927339553
8
0.868674415349961
3.3847970366478
3.20314903855324
7.58098446130752
1.87685023546219
1.53364945650101
4.16595046520233
-2.66109930276871
6
7
6.53666025996208
5.13979398608208
5.18688914179802
-4.47740558385849
12.3130060136318
6.96079542040826
-8.87142560482025
7
7.61542561650276
1.5474887907505
-4.05726950764656
6.71745675206184
-0.232850968837738
1.02444320321083
5.78755648136139
7
-0.543667900562288
-0.355253833532333
-1.9164580643177
-1.70782831311226
4.551288241148
4.29615829586983
11.2626609742641
7
-1.25585977435112
0.345175999403
12.1513137936592
0.830606818199158
-7.14542226195336
-6.38476008176804
6.42301898598671
7
-5.35265260338783
-14.3653010427952
-4.37429684996605
6.85604646801949
9.13260625004768
-8.00118402242661
-2.40345866680145
7
1.788802921772
6.19061866998672
11.0905901134014
-1.42644202113152
-2.82487413287163
5.64677045345306
5.48604301214218
2
7
12.3142084002495
-4.82597205638885
-1.52331151366234
-13.4621637284756
2.12579373121262
-5.24197242259979
3.75912026762962
7
3.87516043782235
-2.09863659739494
0.0778580486774397
-2.01921909451484
-0.150439691543578
-1.01091344952583
7.39206560254097
|Explorer2Genome 30
3
6
8
-5.69814611077308
-1.82002374529839
-5.3076043844223
0.72612760663033
-9.70585124492645
-4.78421452641487
3.0095640361309
-0.6181312084198
8
1.49538480043411
8.38569742441177
-5.41468477249145
1.55896392464638
-0.217307132482527
-4.84001354575157
0.651620483398436
-1.05863000750542
8
10.8792778849602
8.93034994602204
-1.46772163510322
-0.649929404258727
-1.61584141254425
2.57980808615685
1.74817510843277
-7.61548827290534
8
12.3515403807163
1.04486799240112
3.04246487021446
-7.74590366482735
-0.693907964229584
-4.2166644513607
-0.35726574063301
-4.27763761878013
8
-0.505094772577287
4.0705363035202
0.986016499996186
11.7888976037502
1.22157602906227
-7.11340212225914
-4.43097301125527
-0.421939927339553
8
0.868674415349961
3.3847970366478
3.20314903855324
7.58098446130752
1.87685023546219
1.53364945650101
4.16595046520233
-2.66109930276871
6
7
6.53666025996208
5.13979398608208
5.18688914179802
-4.47740558385849
12.3130060136318
6.96079542040826
-8.87142560482025
7
7.61542561650276
1.5474887907505
-4.05726950764656
6.71745675206184
-0.232850968837738
1.02444320321083
5.78755648136139
7
-0.543667900562288
-0.355253833532333
-1.9164580643177
-1.70782831311226
4.551288241148
4.29615829586983
11.2626609742641
7
-1.25585977435112
0.345175999403
12.1513137936592
0.830606818199158
-7.14542226195336
-6.38476008176804
6.42301898598671
7
-5.35265260338783
-14.3653010427952
-4.37429684996605
6.85604646801949
9.13260625004768
-8.00118402242661
-2.40345866680145
7
1.788802921772
6.19061866998672
11.0905901134014
-1.42644202113152
-2.82487413287163
5.64677045345306
5.48604301214218
2
7
12.3142084002495
-4.82597205638885
-1.52331151366234
-13.4621637284756
2.12579373121262
-5.24197242259979
3.75912026762962
7
3.87516043782235
-2.09863659739494
0.0778580486774397
-2.01921909451484
-0.150439691543578
-1.01091344952583
7.39206560254097
|Explorer2Genome 30
3
6
8
-5.69814611077308
-1.82002374529839
-5.3076043844223
0.72612760663033
-9.70585124492645
-4.78421452641487
3.0095640361309
-0.6181312084198
8
1.49538480043411
8.38569742441177
-5.41468477249145
1.55896392464638
-0.217307132482527
-4.84001354575157
0.651620483398436
-1.05863000750542
8
10.8792778849602
8.93034994602204
-1.46772163510322
-0.649929404258727
-1.61584141254425
2.57980808615685
1.74817510843277
-7.61548827290534
8
12.3515403807163
1.04486799240112
3.04246487021446
-7.74590366482735
-0.693907964229584
-4.2166644513607
-0.35726574063301
-4.27763761878013
8
-0.505094772577287
4.0705363035202
0.986016499996186
11.7888976037502
1.22157602906227
-7.11340212225914
-4.43097301125527
-0.421939927339553
8
0.868674415349961
3.3847970366478
3.20314903855324
7.58098446130752
1.87685023546219
1.53364945650101
4.16595046520233
-2.66109930276871
6
7
6.53666025996208
5.13979398608208
5.18688914179802
-4.47740558385849
12.3130060136318
6.96079542040826
-8.87142560482025
7
7.61542561650276
1.5474887907505
-4.05726950764656
6.71745675206184
-0.232850968837738
1.02444320321083
5.78755648136139
7
-0.543667900562288
-0.355253833532333
-1.9164580643177
-1.70782831311226
4.551288241148
4.29615829586983
11.2626609742641
7
-1.25585977435112
0.345175999403
12.1513137936592
0.830606818199158
-7.14542226195336
-6.38476008176804
6.42301898598671
7
-5.35265260338783
-14.3653010427952
-4.37429684996605
6.85604646801949
9.13260625004768
-8.00118402242661
-2.40345866680145
7
1.788802921772
6.19061866998672
11.0905901134014
-1.42644202113152
-2.82487413287163
5.64677045345306
5.48604301214218
2
7
12.3142084002495
-4.82597205638885
-1.52331151366234
-13.4621637284756
2.12579373121262
-5.24197242259979
3.75912026762962
7
3.87516043782235
-2.09863659739494
0.0778580486774397
-2.01921909451484
-0.150439691543578
-1.01091344952583
7.39206560254097
|Explorer2Genome 30
3
6
8
-5.69814611077308
-1.82002374529839
-5.3076043844223
0.72612760663033
-9.70585124492645
-4.78421452641487
3.0095640361309
-0.6181312084198
8
1.49538480043411
8.38569742441177
-5.41468477249145
1.55896392464638
-0.217307132482527
-4.84001354575157
0.651620483398436
-1.05863000750542
8
10.8792778849602
8.93034994602204
-1.46772163510322
-0.649929404258727
-1.61584141254425
2.57980808615685
1.74817510843277
-7.61548827290534
8
12.3515403807163
1.04486799240112
3.04246487021446
-7.74590366482735
-0.693907964229584
-4.2166644513607
-0.35726574063301
-4.27763761878013
8
-0.505094772577287
4.0705363035202
0.986016499996186
11.7888976037502
1.22157602906227
-7.11340212225914
-4.43097301125527
-0.421939927339553
8
0.868674415349961
3.3847970366478
3.20314903855324
7.58098446130752
1.87685023546219
1.53364945650101
4.16595046520233
-2.66109930276871
6
7
6.53666025996208
5.13979398608208
5.18688914179802
-4.47740558385849
12.3130060136318
6.96079542040826
-8.87142560482025
7
7.61542561650276
1.5474887907505
-4.05726950764656
6.71745675206184
-0.232850968837738
1.02444320321083
5.78755648136139
7
-0.543667900562288
-0.355253833532333
-1.9164580643177
-1.70782831311226
4.551288241148
4.29615829586983
11.2626609742641
7
-1.25585977435112
0.345175999403
12.1513137936592
0.830606818199158
-7.14542226195336
-6.38476008176804
6.42301898598671
7
-5.35265260338783
-14.3653010427952
-4.37429684996605
6.85604646801949
9.13260625004768
-8.00118402242661
-2.40345866680145
7
1.788802921772
6.19061866998672
11.0905901134014
-1.42644202113152
-2.82487413287163
5.64677045345306
5.48604301214218
2
7
12.3142084002495
-4.82597205638885
-1.52331151366234
-13.4621637284756
2.12579373121262
-5.24197242259979
3.75912026762962
7
3.87516043782235
-2.09863659739494
0.0778580486774397
-2.01921909451484
-0.150439691543578
-1.01091344952583
7.39206560254097
|Explorer2Genome 30
3
6
8
-6.96532949209213
-3.57032890319824
-2.61990910768509
-2.05297715663909
-11.0233475208282
-5.37957627177239
1.69195301532745
-0.83591992855072
8
6.356559497118
8.58163896203041
-6.00251702070236
3.52830785512924
1.09230654239655
-4.88700988888741
1.46697846055031
-0.657852423191072
8
8.10787492394448
5.83596556782723
-1.25432862639427
-1.68178343772888
-1.1293005168438
1.0147312939167
3.47709694504738
-5.44926646351814
8
12.6674337208271
0.212665045261383
1.68942176103592
-7.65803921818733
-0.620187485218048
-4.84083562493324
-0.522180825471877
-6.07502856254577
8
-2.85983412265778
5.12653822898865
-0.12630877494812
11.5757064759731
0.206120252609251
-7.06153275966644
-2.7213682115078
0.513609248399735
8
0.195405405759812
4.96633547544479
5.43220670819282
7.4351133286953
2.41123211979866
1.72656481862068
4.41218215227127
-2.38562427759171
6
7
2.65636505484581
0.602949160337447
4.44220034480095
-5.94933052659035
13.2496776938439
7.04725601673128
-9.64652963280677
7
7.35176128745079
1.12285866141319
-4.52105312943459
5.92242841720581
-0.279324138164521
-0.258139437437057
5.94659609794617
7
3.18298180699348
-0.467320102453231
-2.34346377253532
-2.7974116742611
2.03015106320382
2.9876741528511
7.59277340769768
7
-0.743257302045823
0.345175999403
12.1513137936592
1.01946306824684
-8.41082031130791
-6.38476008176804
5.59934042096138
7
-5.06489792466164
-14.2609557449818
-2.76332588791847
5.6903861284256
8.32391291856765
-8.1755181670189
-1.40603804588318
7
2.56786519289017
2.03362030982971
9.33775411248208
-1.88187742829323
-3.16554110646248
7.05468619465827
7.06890973448754
2
7
8.16522094011307
-1.76985092759132
0.0741681873798333
-15.1859706103802
0.406150996685028
-5.64185293316841
2.25952676534652
7
3.87516043782235
-1.37752565145492
-0.00310568213463303
-2.11640194654464
0.683040094375611
-1.56802106499672
7.72976287007332
|Explorer2Genome 30
3
6
8
-5.92564433813095
-2.35974571108818
-5.3076043844223
-0.702389734983439
-10.7283609628677
-4.22284205555916
2.86916140913963
-1.42029067873955
8
1.32281626462937
7.36285768747329
-5.2760036945343
0.90265600681305
-0.34413792490959
-4.97616876959801
-1.00536726117134
-0.466269671916964
8
9.63244610428811
5.85747854709625
-2.54483107924461
-1.2660160779953
0.163331341743469
2.48382650613785
2.49283801317215
-6.58672952651977
8
12.8332646906376
1.09104855060577
3.88284086585045
-8.54278165102005
-0.504687058925629
-4.48961939811706
0.564600753784181
-5.69162525534629
8
-0.640252786874772
3.53480896949768
1.44108957648277
12.3954560518265
1.74013279080391
-6.71546170711517
-3.43471668362618
0.318351459503175
8
1.08444239497185
3.3847970366478
3.78048995137214
7.45496991872787
1.58814414143563
1.99098354578018
3.80653259754181
-2.45494779348373
6
7
4.23048518300056
5.22052407860756
4.30616299510002
-4.89196405410767
11.9021873831749
6.04417171478273
-8.92719631195069
7
7.59499170780181
0.883747792243956
-4.36497209668159
6.53155041337013
1.24595156908035
0.338469249010087
5.78755648136139
7
-0.131521683931353
1.7924531519413
0.45345175266266
-1.31788948178292
2.88656995892525
4.74586761593819
10.2035741686821
7
-0.351518172025682
-0.127325946092605
11.605635535717
1.24248597621918
-7.90490406751633
-6.73906673192978
5.56665831208229
7
-4.77695234417916
-13.9949554443359
-3.53224799633026
5.48859787583351
8.33187035322189
-9.16631087064744
-1.44022925496101
7
0.750160324573518
4.68537893891335
12.0709878623486
0.126208955049514
-4.29595176577568
6.35861585140228
5.87777227163315
2
7
12.3181970238686
-5.67119934558868
-1.52331151366234
-13.845549082756
1.69875580072403
-6.23289587497711
3.29318737387657
7
3.22290279865266
1.17852659225464
-0.548568665981297
-0.278525936603541
0.196576571464539
0.0346059203147897
6.51146503686905
|Explorer2Genome 30
3
6
8
-6.43837291002273
-3.46901972293854
-2.31318003535271
-1.32811217308044
-9.86957085132598
-5.22032881975174
1.4322597682476
-0.985758709907532
8
2.28193165063858
7.67672134637832
-6.38731648921966
1.62227399945259
-2.32502889037132
-3.81448358893395
1.49161238670349
-1.45848680734635
8
8.80682662129403
7.78724290728569
-2.12056828737259
-2.15213904380798
-1.22448678612709
1.14026774168015
2.21700979471207
-5.93579214215278
8
13.3036685049534
-0.762233817577363
3.72798883914947
-8.14388138055801
-0.804799997806549
-4.75278401374817
-1.74051046967506
-4.3711979329586
8
-0.985665231943131
4.43782448768616
1.86511393785477
11.8881852567196
1.66630559563637
-7.79914453029633
-3.43471668362618
-0.421939927339553
8
0.931903970241547
2.61601229310036
4.32206907868385
9.57895796895027
1.80287231802941
1.47201009392738
2.52588415145874
-1.33606501817703
6
7
6.01717007160187
2.55704655647278
5.20914317965507
-4.08500262498856
13.3604878127575
5.6424449324608
-7.09674288630486
7
7.48202866911888
1.54213526248932
-5.49741857051849
6.2327305316925
-0.352027451992035
0.408191967010499
5.81261680722236
7
-0.131521683931353
0.387636238336563
0.117155313491823
-1.63469212651253
2.29687708020211
4.76331642270088
10.194250613451
7
0.712924325466155
-0.536791902780533
10.560506606102
-0.0708832561969759
-6.82715273499489
-4.65858999490738
4.69227913022042
7
-5.08631536364556
-12.1447559714317
-5.91526501774788
5.57476069331169
7.00615881085395
-8.64327204823495
-2.17528471946716
7
1.26631933450699
6.19061866998672
11.0905901134014
-0.997966837882996
-2.47054309248924
5.64677045345306
5.48604301214218
2
7
12.2289184093475
-3.66317626237869
-0.593088775873188
-14.1177047848701
-0.212826812267304
-6.48870562314987
2.51478396058082
7
2.7529546558857
-0.951215189695357
-0.4779708147049
-2.31015537381172
0.74941709637642
-0.893775141239165
6.52914202809334
|Explorer2Genome 30
3
6
8
-6.18479266762733
-1.78363739848137
-5.61514663100243
-0.688763093948359
-11.1026275396347
-3.85714552998543
2.63858168125152
-1.71631217598915
8
5.78707035779953
6.26494318842887
-6.86168248057365
2.55863926410675
-0.812787485122679
-4.42335735559464
0.544067871570586
-0.780371671915056
8
10.3909849703312
8.48282165527344
-1.80699702501297
-0.937859052419662
-1.5625002861023
1.91420311331749
1.73203285932541
-7.54334273338317
8
12.0579856932163
-0.280171620845795
1.26897341012955
-6.83050014972687
-0.628661692142487
-4.84083562493324
-1.17886305451393
-6.07502856254577
8
-3.78234980106354
4.88587858080864
-0.115058320760727
10.427687972784
0.967496037483214
-6.50440012812614
-2.13205685019493
-1.29425491690636
8
1.07119745016098
2.61601229310036
4.93330245614052
9.57895796895027
2.59176104068756
0.558575946092607
3.12496376037598
-1.3275132060051
6
7
5.51821353435516
3.05442429184914
5.40003413558006
-3.71994067430496
13.3481695353985
5.77079979181291
-7.24939534068108
7
7.9305751979351
1.18914005160332
-5.48072936534882
7.11251482963562
-0.124544370174408
0.0771738290786748
5.1272705078125
7
0.2652479827404
1.7827764570713
0.45345175266266
-0.96316555142403
2.88656995892525
4.74586761593819
10.3608229994774
7
-0.351518172025682
0.637341928482056
12.1236337542534
1.77512948513031
-7.90490406751633
-6.38476008176804
5.56665831208229
7
-4.99586902260781
-14.1215254366398
-3.46635482907295
5.21429288387299
9.32877134084701
-8.1755181670189
-1.46694850921631
7
3.11395073533058
2.704620885849
10.2010505497456
-1.02484030127525
-4.56043756604194
6.35633427500724
5.83538292646408
2
7
12.6548521637917
-5.70522656440735
-1.52331151366234
-12.6987153291702
1.61620477437973
-6.23289587497711
3.6784787595272
7
3.24769678115845
1.17852659225464
-0.554501068592076
0.240551745891577
0.196576571464539
0.372224080562592
6.51146503686905
|Explorer2Genome 30
3
6
8
-6.17186275720596
-2.40630549788475
-5.3076043844223
-0.17157735228538
-10.7283609628677
-3.97124056816101
2.70604583621025
-0.909381932020187
8
4.2245044708252
5.62182621359825
-5.99509164690971
2.05514841675758
0.0268397092819233
-4.7449968457222
1.20735164284706
-0.477444720268251
8
9.9155048429966
6.74415311813355
-2.08070358037949
-0.786916971206664
-1.87293928265572
2.48382650613785
3.08943845629692
-6.42749398350715
8
12.7487848877907
-0.993367063999176
3.27034084200859
-8.40408412218094
0.0147014737129209
-6.20016701221466
0.680836606025697
-6.00739492774009
8
-2.95068756937981
5.3399497449398
-0.0642701566219327
11.304266923666
1.28105936050415
-6.96423451900482
-2.95484542250634
-1.0162448823452
8
-0.0950481474399562
5.06682568788529
5.43220670819282
7.95426854491234
2.09829049706459
0.981735903024675
4.03086808919907
-2.20556188225746
6
7
6.0391750216484
4.8623854637146
5.23848359584808
-4.14351183176041
11.2037811219692
7.82410380244257
-8.93902471065521
7
8.18039779067039
0.653384608030318
-6.46287900805473
6.52553468346596
-0.899082934856415
0.103384518623353
5.38779203891754
7
0.265248823165892
0.0275788068771365
-1.68219321370125
-2.46505917310715
2.78098641037941
3.54980490207672
9.47596031427383
7
-0.351518172025682
0.758008164167404
11.735771882534
1.24248597621918
-7.90490406751633
-6.38476008176804
5.56665831208229
7
-5.92754448056221
-14.2320217192173
-5.19665759205818
6.09468185901642
9.12634447216987
-8.63148812055589
-1.82139406204224
7
3.4393793284893
1.98460426330566
10.1761507809162
-2.28664537072182
-2.85732052922249
6.26783418059349
7.00799571275711
2
7
12.3782538831234
-3.34326981902122
-0.541745358705525
-14.2276987433434
-0.453717720508576
-6.98912707567215
2.52347660660743
7
3.83638143539429
1.17852659225464
-0.554501068592076
-0.576640880107874
0.740953993797303
0.28024355173111
6.53128012418747
|Explorer2Genome 30
3
6
8
-6.74615982770919
-2.12295153737068
-4.1023086309433
1.98568881154061
-9.82073776721954
-5.11862526535988
2.51755892634392
-1.3209537088871
8
2.71678205132485
7.58024598956108
-3.79938905239105
2.57130036354065
-0.803773349523542
-4.88936272263527
0.504790031909941
-2.03050956130028
8
10.8961374104023
7.58686463832855
-2.06220039725304
-1.13121340274811
-0.683431154489517
2.2510950922966
3.27829393744469
-7.32056601643562
8
12.3515403807163
1.59987550973892
3.57090939879417
-8.32184473276138
-1.00176733732224
-4.08231238722801
0.127884072065355
-3.87374271750449
8
-0.985665231943131
3.42853026390076
1.7276589512825
11.0230704247951
1.66630559563637
-6.70420186519623
-2.85453441739083
-0.421939927339553
8
2.94111577272415
2.56340480446816
5.89317930340767
7.3862090587616
2.12794035077095
0.691640621423722
2.80108426809311
-2.94665871858597
6
7
4.29912461042404
5.72845349907875
4.30616299510002
-4.60533182621002
12.4498894572258
6.57104868888857
-9.09441525340081
7
7.59123697280883
1.34839143753052
-4.36497209668159
6.71745675206184
0.774606049060821
0.531755793094636
5.62163181304932
7
-0.467940199375154
-0.423086684942245
-1.43420024514198
-1.37660775780678
4.23252892494202
3.70938446521759
11.3318121135235
7
-0.351518172025682
-0.178646832704544
11.9678758561611
1.20196695327759
-8.09979063868523
-6.30202838182449
5.68471134305001
7
-5.06489792466164
-14.1215254366398
-3.42004459500313
5.98847589492798
8.32391291856765
-7.96225724816323
-1.40603804588318
7
1.62871688604355
6.19061866998672
11.0948259294033
-0.588025379180909
-2.92511386275291
5.36819801330566
4.92895735502243
2
7
10.0879324674606
-4.61162228584289
-1.32838805317879
-12.9204011917114
2.8412272810936
-7.34304314255715
4.57039812207222
7
1.16565844416619
0.763263201713563
0.392709332704539
-0.778199517726892
0.975967770814896
0.439847773313523
8.73250926733017
|Explorer2Genome 30
3
6
8
-6.64217015504837
-2.66505001187325
-4.16256370544434
1.26443100571633
-10.4109633684158
-5.11862526535988
2.9343247115612
-1.3209537088871
8
1.68673266172409
7.92780829668045
-5.7733235836029
1.28343284130096
-0.34413792490959
-4.54068740606308
0.897174090147017
-1.05863000750542
8
9.70917759537697
7.98977434635163
-1.69280673265457
-0.649929404258727
-1.02129310965538
2.36934041976929
1.74817510843277
-7.13808081746101
8
12.0385882794857
-0.00228568315506014
2.06268596053123
-7.11905861496925
-0.409939205646515
-4.20110867619514
0.664227956533433
-7.01687467098235
8
-0.985665231943131
4.45182490348816
1.26901451349258
11.8121471345425
1.66630559563637
-7.79374949932098
-3.43471668362618
-0.867506200075149
8
0.455870091915131
2.03039065003395
3.9531213581562
9.57895796895027
2.29522103667259
1.9150988638401
2.52588415145874
-1.3275132060051
6
7
5.82897405624389
2.55704655647278
5.40003413558006
-4.08500262498856
13.8565059363842
5.6424449324608
-7.54500953555107
7
8.78590497374534
1.91205278038978
-5.97454035282135
4.81411390304565
1.07834057807922
-0.668714380264282
5.89655115604401
7
3.68216899633407
-0.658517688512802
-3.06147884130478
-2.61788255572319
2.02041147947312
3.11190241575241
6.81724578738213
7
-0.468401616811753
0.403252547979355
11.0378994524479
0.925960493087769
-7.59587360620499
-6.89531844258308
4.55830271840096
7
-5.35265260338783
-14.105267316103
-4.91722952723503
6.72368295788765
8.7030818760395
-8.04786761999131
-1.89368495941162
7
1.50462611317635
6.19061866998672
11.0905901134014
-1.61033811569214
-2.92511386275291
5.63128080368041
5.48604301214218
2
7
10.5794197320938
-4.07090582847595
-1.99804444909096
-12.619926404953
2.63652239441872
-7.34304314255715
4.18223312497139
7
2.38740218281747
-0.951215189695357
-0.4779708147049
-2.31015537381172
0.74941709637642
-0.893775141239165
7.04196236729622
|Explorer2Genome 30
3
6
8
-8.052616918087
-1.92593261003494
-4.31682509183884
2.35505901575089
-7.67226674556732
-5.0708688735962
3.52123875021934
0.196286869049072
8
6.356559497118
8.58163896203041
-5.86275941133499
3.39657098054886
1.56021168231964
-4.8366546690464
1.98682747483253
-0.792166650295259
8
9.28713957071305
6.0170151412487
-2.05860967040062
-1.47335820198059
-0.490214830636978
2.370319211483
2.77393559217453
-5.86485559940337
8
12.8141745150089
0.212665045261383
1.75031226873398
-7.97149325013161
0.0861127495765683
-4.84083562493324
-1.37077198028564
-6.07502856254577
8
-2.85983412265778
5.09450349807739
1.91701332330704
10.831432813406
0.412424325942992
-6.30377396941185
-2.46656693816185
-1.23863098025322
8
1.93230763673782
2.5117512524128
5.0604797899723
8.20032606720924
0.918022561073305
1.55792409181595
1.8900560259819
-1.63483406305313
6
7
3.68520605564117
4.17424900531769
5.28798066973686
-4.02423020601273
13.867238420248
5.12853420376779
-7.83769717216492
7
7.97015594840049
1.88672344684601
-6.22235043048859
5.51414270401001
1.43408875465393
0.957259821891785
5.26338953971863
7
3.93758640885353
-0.658517688512802
-3.17746791243553
-1.93245305418969
2.77140706181527
3.76628422141075
7.13994571566582
7
2.08858391046524
-0.375452399253845
10.9932633638382
0.649476903676987
-8.41077848672867
-4.72314890623093
4.43315277695656
7
-5.38224970698357
-14.2376882612705
-5.40880022644997
6.07953152656555
8.57490139603614
-8.09611011743546
-1.82139406204224
7
-1.25374801754951
2.38402618765831
11.1989214777947
0.872916597127914
-4.47371856570244
7.82980957031249
6.952937489748
2
7
11.1450549125671
-4.42148978710174
-1.00030432343483
-12.5010064125061
1.57343407273292
-6.53902030587197
4.52638950943946
7
2.68334040641785
0.819773483276368
-1.16187278032303
0.410679399967199
0.459226059913636
0.28024355173111
7.33692165613174
|Explorer2Genome 30
3
6
8
-8.052616918087
-1.92593261003494
-4.31682509183884
2.35505901575089
-7.67226674556732
-5.0708688735962
3.52123875021934
0.196286869049072
8
6.356559497118
8.58163896203041
-5.86275941133499
3.39657098054886
1.56021168231964
-4.8366546690464
1.98682747483253
-0.792166650295259
8
9.28713957071305
6.0170151412487
-2.05860967040062
-1.47335820198059
-0.490214830636978
2.370319211483
2.77393559217453
-5.86485559940337
8
12.8141745150089
0.212665045261383
1.75031226873398
-7.97149325013161
0.0861127495765683
-4.84083562493324
-1.37077198028564
-6.07502856254577
8
-2.85983412265778
5.09450349807739
1.91701332330704
10.831432813406
0.412424325942992
-6.30377396941185
-2.46656693816185
-1.23863098025322
8
1.93230763673782
2.5117512524128
5.0604797899723
8.20032606720924
0.918022561073305
1.55792409181595
1.8900560259819
-1.63483406305313
6
7
3.68520605564117
4.17424900531769
5.28798066973686
-4.02423020601273
13.867238420248
5.12853420376779
-7.83769717216492
7
7.97015594840049
1.88672344684601
-6.22235043048859
5.51414270401001
1.43408875465393
0.957259821891785
5.26338953971863
7
3.93758640885353
-0.658517688512802
-3.17746791243553
-1.93245305418969
2.77140706181527
3.76628422141075
7.13994571566582
7
2.08858391046524
-0.375452399253845
10.9932633638382
0.649476903676987
-8.41077848672867
-4.72314890623093
4.43315277695656
7
-5.38224970698357
-14.2376882612705
-5.40880022644997
6.07953152656555
8.57490139603614
-8.09611011743546
-1.82139406204224
7
-1.25374801754951
2.38402618765831
11.1989214777947
0.872916597127914
-4.47371856570244
7.82980957031249
6.952937489748
2
7
11.1450549125671
-4.42148978710174
-1.00030432343483
-12.5010064125061
1.57343407273292
-6.53902030587197
4.52638950943946
7
2.68334040641785
0.819773483276368
-1.16187278032303
0.410679399967199
0.459226059913636
0.28024355173111
7.33692165613174
|Explorer2Genome 30
3
6
8
-6.96532949209213
-3.57032890319824
-2.61990910768509
-1.83514094352722
-11.0233475208282
-5.37957627177239
2.23655416965484
-0.621313881874084
8
5.64412694573403
8.66273880600929
-5.85013900995254
3.59711138010025
2.02337346076966
-4.37726615071297
0.21498902440071
-0.428420698642732
8
8.10787492394448
5.83596556782723
-1.21590737700462
-1.29695682525635
-1.6073378264904
0.79839468598366
3.94383292794227
-5.44926646351814
8
12.5571739375591
0.313669240474701
1.69540013670921
-7.07353986501694
-1.45857549905777
-5.57488399147987
0.502366083860399
-7.14183156490325
8
-1.18292496800423
3.66112697720528
1.88121261000633
12.1372458875179
1.66630559563637
-7.78285300731659
-3.43471668362618
-0.421939927339553
8
1.66022948622704
3.52560430169106
4.54841903448105
8.19308841228485
2.2375176012516
1.8140654861927
2.20081819295883
-1.30454500317573
6
7
4.23048518300056
5.72845349907875
3.95267731547356
-4.18945562243462
12.4401597619057
7.02079033851625
-9.99629551768303
7
7.59499170780181
0.991848468780516
-4.93141759037971
7.14277177453041
0.0267480254173277
0.482981449365616
5.71024069786072
7
-0.317448139190676
-0.600263452529907
-1.17485108971596
-1.71833468675614
2.86920165419579
3.94295680522919
9.52663196325302
7
1.20629242658615
-0.988491708040237
10.2355469703674
0.964794820547104
-8.05055488348007
-5.55059043169022
4.8868975520134
7
-4.77695234417916
-14.1303566992283
-3.72950916290283
5.88373119831085
8.74272962808609
-9.65395649671555
-1.15226793885231
7
2.76014875173569
2.79112598896027
9.54045614004136
-1.88187742829323
-3.16554110646248
6.66383512616157
7.06890973448754
2
7
11.176091504097
-4.48887832164764
-1.60755150914193
-13.2309944152832
3.04042412638664
-7.47092099785805
4.13524840474128
7
3.2331998884678
-1.00680186152458
-0.544003099203114
-2.11640194654464
0.297268396615983
-1.30746511220932
7.72976287007332
|Explorer2Genome 30
3
6
8
-7.21439205408096
-2.66505001187325
-4.1023086309433
1.73679753541947
-9.87853808403015
-5.11862526535988
2.9343247115612
-1.3209537088871
8
3.06049991250038
7.93072603940963
-4.39013621807098
2.06106667518616
-0.963706320524214
-5.34832273125649
1.07162319421768
-2.03050956130028
8
10.2596736729145
7.06684610843659
-2.06220039725304
-1.13121340274811
-1.07079220414162
2.2510950922966
3.22121838927269
-6.92004154324531
8
11.7546997189522
-0.318869030475617
1.69540013670921
-6.50234122872353
-0.54718633890152
-5.0860372364521
0.080047267675401
-7.39792881011962
8
-2.90240120887756
5.66110570430756
-0.12630877494812
11.339771002531
0.725983285903929
-7.01022539138794
-2.7213682115078
0.187489968538285
8
0.949454826116562
3.66476606726647
3.78048995137214
8.27399038076401
2.26789313554764
2.01949585676193
3.50332281589508
-2.62286559343338
6
7
2.26336364150047
0.496933954954146
3.21316589713097
-6.06298659443855
11.9375284016132
8.30412637591363
-9.47868646979331
7
9.0379453420639
1.21577034592628
-5.97454035282135
4.81411390304565
0.742982697486877
-1.09582104682922
6.35579154491425
7
-0.131521683931353
0.248667323589325
0.596675759553911
-1.31788948178292
2.88656995892525
4.74586761593819
10.1039255440235
7
-0.468401616811753
0.241394537687302
11.4051942884922
0.925960493087769
-8.075969851017
-6.89531844258308
4.94790409207344
7
-5.06489792466164
-14.1215254366398
-3.12836809754372
5.98847589492798
8.32391291856765
-8.1755181670189
-1.40603804588318
7
1.13210855126381
4.67840984463692
10.1258684456348
-0.208928555250169
-4.12047144174575
6.95617505908012
6.97776639461517
2
7
10.5794197320938
-4.07090582847595
-1.43641420006752
-12.9204011917114
3.13271518349647
-7.34304314255715
4.18223312497139
7
1.59600536227227
0.763263201713563
-0.368442362546925
-0.778199517726892
1.09990721344948
0.269739717245103
8.73250926733017
|Explorer2Genome 30
3
6
8
-7.21439205408096
-2.86519795060158
-4.1023086309433
1.73679753541947
-10.3517587184906
-5.11862526535988
2.9343247115612
-1.3209537088871
8
5.64412694573403
8.19484968781471
-5.396619951725
3.59711138010025
2.01609351634979
-4.37726615071297
0.21498902440071
-0.950591146945955
8
8.10787492394448
5.83596556782723
-1.28122360110283
-1.68178343772888
-1.18565716147423
1.16193657517433
3.94383292794227
-5.95878217816352
8
12.5571739375591
0.753639638423919
1.69540013670921
-7.07353986501694
-1.45857549905777
-5.57488399147987
0.4378495156765
-6.91108155250549
8
-1.18292496800423
3.64789910912514
1.88121261000633
12.1372458875179
1.66630559563637
-7.78285300731659
-3.89312651753426
-0.421939927339553
8
0.949454826116562
4.24104418158531
3.78048995137214
8.27399038076401
2.01571906805039
2.01949585676193
3.50332281589508
-2.16306172609329
6
7
4.23048518300056
5.72845349907875
3.69804520010948
-4.45869817733765
12.4401597619057
7.02079033851625
-10.2831841468811
7
7.59499170780181
0.705859255790709
-4.93141759037971
7.14277177453041
0.0267480254173277
0.482981449365616
6.05594182014465
7
-0.317448139190676
-0.600263452529907
-1.17485108971596
-1.71833468675614
2.86920165419579
3.94295680522919
9.52663196325302
7
1.20629242658615
-0.988491708040237
10.6862457752228
0.964794820547104
-8.05055488348007
-5.55059043169022
4.54407976865769
7
-4.48898401856423
-14.1215254366398
-3.12836809754372
5.98847589492798
8.32391291856765
-8.06761618852616
-1.40603804588318
7
1.13210855126381
4.67840984463692
10.1258684456348
-0.208928555250169
-4.12047144174575
6.95617505908012
6.97776639461517
2
7
10.5794197320938
-4.07090582847595
-1.43641420006752
-12.9204011917114
2.82090831398964
-7.34304314255715
4.10286770462989
7
1.59600536227227
1.06807029247284
-0.368442362546925
-0.294021165370935
1.09990721344948
0.0695151031017312
8.73250926733017
|Explorer2Genome 30
3
6
8
-5.92564433813095
-2.35974571108818
-4.81965270042419
0.113500213623052
-10.2862064599991
-4.56727202534676
3.18473181128502
-1.11583740711212
8
2.38991888761521
6.91712304353714
-5.22585010528564
1.27298574447632
-1.58382176160812
-4.60210976004601
0.382284086942671
-1.69256030917168
8
10.2596736729145
7.06684610843659
-2.27703754305839
-1.71958949565887
-1.07079220414162
2.2510950922966
3.22121838927269
-6.42883523106574
8
11.7546997189522
0.21896766424179
1.69540013670921
-7.07934089303017
-0.54718633890152
-5.0860372364521
0.080047267675401
-7.3303034543991
8
-2.60976076126099
5.12653822898865
-0.12630877494812
10.9736715018749
0.0693319559097275
-7.18945710659027
-2.48167752027512
0.187489968538285
8
0.949454826116562
3.66476606726647
3.78048995137214
8.27399038076401
2.26789313554764
2.01949585676193
3.87882063388825
-2.62286559343338
6
7
2.26336364150047
0.496933954954146
3.21316589713097
-6.06298659443855
11.9375284016132
8.30412637591363
-9.47868646979331
7
7.65319222807884
1.18914005160332
-6.20467494130135
6.917032289505
0.265969794988632
-0.268839573860168
5.70138790607452
7
-0.540134251117708
-0.598222202062606
-2.19177122712135
-1.37785707712174
2.46977724432946
4.32873914241791
9.57021893262863
7
-0.647091346979142
-0.643512010574341
11.2757686197758
0.978995704650879
-9.03740307688713
-6.38669191598892
5.07802545428276
7
-5.92754448056221
-14.3419902861118
-5.11043415665626
6.83895666599274
8.63398388028144
-8.68771909475327
-1.62070353031158
7
1.13210855126381
4.15905764698982
10.1258684456348
-0.372289890050889
-4.12047144174575
6.95617505908012
7.05204405784607
2
7
10.5794197320938
-4.07090582847595
-1.43641420006752
-12.9204011917114
3.13271518349647
-7.34304314255715
4.18223312497139
7
1.59600536227227
0.763263201713563
-0.81733557581902
-0.778199517726892
0.999745160341263
0.269739717245103
8.73250926733017
|Explorer2Genome 30
3
6
8
-6.26728695631027
-2.51573687195778
-4.1023086309433
1.09464622735978
-9.21362333297729
-4.34447267055512
2.37362087965011
-1.92066624760628
8
1.43894919157028
6.90406755208969
-6.74129204750061
1.74125616550446
-2.22538368105888
-4.83553869128227
1.56885871887207
-2.10728970766068
8
10.6943192064762
7.9427414894104
-1.90330842733383
-1.21467387676239
-1.14033846855164
1.92581378817559
1.55816177129745
-7.51029861569404
8
11.8454309105873
-0.00228568315506014
1.94537307620048
-7.4189925968647
-0.977246868610382
-4.74879608750343
0.0715340077877057
-7.01687467098235
8
-2.83011927008629
5.12653822898865
-0.12630877494812
10.4186638057232
0.966103434562682
-6.16466608047485
-2.11347116231919
0.00561888813972566
8
1.13160435557365
3.63933836817741
3.66383996605873
7.91060799360275
1.58814414143563
1.88753632307053
4.11859266757965
-1.84509764909744
6
7
4.788808375597
5.91934350728989
4.08461417555809
-4.32574601173401
11.8666908860207
6.82992212772371
-10.6350677967072
7
6.34232860803604
4.06815885305405
-3.955637550354
5.17973178625107
1.57306342720985
-1.07141351699829
3.7437285721302
7
3.46835590004921
-0.644048064947128
-1.6124912917614
-2.68676390051842
2.11477402448655
2.9876741528511
8.30146824717522
7
-0.425496572256089
-0.473719793558121
12.502283847332
0.715457653999329
-7.72580208182335
-6.52672933340073
5.82927103638649
7
-5.49692519307137
-14.5306229829788
-4.27137095928192
7.21750524640083
8.7030818760395
-7.81480348706246
-2.00770015716553
7
-1.36542125344276
2.27607771754265
10.7019561588764
1.23881040811539
-4.27816103100776
8.30535886287689
7.09558179974556
2
7
11.9793141484261
-5.70522656440735
-1.85671724677086
-13.6792099237442
1.61620477437973
-6.50445796847344
4.21362101435661
7
2.40118260383607
0.838352215290071
-0.427118116617208
-0.843267494440073
1.91180072426796
-0.480963522195815
7.05407314896583
|Explorer2Genome 30
3
6
8
-7.08505178689956
-4.84569418430328
-2.65098902583122
-1.1372815310955
-9.65251228213309
-5.01164036989212
1.16478680968284
-0.0701137781143188
8
1.32281626462937
7.42083810567855
-5.62764937877655
1.28343284130096
-0.34413792490959
-4.70686632990837
-0.00904141068458723
-0.726996105909349
8
9.0566149532795
6.95818669199944
-2.41394872069359
-1.66618766188621
-0.650724029541016
2.48382650613785
2.24151717424393
-6.04780077934264
8
12.1616062939167
1.45529156923294
3.57090939879417
-8.20780943632126
-0.737739193439484
-4.04612486362457
0.884031838178636
-5.16616942286491
8
-2.85983412265778
4.68503884673119
0.561601144075394
11.3450528085232
0.563609862327574
-6.6675048828125
-3.18613123297692
-0.458881992101668
8
2.00427851080894
3.25768250226975
5.13933242559433
7.24524136185646
0.657044410705568
1.41452574133873
2.8780375957489
-2.55607334971428
6
7
3.78636744618415
5.72845349907875
4.08461417555809
-4.76202654838562
11.6674702048302
5.92060163021089
-9.45061160922051
7
8.09790487885475
0.0726184070110308
-3.87131952047348
7.32021241784095
-0.465458661317826
-0.632783436775207
6.66540147066116
7
-0.540554213523867
-0.345617747306823
-1.46942617893219
-1.27543503046036
2.50345091223717
3.50195715427399
9.14890240430832
7
0.800216209888457
-0.536791902780533
10.9467471182346
0.896089571714401
-7.11838754415512
-5.25534559488297
4.69227913022042
7
-4.60954647064209
-13.2616495132446
-3.37906759381294
5.88373119831085
9.33795363306999
-8.1755181670189
-1.30766507983208
7
-2.5855061352253
2.73593079447746
10.6786589205265
1.92616078257561
-4.63986249566078
7.75898741483688
7.42774541974068
2
7
11.8198158383369
-5.67119934558868
-1.52331151366234
-13.2579852342606
1.39131985902786
-6.23289587497711
2.77857345938682
7
2.96020615696908
1.05192412734032
-0.96977418661118
0.231283175945287
-0.383276748657226
0.11976741552353
7.78483681082725
|Explorer2Genome 30
3
6
8
-7.54537020921707
-1.88117312192917
-4.82779061198235
2.38347076177598
-8.60128796100616
-5.0708688735962
3.80583258867264
-0.0801117658615111
8
6.356559497118
8.58163896203041
-5.86275941133499
3.39657098054886
1.13537495136261
-4.8366546690464
1.98682747483253
-0.792166650295259
8
9.28713957071305
6.0170151412487
-2.05860967040062
-1.47335820198059
-0.902298980951309
1.86334866285324
2.77393559217453
-5.86485559940337
8
12.0618842661381
1.04486799240112
3.57090939879417
-7.43674894571304
-0.504687058925629
-4.05924043655395
0.482373166084291
-5.06195716261863
8
-2.85983412265778
5.09450349807739
1.91701332330704
10.831432813406
0.412424325942992
-6.30377396941185
-2.46656693816185
-1.23863098025322
8
1.93230763673782
2.5117512524128
5.0604797899723
8.20032606720924
0.918022561073305
1.55366753339768
1.90798040628433
-1.63483406305313
6
7
3.68520605564117
4.17424900531769
5.28798066973686
-4.02423020601273
13.867238420248
5.12853420376779
-8.32259950637818
7
7.97015594840049
1.59882907867432
-6.22235043048859
5.51414270401001
1.43408875465393
0.567147183418274
5.26338953971863
7
3.18643225431442
-0.658517688512802
-3.63831850290298
-2.61788255572319
3.14053023457528
2.20518287420273
7.94665229916573
7
1.80999044179916
-0.375452399253845
10.9932633638382
0.649476903676987
-8.41077848672867
-4.69049698114395
4.43315277695656
7
-5.38224970698357
-14.2376882612705
-5.40880022644997
6.07953152656555
8.57490139603614
-8.09611011743546
-1.82139406204224
7
3.61484423875809
3.42086725234985
10.2010505497456
-0.530752223730088
-4.56043756604194
7.20098707079887
5.83538292646408
2
7
11.1450549125671
-4.42148978710174
-1.00030432343483
-12.5010064125061
1.57343407273292
-6.53902030587197
4.52638950943946
7
2.46163280010224
0.819773483276368
-1.16187278032303
0.410679399967199
0.124411273002625
0.28024355173111
7.74044476747513
|Explorer2Genome 30
3
6
8
-5.92564433813095
-2.35974571108818
-4.81965270042419
0.113500213623052
-10.2862064599991
-4.33397384285927
3.18473181128502
-0.859055608510971
8
1.32281626462937
7.92780829668045
-5.7733235836029
0.90265600681305
-0.34413792490959
-4.70686632990837
-0.46896136403084
-0.726996105909349
8
9.31961956620217
6.10594201087952
-2.63153473734856
-1.2660160779953
0.163331341743469
2.48382650613785
2.10198937654495
-6.58672952651977
8
12.8332646906376
1.64280340671539
3.57090939879417
-8.54278165102005
-0.504687058925629
-3.56102647781372
0.948143053054811
-5.69162525534629
8
-3.42466328144074
4.88587858080864
-0.115058320760727
10.427687972784
0.967496037483214
-6.41347531676292
-2.13205685019493
-1.29425491690636
8
1.76643391251564
3.3847970366478
3.78073607087135
8.14325450658798
1.95224300026894
2.40818835496903
3.97955179810524
-2.21047574281692
6
7
6.0391750216484
4.61964864134788
5.23848359584808
-4.10561321973801
11.2037811219692
7.35523292422296
-8.93902471065521
7
8.09790487885475
-0.0372823536396039
-3.87131952047348
7.32021241784095
-0.465458661317826
-0.632783436775207
6.34289258718491
7
-0.131521683931353
1.35893965363503
0.45345175266266
-1.31788948178292
2.88656995892525
4.74586761593819
10.2895429730415
7
-0.267622858285905
-0.225851726531982
11.2757686197758
0.978995704650879
-9.03740307688713
-6.38669191598892
5.07802545428276
7
-5.92754448056221
-13.8977681219578
-5.11043415665626
5.78356120586395
8.69828286767006
-8.68771909475327
-2.21679437160492
7
2.17094462513924
5.01003931164742
11.0776550889015
0.0417566895484915
-4.04055661559105
7.32651931643485
7.32616474628449
2
7
12.3181970238686
-5.67119934558868
-1.34023839235306
-13.2579852342606
1.69875580072403
-6.23289587497711
3.29318737387657
7
1.34683792591096
0.964871138334275
-0.427118116617208
-0.56598766446113
1.5540906727314
-0.600396782159804
7.05407314896583
|Explorer2Genome 30
3
6
8
-6.15748599171638
-1.32284147143364
-5.61514663100243
-0.0976834774017284
-11.1026275396347
-3.85714552998543
2.70302085876465
-1.71631217598915
8
5.78707035779953
5.36133179068565
-7.19482356905937
3.15848541259766
-1.15892412662506
-4.57837451696396
0.369641530513762
-0.402124768495561
8
8.5144708454609
7.75474245548248
-2.54692091345787
-1.36200547218323
-0.634345227479935
1.44032660722733
2.14907201528549
-6.2532267153263
8
12.1258926272392
0.304440796375274
2.36166436076164
-7.11905861496925
-0.977246868610382
-4.15514205098152
0.080047267675401
-7.16435668468475
8
-0.985665231943131
4.72016689777374
1.26135390996933
12.1372458875179
1.63978820443153
-7.29875848293305
-3.43471668362618
-0.421939927339553
8
1.63118976354599
2.61601229310036
4.93330245614052
9.57895796895027
2.59176104068756
1.29074426293373
3.16201107501984
-0.919841039180755
6
7
5.51821353435516
3.05442429184914
5.40003413558006
-3.71994067430496
13.3481695353985
5.6424449324608
-6.87921451926232
7
8.09790487885475
-0.0372823536396039
-4.07983494997024
7.32021241784095
-0.465458661317826
-0.632783436775207
6.34289258718491
7
-0.500743991136553
0.387636238336563
1.2573320388794
-1.70409038662911
3.33302715420723
4.22057350277901
9.92499428987503
7
-0.351518172025682
0.389344400167465
12.1236337542534
1.24248597621918
-7.90490406751633
-6.38476008176804
5.56665831208229
7
-4.77695234417916
-13.8812581777573
-3.94400327205658
6.09734495282173
8.33187035322189
-9.16631087064744
-1.44022925496101
7
1.20217477083206
5.10815373063087
12.0709878623486
0.126208955049514
-4.29595176577568
6.40760035514831
5.87777227163315
2
7
12.3181970238686
-5.67119934558868
-1.52331151366234
-13.2579852342606
1.69875580072403
-6.6748229265213
3.29318737387657
7
1.22533714771272
0.75822390317917
-1.75109602212906
0.184581589698797
1.28710703849793
1.24158102273941
6.53048027157783
|Explorer2Genome 30
3
6
8
-7.21439205408096
-2.66505001187325
-4.1023086309433
1.73679753541947
-9.87853808403015
-5.11862526535988
2.9343247115612
-1.3209537088871
8
3.06049991250038
7.93072603940963
-4.39013621807098
2.06106667518616
-0.963706320524214
-5.34832273125649
1.07162319421768
-2.23424093127251
8
9.81812720894814
6.60061527490616
-0.428759372234344
-1.191028881073
-1.08432235717773
1.5173230111599
2.87153656482696
-5.98745706677436
8
12.1258926272392
-0.00228568315506014
1.94537307620048
-7.37952741384506
-0.442156970500946
-4.8191062271595
0.712020987272264
-7.05140392780303
8
-2.90240120887756
5.66110570430756
-0.12630877494812
11.339771002531
0.725983285903929
-7.01022539138794
-2.77798191905022
0.187489968538285
8
1.76643391251564
3.3847970366478
3.78073607087135
8.14325450658798
1.95224300026894
2.40818835496903
3.80653259754181
-2.21047574281692
6
7
3.98673815131187
1.13018667697906
3.3435224533081
-5.5728652536869
12.0960437893868
7.13967435359956
-9.71853258609771
7
9.0379453420639
1.79468546509743
-5.97454035282135
4.81411390304565
0.742982697486877
-1.09582104682922
6.35579154491425
7
-0.131521683931353
0.743812692165375
0.14048965573311
-1.31788948178292
2.88656995892525
4.74586761593819
10.1039255440235
7
-0.468401616811753
0.241394537687302
11.4051942884922
1.51721405982971
-8.075969851017
-6.79182115197182
4.57209656834603
7
-5.06489792466164
-14.1215254366398
-3.12836809754372
5.98847589492798
8.32391291856765
-8.1755181670189
-1.40603804588318
7
1.36183274388313
5.01003931164742
11.6558942914009
0.633089077472686
-3.91466051936149
7.7730858027935
7.32616474628449
2
7
10.8545479297638
-4.93110613822937
-1.61258526444436
-13.5413033246994
0.260020118951797
-7.83303537964821
4.0897499859333
7
1.35705878734589
0.964871138334275
-0.999085527658467
-0.56598766446113
1.55867431759834
-0.107734638452529
7.05407314896583
|Explorer2Genome 30
3
6
8
-5.92564433813095
-2.35974571108818
-5.12306656241417
-0.163043707609172
-10.7283609628677
-4.22284205555916
2.86916140913963
-0.909381932020187
8
2.78255151510239
6.91712304353714
-5.59932746887207
1.27298574447632
-1.84179174304008
-4.60210976004601
0.382284086942671
-1.16252219080925
8
9.69757578969002
6.60061527490616
-0.428759372234344
-1.191028881073
-1.08432235717773
2.02111567854881
2.87153656482696
-5.98745706677436
8
12.1258926272392
-0.00228568315506014
1.94537307620048
-7.37952741384506
-0.497829258441925
-4.8191062271595
0.712020987272264
-6.91108155250549
8
-2.60976076126099
5.12653822898865
0.0969816029071811
10.9736715018749
0.0640697479248032
-7.00190932750702
-2.48167752027512
0.187489968538285
8
1.63118976354599
2.61601229310036
5.07758577466011
9.57895796895027
2.77286048531532
0.219012218713761
3.12496376037598
-1.3275132060051
6
7
4.16564033031463
1.03135871887207
3.66919584274292
-5.5728652536869
12.0960437893868
7.13967435359956
-9.98737159371375
7
7.29323777556419
1.18914005160332
-6.20467494130135
6.917032289505
0.265969794988632
-0.268839573860168
5.70138790607452
7
-0.540134251117708
-0.598222202062606
-1.68334770798683
-1.96228588819504
1.8785525739193
4.32873914241791
9.57021893262863
7
-0.351518172025682
0.345175999403
12.1236337542534
1.17809157371521
-7.90490406751633
-6.38476008176804
5.56665831208229
7
-4.77695234417916
-13.8812581777573
-3.53224799633026
5.90680912137032
8.34713183641433
-9.11774679422379
-1.22956857681274
7
1.6884023308754
4.68537893891335
12.0709878623486
0.721142226457595
-3.87464053034782
6.75688390731811
5.87777227163315
2
7
10.8545479297638
-4.93110613822937
-1.61258526444436
-13.5413033246994
0.260020118951797
-7.83303537964821
4.0897499859333
7
3.24769678115845
1.17852659225464
-0.973078739643102
-0.278525936603541
0.196576571464539
0.8058709025383
6.51146503686905
