50
3110
|Explorer2Genome 30
3
6
8
-4.31306975483894
-3.4664816558361
-9.92158945202827
4.86064243912698
-11.589680325985
-10.3135884642601
-4.12880654335022
-0.324131792783737
8
8.56245686411858
8.38591178655624
-8.16573230624199
-1.40084396004677
2.79879527688026
-4.41543791890145
-6.46172172427178
-2.84039230942726
8
11.2376087427139
5.35733060836792
-1.75582396388054
-1.8440635561943
-0.297179359197616
1.67753489613533
1.70143318176269
-6.12580479979514
8
13.7374234199524
-3.86088362336159
5.17052819728852
-5.2235784471035
-2.70062130689621
-0.94866924881935
-1.07065832614898
-2.22297850251197
8
-5.90865172147751
5.85694719552994
7.06652811765671
12.268934160471
-0.691449362039567
-12.5908383727074
-0.413436770439152
-0.93348188996315
8
1.47664985656738
-1.16947211623192
8.20797521471977
10.6047899603844
3.09982407093048
-1.19726386070251
4.09728659391403
-2.31475859880447
6
7
2.56071526408195
8.67583056092263
7.3759427011013
-2.10950039625168
16.1285387814045
8.89644433259965
-8.12096589207649
7
4.86515933871269
-2.85323961377144
-3.73679150342942
3.5860367000103
2.07923111915588
2.95061579942703
7.85715401768684
7
3.9757851421833
-3.50775057673454
-0.657796454429623
2.21853608489036
0.301112675666816
-1.67115455269814
14.5886240959168
7
0.189743077754973
-4.88340184092522
12.7315301954746
-4.6178793489933
-5.89260228872299
-6.20831439495087
7.43730193972589
7
-4.4041805446148
-15.3283600270748
0.444653904438017
3.64276239275932
5.04376591444016
-18.0101463675499
-1.53666900992393
7
7.85693455338478
2.63300029039383
2.60970470309258
0.793327158689497
-13.8696796178818
4.79614625573157
5.85184224843979
2
7
5.63419592380523
-8.97141463756561
3.45351037979126
-13.6461436331272
7.81223650574684
-6.72030802369118
9.55976885557175
7
6.31411269307137
-5.13763400316238
4.46633199453354
-1.90615128874778
-1.34003683328628
0.18845989704132
10.4749792277813
|Explorer2Genome 30
3
6
8
-4.03018861413001
-3.48198782801628
-9.82198858857154
4.87302795052529
-12.1300698399544
-10.1612926363945
-3.92907037734985
0.0933915197849273
8
8.56245686411858
8.38591178655624
-8.32312231063843
-1.40084396004677
2.79879527688026
-4.41543791890145
-6.01166335940361
-2.84039230942726
8
11.2376087427139
5.78369555473328
-1.75582396388054
-1.61354514360428
-0.297179359197616
1.67753489613533
1.70143318176269
-5.72585324645041
8
13.7789353072643
-3.46471695303917
3.67962464094162
-6.74189042448997
-1.30787025690079
-1.04619780182838
-1.71744247078895
-2.08008776903152
8
-5.90865172147751
5.85694719552994
7.06652811765671
12.268934160471
-0.691449362039567
-12.5908383727074
-0.413436770439152
-0.93348188996315
8
1.48941967487335
-1.28106717467308
8.23861061930656
10.6047899603844
2.86475886702538
-1.19726386070251
4.09728659391403
-2.31475859880447
6
7
2.56071526408195
8.67583056092263
7.3759427011013
-2.48147715330124
15.8874465465546
8.410815012455
-8.7115200817585
7
4.01165832877159
-2.85323961377144
-3.33424414396286
3.69604347944259
1.35634124279022
2.99884399175644
7.83403904438018
7
3.60591003894806
-1.582210034132
-3.26444696187973
3.18186901211738
1.27835584282876
0.481014931201933
14.9620173275471
7
-0.152674663066865
-5.03355479836464
14.451218098402
-6.49230857491493
-6.65251516103745
-8.30649321079254
9.0486542403698
7
-4.4041805446148
-15.3283600270748
0.444653904438017
4.20689961314201
5.04376591444016
-18.0101463675499
-1.53666900992393
7
8.26088510155678
0.499400365352631
4.11916510462762
0.519354814290999
-11.8054057300091
3.85119464993476
5.4486733853817
2
7
5.63419592380523
-8.97141463756561
3.45351037979126
-13.6461436331272
7.81223650574684
-6.72312462925911
9.60764199495315
7
5.15804100036622
-3.72265954613685
3.96503193974495
-2.05744194984435
-2.65979573130608
0.385665774345397
10.7798673033714
|Explorer2Genome 30
3
6
8
-3.48960717916488
-4.33868771195411
-10.4472002267838
7.73574612736703
-12.8417259633541
-8.82776649594307
-4.59971985220909
-0.389466613531113
8
6.00533120036126
6.88000776171684
-6.45074138045311
-1.18372842073441
3.71474134922028
-4.89403813481331
-5.60396029353142
-2.22202101945877
8
11.654131269455
5.9129382610321
-2.28146747946739
-2.1912898182869
0.419307279586793
2.00767915248871
1.743576836586
-5.70164836645125
8
14.0334472596645
-2.46864610910416
3.08360952734947
-6.26195232272148
-1.36199351549149
-1.90868406891823
0.632351636886599
-2.78549550771713
8
-5.90865172147751
5.11803659200668
7.99435335397721
11.9590153336525
-0.297330862283708
-12.9658131957054
-0.379757308959965
-0.695567965507507
8
0.864817237854
-0.267193382978436
7.37008787989616
10.4334466934204
2.38026252985001
-2.09146864414215
5.08116452693939
-2.30734797716141
6
7
4.22274629473686
9.92656665444374
4.49462000727653
-2.5982628762722
17.3451559960842
9.10291091203691
-9.56206651329994
7
3.82931095957756
-3.01835547089577
-3.42662829160691
2.9625273168087
0.920424771308897
3.13600620627403
7.37450218200683
7
4.44525690674782
-1.582210034132
-3.35868655443191
3.18186901211738
0.149960792064673
0.481014931201933
15.3164946377277
7
0.130635774135589
-4.29732424020767
13.1249907314777
-6.81521056294441
-6.35291913747788
-6.86990393996239
8.04871087670327
7
-3.85681104660035
-15.3309345543385
2.64532089233398
4.21525923609734
7.28206374049187
-18.5584731459618
-1.31124464869499
7
7.48277197480202
2.549145424366
2.83148197531701
0.3306194961071
-13.0011079013348
3.8693656682968
5.70100412964821
2
7
4.3090681374073
-9.11537380218505
4.72923464775085
-14.1107302546501
6.06125553846359
-7.08000378608704
10.0086755514145
7
6.08355780243874
-5.02926067113876
3.76746585965156
-0.675679427385324
-0.221872711181639
-0.692107874155045
12.0413844645023
|Explorer2Genome 30
3
6
8
-4.45461578965186
-3.73193782567978
-8.7810908794403
4.51115827560426
-12.8890246272087
-10.1686024069786
-4.32350559234619
-0.145993721485138
8
6.82438207864762
7.4499850988388
-6.84948974847794
-2.10115040540695
3.53068854212761
-4.83551033139229
-4.34582062363625
-2.21156197786331
8
11.6321206331253
6.07657675743103
-1.87633046507835
-1.84240416288376
-0.297179359197616
2.07709406018257
1.70143318176269
-5.25549286603927
8
14.0334472596645
-2.96742562055588
3.62946838736534
-6.36198527216911
-1.25204676389694
-1.90868406891823
0.340600985288623
-2.472561109066
8
-5.90865172147751
5.11803659200668
7.41348687410355
11.6380605757236
-0.691449362039567
-12.8811139702797
-0.379757308959965
-0.695567965507507
8
2.3813065290451
-0.168038839101788
8.05305330753326
10.4900109231472
1.4019614815712
-1.01830024123192
4.80667197704315
-2.7785030245781
6
7
4.73460618853569
9.41556463837624
5.01350256800651
-2.74647709727288
17.7168161809445
8.18252998590471
-8.98310604691506
7
4.01165832877159
-2.85323961377144
-3.73679150342942
4.10864030718803
1.35634124279022
2.95061579942703
8.05981107354164
7
2.81817645430565
-2.07953914999962
-1.90639019608497
2.06491968035698
-1.10864676237106
-0.652095925807954
14.0219482183456
7
0.59565605521202
-4.3720437347889
13.5395045876503
-7.05360079407692
-7.45717364549637
-6.90683879852295
7.44395585656167
7
-4.6237012565136
-15.6079166054726
-0.0840667128562943
4.20689961314201
4.55938621759415
-18.2872938036919
-1.53666900992393
7
7.48277197480202
2.14506713151932
2.83148197531701
0.793327158689497
-13.0011079013348
4.06432986259459
5.70100412964821
2
7
5.63419592380523
-8.97141463756561
2.68839917182922
-13.1435777723789
6.85294101834297
-7.13155940175057
9.13224025964737
7
5.82484019994736
-4.23185795545578
3.53855054974556
-1.73618168830871
-2.07887553572655
1.12957122325897
11.3102148234844
|Explorer2Genome 30
3
6
8
-3.41405594944953
-3.48198782801628
-9.82198858857154
4.50251462459565
-12.1300698399544
-10.0068017601967
-3.98092155456543
-0.348794168233871
8
4.80790499448777
6.63888453841209
-6.23927696943283
-1.77010952234268
2.9716568171978
-5.24556952118874
-5.70706147551537
-1.71971093416214
8
11.1992095947266
5.44821772575378
-1.63584698438644
-2.1912898182869
-0.0910593032836908
1.93230328559876
1.743576836586
-5.4805935025215
8
12.0560036480427
-3.15671342015266
1.67597187757492
-6.70909115672112
1.56569945812225
-1.7646102309227
0.113854205608371
-2.77547668814659
8
-5.01751847863197
6.6013942360878
7.27757025957108
11.6647262573242
-0.444918143749238
-11.3629656434059
-0.877440369129185
-1.23164475560188
8
0.989650696516033
-1.11430016756057
9.13158122897148
11.4945208191872
1.80737730264664
-1.93655054569244
3.85109986066818
-1.83918264508247
6
7
3.19820746779441
9.46235829591751
7.48996889591217
-4.64561038017273
18.0900047421456
9.02786704897882
-8.52865484952927
7
2.85496014356613
-2.80246911644936
-4.20758069753647
4.40794371962547
2.35046263933182
2.95156658887863
7.06546599864959
7
2.64254226088524
-2.07953914999962
-1.90639019608497
1.83166382312774
-0.322251832485192
-1.10959695577622
14.5540174484253
7
0.130635774135589
-5.02031010389328
13.1249907314777
-6.81521056294441
-6.73050471544266
-7.08414990901947
8.61532796025277
7
-3.85681104660035
-15.1129107117653
2.91816157698631
4.71011936068535
6.47548472285271
-18.6964079976082
-0.816480940580367
7
8.74735270142555
0.578046613931656
4.03231031298638
-0.0347769081592578
-12.1064905405044
3.72721967697142
6.65378218889237
2
7
5.00969033241271
-9.43419876098632
3.81068613529205
-14.690538084507
6.50845760107041
-5.61658675670624
9.63738808631897
7
6.12321317195893
-5.39612292051315
3.68731051087379
-1.7310945034027
-2.72845577597618
0.259503030776977
11.3293654382229
|Explorer2Genome 30
3
6
8
-3.58684220910072
-3.48198782801628
-9.9077240049839
4.50251462459565
-12.1300698399544
-10.0068017601967
-3.82037627100945
-0.348794168233871
8
8.56245686411858
8.7675622344017
-7.95530628561974
-1.40084396004677
2.34856982827187
-4.23994436264039
-5.4325589120388
-2.84039230942726
8
11.1992095947266
5.62534607052803
-2.02816032171249
-2.1912898182869
-0.0910593032836908
1.93230328559876
1.743576836586
-4.76991098523139
8
12.0560036480427
-3.15671342015266
1.67597187757492
-6.70909115672112
1.56569945812225
-1.7646102309227
0.113854205608371
-2.77547668814659
8
-5.01751847863197
6.27611395120621
6.8872473359108
11.6647262573242
-0.779594743251802
-10.7908411622047
-0.877440369129185
-1.23164475560188
8
0.989650696516033
-0.879269081354138
9.41271213889122
11.4945208191872
1.80737730264664
-1.93655054569244
3.85109986066818
-2.30128377079964
6
7
3.06570140719413
9.46235829591751
7.48996889591217
-5.21097097396851
18.0900047421456
8.37742285132409
-7.76849952340126
7
2.58601347208023
-2.80246911644936
-4.20758069753647
4.14884425997734
2.35046263933182
2.95156658887863
6.943340498209
7
4.67345039844513
-1.33396180868149
-3.26444696187973
3.26140709519386
0.367308288812644
0.409242093563078
15.2641507208347
7
0.518499130010604
-4.94874722957611
13.8747914612293
-5.99817121624947
-6.5861066699028
-7.29846093058586
8.35501117110253
7
-4.69565469622612
-16.0850295186043
-0.0840667128562943
4.20689961314201
4.61211694478989
-17.3753573298454
-0.952357572317122
7
7.48277197480202
2.13677467107773
3.21681656241417
0.793327158689497
-12.6463319003582
4.09191441535949
5.85378559827805
2
7
5.00969033241271
-9.43419876098632
3.82975419163704
-14.690538084507
6.25569287538529
-5.61658675670624
9.08717131614685
7
5.88945432901383
-4.23185795545578
3.53855054974556
-2.16152210235595
-1.91616252660751
1.12957122325897
11.3102148234844
|Explorer2Genome 30
3
6
8
-3.067136657238
-4.40155561566353
-10.4472002267838
7.4152427494526
-13.0609937429428
-8.82776649594307
-4.59971985220909
-0.389466613531113
8
5.72164634466172
6.88000776171684
-6.45074138045311
-1.18372842073441
3.71474134922028
-5.43300150036812
-5.60396029353142
-2.22202101945877
8
11.2155707120895
5.9129382610321
-1.75302323698997
-2.1912898182869
0.419307279586793
1.93230328559876
1.743576836586
-5.70164836645125
8
12.6764574587345
-3.3511117041111
1.66698676347733
-6.9514798104763
1.17295033335686
-1.7646102309227
0.113854205608371
-2.5038834452629
8
-5.22773582339287
6.89399570226669
8.24187872409821
12.034254193306
-0.328075325489046
-12.3057353079319
-0.127725541591648
-1.50056045651436
8
1.18432469367981
-0.267193382978436
6.94910423159599
10.6804866552353
2.05602694749832
-1.75761258602142
5.36936044692993
-1.92552629709244
6
7
3.37716144919395
9.46235829591751
7.19973229765892
-4.49277483820916
18.5162631154061
8.48236245512964
-8.88035653829575
7
4.01165832877159
-2.99385402798653
-4.060291659832
3.42552179694176
1.4500602722168
2.95061579942703
8.40832588672638
7
3.48986136913299
-3.28368457555771
-2.66171264648437
1.99760243892669
-0.210995447635644
-1.85255397558212
13.1611773490906
7
-0.798914301395417
-4.69431170225144
13.1629612982273
-7.24456100463867
-5.27367604970932
-7.11906998157502
7.52520098686219
7
-3.85681104660035
-15.1129107117653
2.91816157698631
4.73135859370232
6.97464753985405
-18.5584731459618
-1.09291757345199
7
7.75677927732468
2.59213479757309
3.05655271410943
0.564070457220076
-13.7966822624206
4.00047090053557
5.15822530388832
2
7
4.83257482647895
-8.69575915336609
4.21915473937988
-14.1107302546501
6.06125553846359
-7.08000378608704
10.0086755514145
7
6.08355780243874
-5.02926067113876
4.21059268116951
-0.675679427385324
-0.221872711181639
-0.651439362764359
11.6648030340672
|Explorer2Genome 30
3
6
8
-4.73771222233772
-3.07150585055351
-9.76719248890876
3.80119185447694
-12.2691371738911
-11.001268517971
-4.44909627437592
-1.10275318026543
8
8.90957619547845
8.9274047255516
-7.94595980644226
-1.87024555802345
3.14315686821938
-3.59219489097596
-6.56553108096123
-3.02670891880989
8
11.1710120677948
6.54782055020332
-2.11755232214928
-1.65738137960434
-0.0333934009075159
1.67753489613533
1.38893501758575
-5.52289356589316
8
13.7789353072643
-2.93334802985191
3.9172267138958
-6.51974345445633
-1.70223459005356
-1.19701879024505
-2.70533202290535
-1.8594720184803
8
-5.90865172147751
5.1293953537941
6.978557741642
11.7015286505222
-0.691449362039567
-12.5908383727074
-0.610065239667897
-1.77361235618591
8
1.56911742091179
-0.242642748355862
9.1782043159008
10.342936193943
1.64953677654266
0.512983918190005
3.3948015332222
-2.22914350628853
6
7
3.51204966902732
9.42876724004745
6.5101204097271
-4.64561038017273
18.2570851027966
8.60635682940485
-8.94657648801804
7
3.22023760080337
-3.10113639831543
-3.48764017820359
4.06738001108169
0.913933467864989
2.54437936544418
7.57816300988197
7
3.53925802111626
-2.59915034174919
-1.11239855289459
1.46825341582298
-0.465703594684594
-1.12799292206764
14.8883397817612
7
-0.451948481798173
-3.88787181973457
12.7625385701656
-7.13410425782204
-7.45717364549637
-7.23649945259095
7.67989633679391
7
-3.92627713084221
-15.8792860448361
1.00531941652298
4.00734004378319
5.02025774717331
-18.6994942545891
-1.68298680186272
7
8.16726377606392
0.913069039583206
3.92904961109162
-0.324401980638506
-11.5087879419327
3.72150592803954
6.61201025247574
2
7
5.04810400009155
-9.88895342350006
3.48870403766632
-14.5375024139881
5.4408658862114
-5.7548520565033
9.98121357560158
7
6.31411269307137
-5.90594197511673
4.7232273042202
-2.41174733042716
-1.83599973917007
-0.437562966346741
10.2654851317406
|Explorer2Genome 30
3
6
8
-3.2972883760929
-2.63595244288444
-8.86600487828254
3.70973517894746
-11.4679016172886
-10.2307828962803
-4.01404111385346
-1.18119320273399
8
6.36573742628098
7.55749218463897
-6.82574919462204
-2.38581455349922
2.85859941840172
-4.66180647015572
-4.34511893987656
-2.21156197786331
8
11.0737087488175
6.55986288189888
-1.75582396388054
-1.65738137960434
-0.0491492867469781
1.46057329773903
1.91807942390442
-6.26560253500937
8
11.8103422701359
-2.12048434615135
1.78699759244919
-6.3532645881176
1.59811162948608
-1.44337645173073
-0.547033083438871
-2.80127331614494
8
-4.9304473221302
6.43598362207413
7.50674340128899
11.7665305376053
-0.260597455501558
-11.7965378820896
-0.405367952585224
-1.46148939728737
8
0.936204481124874
-1.25593323111534
7.93585357666016
9.89424638152122
2.46075884103775
-1.89525101780891
4.57449603080749
-2.5737135052681
6
7
3.40663592219352
9.06026111841202
6.91942521929741
-5.42982399463654
18.1792231678963
8.79234241843225
-8.10647114515305
7
3.5893980383873
-2.70317625999451
-2.92017651796341
3.98014726042747
1.40282485485077
3.18043483495712
7.52523515820503
7
3.98327353000641
-3.14908167123794
-2.60339684486389
1.52407066822052
-0.0576838314533168
-0.996954423189165
14.1099019289017
7
-0.0452412486076364
-5.71063141822815
13.1000989019871
-4.47743911743164
-5.96176394224167
-7.60718410015106
8.09798566699029
7
-4.27838141918183
-16.0682599723339
2.44229862689972
4.26767326593399
6.39091874957085
-17.9625150024891
0.0861797392368328
7
7.73721240162849
0.760542559623718
4.78257080912591
0.585362619161604
-12.1736682891846
4.14992365837096
6.13664122223854
2
7
5.9807290315628
-9.52512085437774
5.18028770089149
-15.4609497666359
7.05961207151413
-5.88085415363312
8.91970162391663
7
6.95899649262429
-5.77312527894973
4.70125938653946
-0.253915506601327
-0.156692099571227
1.08300728797913
11.1227588474751
|Explorer2Genome 30
3
6
8
-3.91825359463691
-3.75772286653518
-9.92158945202827
4.37780311703683
-11.7728761315346
-10.1298865437508
-4.54980657100678
-0.324131792783737
8
6.11024426817894
6.75030958056449
-5.85718456506729
-1.9714906513691
3.65672981739044
-5.32392982840538
-4.98993205428124
-1.29796350002289
8
11.5577881813049
6.07657675743103
-1.87633046507835
-2.1898712515831
-0.297179359197616
2.07709406018257
1.70143318176269
-5.44779292941092
8
13.7623443067074
-2.47503455877304
3.70741488337517
-6.36198527216911
-1.25204676389694
-2.50038338303566
0.340600985288623
-2.472561109066
8
-5.90865172147751
5.11803659200668
6.978557741642
12.0396855413914
-0.691449362039567
-12.8811139702797
-0.413856339454655
-0.695567965507507
8
2.15648999214172
-0.168038839101788
8.05305330753326
10.8330618798733
1.86708670854568
-1.85666706562042
4.38971459269523
-2.83877855539322
6
7
3.01497032046318
8.5391367316246
7.19973229765892
-4.93583376407624
18.1792231678963
8.83094927668573
-8.63659981489182
7
3.17261515855789
-2.79187603592873
-2.86284964680672
3.88261929750442
1.73404233455658
2.91895005106926
7.82109885215759
7
3.98327353000641
-2.84053372144699
-2.85945475101471
1.56843140125274
0.257490873336799
-1.00670099854469
12.8464217662811
7
-0.214180433750154
-4.44810495972633
13.9808001577854
-5.75609634518623
-7.3706612110138
-6.43301021456719
8.41562371253968
7
-4.4041805446148
-16.4684859871864
0.0334740519523605
3.78356449007988
4.8106449007988
-18.1634942650795
-1.53666900992393
7
7.44259441494942
1.28421822786331
3.82323827147484
0.634637016057966
-12.1064905405044
5.04737203717231
5.85973346829415
2
7
5.63419592380523
-8.77798025012016
3.12767262458801
-12.5881984293461
7.73039200901985
-6.72312462925911
9.10821317434311
7
5.99245224595071
-4.95852009057998
2.94060755372047
-2.78859410285949
-1.66929385066032
0.823836731910705
11.3558293998241
|Explorer2Genome 30
3
6
8
-3.67919039726257
-3.52038511633873
-9.48500850796699
4.11389270424844
-11.0239417910576
-10.0387490868568
-4.10828878879547
-0.564396566152573
8
4.43504174947739
6.96349205374717
-6.23927696943283
-1.77010952234268
2.9716568171978
-5.24556952118874
-5.70706147551537
-1.71971093416214
8
11.5577881813049
5.54689769744873
-1.3473896920681
-2.611396920681
-0.153363817930221
2.07709406018257
1.23836631774902
-4.94484526515006
8
13.3279853761196
-2.96742562055588
3.43290674090386
-6.86992213129997
-1.25204676389694
-1.90868406891823
0.76709939837456
-2.55003646612167
8
-5.90865172147751
5.11803659200668
7.41348687410355
11.8696129441261
-0.691449362039567
-12.8811139702797
-0.379757308959965
-0.695567965507507
8
2.2539876461029
-0.168038839101788
8.57495410442352
10.6121389091015
1.4019614815712
-1.82272117137909
4.61404876112938
-2.74754682779312
6
7
3.66046487689018
9.41556463837624
5.01350256800651
-2.74647709727288
17.5309862315655
8.66860104799272
-9.68560841679573
7
4.01165832877159
-2.85323961377144
-3.88187175989151
3.5860367000103
1.35634124279022
2.95061579942703
8.05981107354164
7
3.14899038672447
-2.63793715834617
-1.90639019608497
1.83166382312774
-0.322251832485192
-1.10959695577622
14.5540174484253
7
0.130635774135589
-4.62949994802475
13.1249907314777
-6.81521056294441
-6.73050471544266
-6.73656051158905
8.61532796025277
7
-3.85681104660035
-14.7111939072609
2.91816157698631
4.71011936068535
6.47548472285271
-18.6964079976082
-0.677249759435653
7
8.66322559118271
0.578046613931656
3.02277275919915
-0.0347769081592578
-12.1064905405044
3.72721967697142
6.65378218889237
2
7
6.2142896413803
-8.97141463756561
3.37784174084663
-12.5619416773319
7.16634791493416
-7.13155940175057
9.13224025964737
7
6.11241853237153
-5.39612292051315
3.6054153740406
-1.7310945034027
-2.72845577597618
0.259503030776977
11.3293654382229
|Explorer2Genome 30
3
6
8
-3.58415812253951
-4.19000435471534
-10.4472002267838
7.4152427494526
-12.9799454689026
-8.65331292152405
-4.59971985220909
-0.516571062803268
8
7.9046681880951
8.62509521842003
-8.60102178454399
-2.10639446377754
2.43899546265602
-3.26113319396973
-6.00416805148125
-2.84039230942726
8
12.6635711193085
5.72970004081726
-1.93610889315605
-1.57785130739212
-0.531152296066284
1.86917186379433
2.22241133451462
-5.52814313173293
8
13.6874022424221
-4.14457682967186
3.72782821059227
-7.22984890341759
-1.36765828728676
-2.0254365503788
-0.967860823869703
-1.73119510412216
8
-5.5741859972477
6.22991057634354
7.27757025957108
11.6647262573242
-0.600959765911104
-10.976210129261
-0.877440369129185
-1.23164475560188
8
0.930737638473507
-0.918960803747174
8.33158433437347
9.40904321074485
1.82286659479141
0.0145822763443018
5.08762800693512
-1.82069491147995
6
7
4.77057768702506
9.41556463837624
5.01350256800651
-3.12462164759636
17.7168161809445
9.14989742040636
-9.56206651329994
7
4.01165832877159
-3.15426636338234
-4.060291659832
3.42552179694176
1.4500602722168
2.95061579942703
7.23515584468841
7
4.2550276517868
-2.5317922770977
-3.17116253972053
3.10900111794472
0.529040557146079
0.481014931201933
15.8577987492085
7
-0.207768166065217
-5.42217410802841
13.1249907314777
-6.81521056294441
-6.35291913747788
-7.3292307317257
8.04871087670327
7
-3.91696228384972
-15.0752751529217
2.04292474985123
4.86515869498253
4.39465495347977
-17.5556209445
0.550562155246736
7
7.02600751519203
0.677473294734955
2.62201218008996
-0.516868948936464
-11.4442455530167
3.72385624051093
6.01299422979355
2
7
5.63419592380523
-8.95556650161743
2.50506889820098
-12.6899956285954
7.73039200901985
-6.82090416550637
9.13224025964737
7
7.08357385396958
-3.7589055776596
3.32111352086067
-2.19523566365241
-1.08761247992515
0.259992855787277
11.9455677688122
|Explorer2Genome 30
3
6
8
-3.71082714200019
-3.97311898469925
-9.59768090248108
4.98347350358964
-12.1300698399544
-9.88275467157364
-3.73876621723175
0.305512392520905
8
8.90957619547845
8.9274047255516
-8.49154801368713
-1.40084396004677
2.870422488451
-3.59219489097596
-6.56553108096123
-3.82861245274544
8
11.2376087427139
6.21272253990173
-2.16296619772911
-1.46327534914017
-0.297179359197616
2.20340121388436
1.53371379375458
-5.86891633868216
8
13.7789353072643
-2.93334802985191
3.9172267138958
-6.74189042448997
-1.70223459005356
-0.788394904136656
-2.70533202290535
-1.8594720184803
8
-5.90865172147751
5.1293953537941
6.978557741642
11.7015286505222
-0.691449362039567
-12.1092960238457
-0.610065239667897
-1.23133463859558
8
0.330070251226421
-1.01864422559738
9.13158122897148
11.6501367211342
2.41191138029098
-1.10423140525818
2.91891349554062
-2.81764391064644
6
7
3.35087823271751
9.65928577780724
8.51929142475128
-4.29247674942017
17.4907272934914
9.02786704897882
-9.27510975599289
7
2.90627364516258
-2.74302474856377
-3.26409150362015
2.98124507665634
2.27066967487335
2.79282600283623
7.47444293498993
7
3.53925802111626
-3.17944962382316
-1.02508249282837
1.93774470686912
-0.465703594684594
-1.57106996178627
14.8883397817612
7
0.029454106092452
-3.64878458976746
12.54050604105
-7.45397348999977
-7.45717364549637
-7.39572117328644
7.85474181771279
7
-3.38250767588616
-15.8792860448361
1.00531941652298
4.40322508215904
4.6412694811821
-18.6994942545891
-2.13568517565727
7
7.27995990514755
0.50380140542984
3.80467838644982
0.217361253499983
-12.0569540739059
3.44131922721862
6.56442493200302
2
7
5.04810400009155
-9.33878972530364
3.48870403766632
-14.6767064154148
5.56467400789261
-5.7548520565033
9.98121357560158
7
6.31411269307137
-5.90594197511673
4.7232273042202
-2.41174733042716
-1.83599973917007
-0.437562966346741
10.2654851317406
|Explorer2Genome 30
3
6
8
-4.42278605103492
-3.97311898469925
-9.57940146923065
4.18927386403085
-11.659882748127
-9.88275467157364
-2.81203725337982
-0.311212986707687
8
6.59336504340172
7.55749218463897
-7.07668987512588
-1.98161352276802
2.97120849490166
-4.27198365330697
-4.34511893987656
-2.65923339128494
8
11.2969969272614
6.63065104484558
-2.30251037478447
-1.79599915742874
-0.700087922811508
1.97899378538132
1.53371379375458
-5.86891633868216
8
13.3454896867275
-3.67900614142418
3.72782821059227
-7.22984890341759
-1.51952565908432
-1.96948833465576
-1.31968133449554
-2.04652854204177
8
-4.94195993542671
6.50665725469589
7.14802049398423
13.1769506216049
0.0216581046581253
-12.1336182236671
0.105431073904033
-1.10231385827064
8
2.2539876461029
-0.168038839101788
8.05305330753326
10.599234265089
1.4019614815712
-1.5460886478424
4.61404876112938
-2.7785030245781
6
7
2.76210388541221
8.98147391080856
7.19973229765892
-4.70927314758301
18.6696055054665
8.79234241843225
-8.43933757543564
7
3.17261515855789
-2.33641749024391
-2.9820171892643
3.26155766248703
2.07987077236175
2.63750537633896
7.45463299751281
7
3.98327353000641
-2.84053372144699
-2.60339684486389
1.98436391353607
-0.0134686708450252
-1.00670099854469
12.5882766008377
7
-0.60800725221634
-5.14925322532654
12.7315301954746
-4.70764229893684
-6.4535470366478
-7.60718410015106
7.43730193972589
7
-4.23639830350876
-16.0850295186043
-0.0840667128562943
4.20689961314201
4.47074035406113
-18.2872938036919
-1.24740959405899
7
8.27191727757454
0.539119571447372
4.26586677432061
0.585362619161604
-12.1736682891846
4.22908322811126
6.13664122223854
2
7
5.63419592380523
-8.97141463756561
2.77523193359375
-13.1435777723789
7.15209994912148
-7.13155940175057
8.83045941591263
7
6.31411269307137
-6.41168786287307
4.72571539282798
-2.41174733042716
-1.83599973917007
0.370026278495788
10.2654851317406
|Explorer2Genome 30
3
6
8
-3.91825359463691
-3.52038511633873
-9.92158945202827
4.7874723315239
-11.589680325985
-10.0387490868568
-4.04289703369141
-0.324131792783737
8
5.37245849370957
6.70045731067657
-6.23927696943283
-1.71348245739937
2.9716568171978
-5.54311190247536
-5.29050833582878
-2.16219431161881
8
11.2376087427139
6.21272253990173
-2.30251037478447
-1.46327534914017
-0.297179359197616
1.67753489613533
1.84786541461944
-5.86891633868216
8
13.7789353072643
-2.93334802985191
3.9172267138958
-6.74189042448997
-1.70223459005356
-0.430279517173766
-2.70533202290535
-1.70705246925353
8
-5.90865172147751
5.11803659200668
7.41348687410355
11.8305576205254
-0.297330862283708
-12.8811139702797
-0.479030299186711
-0.695567965507507
8
2.2539876461029
-0.168038839101788
8.05305330753326
10.4900109231472
1.4019614815712
-1.26082670688629
4.61404876112938
-2.99984999895096
6
7
3.35087823271751
9.65928577780724
8.22536945343018
-4.29247674942017
17.4907272934914
9.02786704897882
-8.83822597265244
7
3.46325144171715
-2.74302474856377
-3.26409150362015
2.98124507665634
1.69527547359466
2.68434337973595
7.47444293498993
7
3.53925802111626
-3.17944962382316
-1.11239855289459
1.93774470686912
-0.465703594684594
-1.12799292206764
14.8883397817612
7
0.029454106092452
-3.88787181973457
12.9354775547981
-7.45397348999977
-7.45717364549637
-7.23649945259095
7.75354321599008
7
-3.85681104660035
-14.8852954685688
2.70244416594505
4.21525923609734
7.28206374049187
-18.5584731459618
-1.31124464869499
7
7.76602281332016
0.50380140542984
3.80467838644982
0.217361253499983
-12.0569540739059
3.44131922721862
6.56442493200302
2
7
5.04810400009155
-9.88895342350006
3.48870403766632
-14.5375024139881
5.56467400789261
-5.7548520565033
9.98121357560158
7
6.54987264275551
-5.02926067113876
4.21059268116951
-0.167141485214227
-1.27168595790863
-0.428190165758134
11.9124823451042
|Explorer2Genome 30
3
6
8
-3.67919039726257
-3.52038511633873
-9.48500850796699
4.11389270424844
-11.0239417910576
-10.5315558552742
-4.10828878879547
-0.564396566152573
8
5.74461156129837
7.09823915362357
-6.7272369325161
-1.58930953741074
3.69516344070435
-5.38253055214882
-5.60396029353142
-1.71971093416214
8
11.2376087427139
6.63065104484558
-2.30251037478447
-1.79599915742874
-0.700087922811508
1.9074947476387
1.53371379375458
-5.79067186713218
8
14.0334472596645
-2.96742562055588
3.62946838736534
-6.36198527216911
-1.25204676389694
-1.90868406891823
0.336096376180651
-2.472561109066
8
-5.90865172147751
5.11803659200668
7.41348687410355
11.2483602106571
-0.691449362039567
-12.7968878149986
-0.379757308959965
-0.695567965507507
8
2.2539876461029
-0.168038839101788
8.05305330753326
10.4900109231472
1.4019614815712
-1.5460886478424
4.61404876112938
-2.58439264893532
6
7
2.92360246181488
8.59578355550766
7.19973229765892
-4.70927314758301
18.6696055054665
8.79234241843225
-8.10647114515305
7
3.40733467936516
-2.7479738175869
-3.50262721776962
3.25785562396049
1.69527547359466
2.79001762270927
7.47444293498993
7
2.17348541617393
-1.51750344038009
-0.919088441133496
1.15950469374656
-2.28469463586807
-1.443503510952
14.2829352378845
7
-0.160908401012421
-4.62949994802475
13.1249907314777
-7.29197571873665
-6.73050471544266
-6.73656051158905
8.61532796025277
7
-3.85681104660035
-14.7111939072609
2.91816157698631
4.71011936068535
6.47548472285271
-18.6964079976082
-0.586827772855758
7
8.66322559118271
0.578046613931656
3.02277275919915
-0.0347769081592578
-12.1064905405044
3.72721967697142
6.65378218889237
2
7
5.63419592380523
-8.97141463756561
3.12767262458801
-13.1435777723789
7.0617250263691
-7.13155940175057
8.67538059949875
7
6.31411269307137
-5.90594197511673
4.68945357203483
-1.93397180438041
-1.83599973917007
0.370026278495788
9.81257046461106
|Explorer2Genome 30
3
6
8
-5.06872242093086
-4.12936409711837
-9.07604845166206
4.51115827560426
-12.30613899827
-9.72126644849777
-3.96635780334473
0.209804379940033
8
9.29605905413628
8.47413643598556
-7.94595980644226
-1.40084396004677
3.07894642949104
-3.85407841205597
-6.56553108096123
-3.34373586773873
8
11.2376087427139
6.21272253990173
-2.09342111349106
-1.46327534914017
-0.331897801160812
1.71714640259743
1.53371379375458
-5.86891633868216
8
13.7789353072643
-2.93334802985191
3.75402387976647
-6.74189042448997
-1.70223459005356
-0.788394904136656
-2.70533202290535
-1.8594720184803
8
-5.90865172147751
5.1293953537941
7.48463693857193
11.7015286505222
-0.691449362039567
-12.5908383727074
-0.439061486721043
-1.23133463859558
8
0.690922635793682
-1.18522578477859
8.44194650650024
11.9960304439068
1.80737730264664
-2.23223648071289
4.68105672597885
-2.13625648021698
6
7
4.77057768702506
9.72246914505959
4.91132864356041
-3.12462164759636
17.7168161809445
9.04713183641435
-9.56206651329994
7
2.73699294328689
-2.51841996312141
-3.83581908941269
3.50151208639145
0.842776751518248
1.54108320474625
7.67807157635689
7
2.44970094561577
-2.18730912804603
-0.0246283829212156
1.149726074934
-1.89810734987258
-1.06448405981064
14.6068637609482
7
-0.813955986499787
-5.32957332730293
14.1089412808418
-5.27471026182175
-6.48671303391457
-8.695893740654
8.5798596084118
7
-3.38494784235955
-15.0752751529217
2.4206837773323
4.86515869498253
4.39465495347977
-17.9938319563866
0.243153822422029
7
7.76602281332016
0.50380140542984
3.80467838644982
0.217361253499983
-11.717697262764
3.44131922721862
6.56442493200302
2
7
6.02727658748626
-8.1737854719162
3.12767262458801
-12.6522029459476
7.16634791493416
-6.72312462925911
8.54087940454483
7
7.16328603029252
-3.7589055776596
3.32111352086067
-2.19523566365241
-0.997573155164717
0.209135383367538
11.9455677688122
|Explorer2Genome 30
3
6
8
-3.58684220910072
-3.48198782801628
-10.2969086706638
4.50251462459565
-12.3429566264152
-10.0068017601967
-3.9960776090622
0.0586260855197906
8
8.50189265608788
8.7675622344017
-7.95530628561974
-0.90224433541298
1.90070958733559
-4.23994436264039
-5.4325589120388
-3.13527987599373
8
11.1992095947266
5.44821772575378
-1.63584698438644
-2.1912898182869
-0.0910593032836908
1.93230328559876
1.743576836586
-5.33155201673507
8
12.0560036480427
-3.15671342015266
1.67597187757492
-5.89481598734856
1.9207164645195
-1.7646102309227
0.113854205608371
-2.77547668814659
8
-5.29589885473251
7.23733454942703
8.50106018781662
11.7107238888741
0.0411423146724687
-11.6347438156605
0.164847797155376
-2.14677627682686
8
0.989650696516033
-1.17638257741928
9.55370785593986
11.0621733307838
1.80737730264664
-1.93655054569244
3.85109986066818
-2.30128377079964
6
7
3.19820746779441
9.46235829591751
7.48996889591217
-4.64561038017273
18.0900047421456
9.02786704897882
-8.52865484952927
7
2.58601347208023
-2.80246911644936
-4.20758069753647
4.40794371962547
2.35046263933182
3.45055202245712
7.06546599864959
7
4.15950109958649
-1.81519209146499
-3.26444696187973
3.37476688623428
0.529040557146079
0.409242093563078
15.2641507208347
7
-0.101911389827729
-4.20654042363167
14.9584840834141
-5.97863765358925
-6.65154838562012
-6.46791498064995
7.52589049339295
7
-3.85681104660035
-15.1129107117653
2.91816157698631
4.71011936068535
6.12504760622978
-18.6964079976082
-0.816480940580367
7
8.36585803627968
0.578046613931656
4.03231031298638
-0.0347769081592578
-12.1064905405044
3.72721967697142
6.90021581053734
2
7
5.00969033241271
-8.83903176188469
3.6112548828125
-14.5844238162041
6.50845760107041
-5.61658675670624
9.63738808631897
7
5.82484019994736
-4.05242033600807
3.67821045517921
-1.73618168830871
-2.37438308596611
0.760087704658508
11.1090653836727
|Explorer2Genome 30
3
6
8
-4.51109066605567
-3.8121229827404
-9.82198858857154
3.98077783584596
-12.513123691082
-10.2354806423187
-3.73189475536347
-0.739231389760971
8
9.24424777030945
8.62509521842003
-7.15089842677116
-2.10639446377754
2.47101681828499
-3.60899844765664
-5.57792240977287
-2.82574144005776
8
12.1341893196106
6.56156570911408
-2.43128816485405
-1.77852524518967
-0.467934131622314
0.956975680589678
3.47050328850746
-5.70670964121818
8
13.6874022424221
-3.56708199381828
3.72782821059227
-6.66871053576469
-1.51952565908432
-1.80155165195465
-0.750824624300001
-2.04652854204177
8
-5.01751847863197
7.04926141500473
7.11982017755509
12.0408153057098
-0.378275638818742
-11.9771659016609
-0.702735596895222
-1.68019314408302
8
0.430150192975994
-0.924372392892834
8.78519045710564
12.5674818694591
1.80737730264664
-1.89088311195373
4.46982246637344
-1.74499898552895
6
7
3.86830825209617
9.80346740484238
6.7627593934536
-3.24615132212639
16.4439864099026
8.37620364427568
-8.67619630098343
7
2.72387372255325
-2.51841996312141
-3.9590557217598
3.07792948484421
1.39725894927978
1.35873376131058
7.76655007004738
7
3.98327353000641
-3.14908167123794
-2.60339684486389
1.52407066822052
0.238018035888678
-0.898627090454103
13.2841366052628
7
-0.39744007587433
-6.23578444719315
13.8661749899387
-6.46329043507576
-7.63515720367432
-7.7170592546463
8.59778584837914
7
-5.32998074889183
-14.0784537017346
3.30776244997978
5.22048344016075
4.35798779726029
-18.8036424994469
-1.40012656450272
7
5.77772718071938
0.890190780162811
3.88835892677308
-0.398313432931902
-12.2103225708008
3.54689626693725
4.847991335392
2
7
5.79894533753394
-10.3026455402374
3.64568951129913
-13.3270298540592
8.61830059289933
-6.34133885502816
10.113048350811
7
7.49167238473893
-3.00800902247429
3.74498565793037
-1.67088032364845
-1.18427013754845
0.23093380331993
12.1394097089768
|Explorer2Genome 30
3
6
8
-4.5284454524517
-1.27853178977966
-10.8347644090652
6.2796928703785
-14.0106103897095
-8.14931751489639
-6.36654525399208
2.67821188569069
8
4.80790499448777
6.62372505068778
-6.26704884767532
-1.80719810724258
2.9716568171978
-5.24556952118874
-5.70706147551537
-2.10486770868302
8
11.2376087427139
5.86956608295441
-2.1851128757
-1.20629261732101
-0.220386642217635
1.67753489613533
2.22772899270058
-5.64366170763968
8
14.3438632965088
-3.65375325083733
2.9679094016552
-6.83125483393669
-1.73183473348618
-2.2368589580059
-0.780555248260496
-2.63074041604995
8
-4.70379329323769
6.69885963201523
6.84193316698075
11.1380977630615
-0.462781083583833
-11.4532155394554
-0.654195910692219
-1.54206317067146
8
0.11097504496574
-1.01864422559738
9.13158122897148
11.6906920075417
2.5564497590065
-0.947300738096234
3.38492764234543
-2.81764391064644
6
7
3.19820746779441
9.46235829591751
7.48996889591217
-3.70401239395142
18.0900047421456
8.62518636584283
-8.52865484952927
7
3.11443983316421
-2.98785220980644
-3.63108464479447
3.41198937296867
1.84424114227295
2.44143530726433
7.64230523109436
7
3.53925802111626
-3.17944962382316
-1.11239855289459
2.33587536215782
-0.131207758188241
-1.24372459053993
14.5886240959168
7
0.130635774135589
-5.02031010389328
13.1249907314777
-6.81521056294441
-6.73050471544266
-7.31822385787964
8.61532796025277
7
-5.88376342654229
-14.0201119184494
3.02904937267303
4.5065214753151
4.98065046072006
-18.2216388165951
-1.77698251008987
7
7.80837074518204
0.640380775928497
3.80467838644982
0.0938501060008984
-12.0398235559463
3.44131922721862
6.84945756196976
2
7
4.99515039920806
-9.87743244171142
3.96447613239288
-14.5375024139881
6.04367862939835
-5.17087879180909
9.98121357560158
7
6.90688844919205
-3.16066782474517
3.9196597635746
-1.89532399773597
-1.55422121882439
-0.0271916210651404
11.9285906016827
|Explorer2Genome 30
3
6
8
-3.54868331551551
-3.48198782801628
-10.023246461153
4.26132259368897
-12.1300698399544
-10.0068017601967
-3.98092155456543
-0.348794168233871
8
8.07737714648247
8.38591178655624
-7.8162178516388
-1.40084396004677
2.94039939045906
-4.41543791890145
-5.43128868937492
-2.84039230942726
8
11.4285265743733
5.35280196666718
-1.63584698438644
-2.1912898182869
-0.0910593032836908
1.93230328559876
1.743576836586
-5.4805935025215
8
13.7902261018753
-4.14482977986336
5.16427716612816
-6.14242958426475
-2.37276781797409
-1.04471273422241
-1.07065832614898
-2.51352546811103
8
-5.15883992314339
6.6013942360878
7.41023646593094
11.6647262573242
-0.444918143749238
-11.3629656434059
-0.877440369129185
-1.23164475560188
8
1.3125328540802
-0.69341084361076
7.77127897143364
10.006513351202
2.49198898077011
-2.44527788758278
4.92539706230163
-2.89123088717461
6
7
4.22274629473686
9.41556463837624
5.48129155039787
-2.74647709727288
17.4351899564266
9.35667998194696
-9.93033280968666
7
2.85496014356613
-3.09747684597969
-4.11454845666886
4.40794371962547
2.35046263933182
2.95156658887863
7.06546599864959
7
2.64254226088524
-2.07953914999962
-1.90639019608497
1.83166382312774
-0.322251832485192
-1.35501786470413
14.5540174484253
7
0.518499130010604
-4.65375351905823
13.8223687231541
-6.22605333924294
-6.5861066699028
-7.29846093058586
8.35501117110253
7
-4.5942031800747
-16.0850295186043
-0.0840667128562943
4.20689961314201
4.61211694478989
-18.2872938036919
-1.53666900992393
7
7.48277197480202
2.14506713151932
2.83148197531701
0.793327158689497
-13.0011079013348
4.06432986259459
5.70100412964821
2
7
5.00969033241271
-9.43419876098632
3.81068613529205
-14.690538084507
6.50845760107041
-5.61658675670624
9.12462511062622
7
5.52564504146577
-5.39612292051315
3.68731051087379
-1.90396494865417
-2.72845577597618
0.259503030776977
11.3293654382229
|Explorer2Genome 30
3
6
8
-4.42905038595199
-4.31757354140281
-9.39597098827362
6.0821652173996
-12.9527955412865
-8.15329573154449
-3.82217108011246
0.321581774950027
8
6.40941323041916
5.95470646619796
-8.17158767580986
-1.40979501008988
4.76208510398865
-5.41623089909554
-6.34330913424492
-1.14535937905312
8
11.2376087427139
7.150452709198
-2.30251037478447
-1.4321737408638
-0.742188090085983
1.9074947476387
1.30141582489014
-5.33460342288016
8
13.9701385974884
-3.9715410888195
2.74756931066513
-6.83125483393669
-1.19687165021896
-2.38277175426483
-1.14143257737159
-2.35404797196388
8
-5.90865172147751
5.11803659200668
7.90812956094742
11.2483602106571
-0.691449362039567
-12.7968878149986
-0.379757308959965
-0.695567965507507
8
0.181581729650494
-1.93158772587776
8.78519045710564
12.4506209552288
1.82562131285667
-1.30656073093414
5.39578472971916
-1.74499898552895
6
7
2.76210388541221
8.98147391080856
7.19973229765892
-5.18735165596009
18.6696055054665
8.79234241843225
-7.57599014043808
7
3.40733467936516
-2.7479738175869
-3.26409150362015
2.98124507665634
2.12716906070709
2.79001762270927
7.47444293498993
7
3.81969389915466
-1.582210034132
-3.26444696187973
3.06506267189979
0.926106679439551
-0.201165807247164
15.3164946377277
7
0.217861855030059
-4.65375351905823
13.8747914612293
-5.64049027562141
-6.5861066699028
-7.93611326217652
8.35501117110253
7
-5.08050612807274
-15.2195450782776
3.12597712874412
4.4895570397377
4.76896930932999
-18.7427134215832
-2.04433709383011
7
7.9830986559391
0.972611129283905
3.36827847361565
-0.0996794283390064
-12.5819030046463
3.91539802551268
6.12475681900978
2
7
5.63419592380523
-8.97141463756561
3.12767262458801
-13.7421296656132
7.46510244011879
-7.22779541611672
8.76447362303734
7
7.49167238473893
-4.11484807133674
4.23695965409279
-2.60943761467933
-1.27743934988975
0.403913539648055
11.6716700434685
|Explorer2Genome 30
3
6
8
-5.206721752882
-2.04988029599189
-11.2958302378654
6.2796928703785
-14.0106103897095
-8.4505778670311
-6.05111303925514
2.48917601704597
8
8.56245686411858
8.38591178655624
-8.32312231063843
-1.02541051506996
2.88021834492683
-4.24497144818306
-5.43128868937492
-2.84039230942726
8
11.7851516008377
6.32409608364105
-2.1851128757
-1.20629261732101
0.168912392854691
1.34985893368721
1.36943414211273
-5.7097631394863
8
13.7374234199524
-3.86088362336159
5.01862534880638
-5.15638903975487
-2.37276781797409
-0.949827176332472
-1.07065832614898
-2.03919611573219
8
-5.36391409635544
7.23733454942703
8.12815538644791
11.4267577946186
0.0411423146724687
-11.9881808578968
0.38494673967361
-1.91370854973793
8
1.3125328540802
-1.14368636012077
7.68863396048546
9.897098249197
2.49198898077011
-2.00724955201149
5.07619013786316
-1.95409552454948
6
7
3.64523422122001
9.08478546738625
5.48129155039787
-2.63544229865074
17.1793210208416
8.99229925870897
-9.93033280968666
7
3.46325144171715
-3.32436816096306
-3.63108464479447
3.14759353399277
1.69527547359466
2.54437936544418
7.69682908654213
7
3.7232542514801
-3.17944962382316
-1.11239855289459
1.67461535334587
-0.720383059978479
-1.5815337240696
14.5886240959168
7
0.511182278394698
-2.92109554409981
12.9564363360405
-7.45397348999977
-7.02786556482315
-7.23649945259095
7.85474181771279
7
-5.88376342654229
-14.0201119184494
3.02904937267303
4.54680646657944
4.89688349962235
-18.2216388165951
-2.03087195754051
7
7.48277197480202
2.71905592679977
3.18413996100426
0.793327158689497
-13.7966822624206
4.21750722527503
5.34870847463608
2
7
5.21369307041167
-8.97141463756561
2.88476884365081
-13.1896424591541
7.77935210466385
-6.27017763257027
9.13224025964737
7
6.31411269307137
-5.90594197511673
4.53734723329544
-2.41174733042716
-1.83599973917007
0.18845989704132
11.5367138564587
|Explorer2Genome 30
3
6
8
-4.03018861413001
-3.48198782801628
-9.82198858857154
5.30730119347573
-12.1300698399544
-10.1612926363945
-3.92907037734985
0.0933915197849273
8
6.39503694772721
7.55749218463897
-6.82574919462204
-2.64887180924416
2.97120849490166
-4.12887127995492
-4.34511893987656
-2.56510430574417
8
11.7851516008377
6.14221806526184
-1.97552579641342
-1.20629261732101
-0.099606698751449
1.18676581978798
1.36943414211273
-5.7097631394863
8
14.2932551085949
-3.46471695303917
3.67962464094162
-6.74189042448997
-1.30787025690079
-1.04619780182838
-1.71744247078895
-2.08008776903152
8
-4.93298867940903
6.72218354940414
7.75863152742386
11.2377290248871
-0.506177222728731
-11.6347438156605
-0.614494979381565
-1.41868849396706
8
2.02446265220642
-0.207720744609829
8.05305330753326
10.3196375072002
1.4019614815712
-1.61952211260795
4.61404876112938
-2.34899839162827
6
7
3.07114822268486
8.82082327008248
5.48129155039787
-2.24364909529686
16.9965241849423
8.99229925870897
-9.46685839295387
7
4.01165832877159
-2.85323961377144
-3.41539369821549
3.69604347944259
1.35634124279022
2.99884399175644
7.83403904438018
7
3.60591003894806
-2.10601913332939
-3.26444696187973
3.18186901211738
1.35112746357918
0.481014931201933
14.9620173275471
7
-0.152674663066865
-5.03355479836464
14.451218098402
-6.49230857491493
-6.11376823186875
-8.30649321079254
9.0486542403698
7
-6.30287210345269
-14.3453050851822
3.08451480865478
4.51327577829361
4.83856376409531
-18.2216388165951
-2.03087195754051
7
7.9525400698185
0.730656832456589
4.11916510462762
0.519354814290999
-11.3554436385631
3.85119464993476
5.4486733853817
2
7
5.63419592380523
-8.86928448677063
3.12767262458801
-13.6686804831028
7.16634791493416
-6.72312462925911
8.40946115851402
7
5.19836032390595
-3.72265954613685
3.58358090519905
-2.05744194984435
-2.65979573130608
-0.070144677162171
10.7798673033714
|Explorer2Genome 30
3
6
8
-4.42278605103492
-3.97311898469925
-9.57940146923065
4.18927386403085
-11.659882748127
-9.60733101963997
-3.86893217563629
-0.311212986707687
8
3.85202077627182
6.96349205374717
-6.23927696943283
-1.77010952234268
2.9716568171978
-5.24556952118874
-5.70706147551537
-1.71971093416214
8
11.7090178310871
5.44203140735626
-1.3473896920681
-2.611396920681
-0.153363817930221
2.07709406018257
1.36901829242706
-4.94484526515006
8
13.3279853761196
-2.96742562055588
3.43290674090386
-6.86992213129997
-0.747734391689302
-1.90868406891823
0.76709939837456
-2.55003646612167
8
-5.90865172147751
5.11803659200668
7.41348687410355
11.8696129441261
-0.691449362039567
-12.8811139702797
-0.379757308959965
-0.695567965507507
8
2.2539876461029
0.319951111078266
8.57495410442352
10.6121389091015
1.4019614815712
-1.76490726470947
4.61404876112938
-2.74754682779312
6
7
3.66046487689018
9.41556463837624
5.01350256800651
-2.74647709727288
17.5309862315655
8.66860104799272
-9.68560841679573
7
3.78057972788811
-2.85323961377144
-3.88187175989151
3.5860367000103
1.35634124279022
2.95061579942703
8.05981107354164
7
3.14899038672447
-2.88139240145683
-1.90639019608497
1.83166382312774
-0.322251832485192
-1.10959695577622
14.5540174484253
7
-0.208678042888642
-4.65375351905823
13.8747914612293
-5.04746287465096
-6.75632501840592
-7.93611326217652
8.35501117110253
7
-4.76564239859581
-16.0850295186043
-0.0840667128562943
4.40992879867554
4.55938621759415
-18.2872938036919
-1.53666900992393
7
8.31078549027443
0.566031730175018
4.56647565364838
-0.862300115823748
-12.1754585027695
4.50543994903563
5.55468726754189
2
7
6.2142896413803
-8.97141463756561
3.37784174084663
-12.5619416773319
7.65207307934761
-7.13155940175057
9.1253578543663
7
6.11241853237153
-5.39612292051315
3.6054153740406
-1.7310945034027
-2.72845577597618
0.00092613697051952
11.3293654382229
|Explorer2Genome 30
3
6
8
-3.71082714200019
-3.97311898469925
-9.59768090248108
4.4901006281376
-12.1300698399544
-9.88275467157364
-3.73876621723175
-0.638978230953216
8
7.9046681880951
8.62509521842003
-8.09645864367485
-2.10639446377754
1.96628637909889
-3.26113319396973
-6.00416805148125
-2.84039230942726
8
12.6635711193085
6.16473660469055
-1.85691756606102
-1.57785130739212
-0.00666241645812926
1.86917186379433
2.61250537633896
-6.0832699716091
8
13.6874022424221
-4.14457682967186
3.72782821059227
-7.09298307299614
-1.51952565908432
-2.36034832596779
-1.34529970288276
-1.54777127504348
8
-4.93298867940903
7.23733454942703
8.17920211553574
10.7828599214554
-0.506177222728731
-11.5851423323154
-0.273780906200413
-2.72752102017403
8
0.330070251226421
-1.01864422559738
9.13158122897148
12.3064741969109
2.41191138029098
-1.46906132698059
2.91891349554062
-2.81764391064644
6
7
3.35087823271751
10.1982942044735
8.51929142475128
-4.29247674942017
17.4907272934914
9.02786704897882
-8.83822597265244
7
3.46325144171715
-2.16520311236382
-3.26409150362015
2.98124507665634
1.69527547359466
2.68434337973595
7.47444293498993
7
3.53925802111626
-3.16070212721824
-1.11239855289459
1.93774470686912
-0.565870797634118
-1.12799292206764
14.8883397817612
7
0.029454106092452
-3.88787181973457
12.54050604105
-7.45397348999977
-7.45717364549637
-7.23649945259095
7.85474181771279
7
-3.92627713084221
-15.8792860448361
0.78254107236862
3.71146098971367
4.6412694811821
-18.6994942545891
-1.68298680186272
7
7.02600751519203
0.878377169370651
2.62201218008996
-0.516868948936464
-11.4442455530167
3.26088057160376
6.31194178462029
2
7
5.04810400009155
-9.88895342350006
3.0277104139328
-14.5375024139881
5.56467400789261
-5.7548520565033
9.98121357560158
7
6.31411269307137
-5.90594197511673
4.7232273042202
-2.41174733042716
-1.83599973917007
-0.437562966346741
9.72899240255356
|Explorer2Genome 30
3
6
8
-3.91825359463691
-3.4664816558361
-9.92158945202827
4.86064243912698
-11.589680325985
-10.0387490868568
-4.12880654335022
-0.324131792783737
8
6.39503694772721
7.55749218463897
-6.82574919462204
-2.08226695656777
2.97120849490166
-4.12887127995492
-4.34511893987656
-2.56510430574417
8
11.7851516008377
6.14221806526184
-1.97552579641342
-1.20629261732101
0.168912392854691
1.18676581978798
1.36943414211273
-5.7097631394863
8
13.7374234199524
-3.86088362336159
5.01862534880638
-5.15638903975487
-2.70062130689621
-0.94866924881935
-1.07065832614898
-2.22297850251197
8
-4.93298867940903
6.72218354940414
7.68334306478501
11.2377290248871
-0.506177222728731
-11.6347438156605
-0.614494979381565
-1.91370854973793
8
2.02446265220642
-0.207720744609829
8.05305330753326
10.3196375072002
1.4019614815712
-1.80649008750915
4.61404876112938
-2.34899839162827
6
7
3.64523422122001
8.82082327008248
5.48129155039787
-2.15753995776177
17.1793210208416
8.99229925870897
-9.93033280968666
7
4.80535129904747
-2.85323961377144
-3.73679150342942
3.5860367000103
1.85760118961334
2.95061579942703
7.85715401768684
7
3.9757851421833
-3.50775057673454
-1.11239855289459
1.91013433337211
-0.18366087675094
-1.67115455269814
14.5886240959168
7
-0.132937109470368
-5.14925322532654
12.7315301954746
-4.70764229893684
-5.89260228872299
-6.73977630138397
7.43730193972589
7
-6.30287210345269
-14.0201119184494
3.02904937267303
4.54680646657944
4.89688349962235
-18.2216388165951
-2.03087195754051
7
7.48277197480202
2.60288244485855
2.96604711413384
0.793327158689497
-13.8696796178818
4.21750722527503
5.34870847463608
2
7
5.63419592380523
-8.97141463756561
3.12767262458801
-13.6686804831028
7.16634791493416
-6.72312462925911
8.87287649512291
7
6.31411269307137
-5.48193536996841
4.95946642160415
-2.41174733042716
-1.83599973917007
0.18845989704132
11.0562930285931
|Explorer2Genome 30
3
6
8
-3.81998324990272
-4.88145822286606
-9.64291651844978
5.14125666618348
-11.1459238111973
-9.93526467084885
-3.7540639102459
-1.16389645934105
8
8.56245686411858
8.22681223154068
-8.32312231063843
-1.08866215348244
2.79879527688026
-4.95616667866707
-5.50289966464043
-2.91837671399117
8
11.2376087427139
5.92927298545837
-1.75582396388054
-1.74383054971695
-0.297179359197616
1.51446295380593
1.70504729747772
-5.18871292471885
8
12.0986902177334
-3.02234932184219
2.94543708562851
-6.1018862426281
-0.490966111421586
-1.53558403849602
-1.58151105046272
-2.69711588025093
8
-5.68150618672371
5.11803659200668
6.978557741642
11.7015286505222
-0.691449362039567
-12.5908383727074
-0.379757308959965
-1.36638193130493
8
1.03178861141204
-0.524386703968045
8.91683538556099
11.5052283227444
3.0358846783638
-1.55434475541115
4.92118293642998
-1.86578511595726
6
7
3.19820746779441
9.50561231374741
6.94655744433403
-4.09956612586975
17.8470555961132
8.80151920318605
-8.55551906824112
7
4.34101456999779
-2.60660572052002
-4.16197908520699
3.5860367000103
1.35634124279022
2.64092923402786
7.60552792549133
7
3.43690161705017
-1.582210034132
-2.77082880735397
3.18186901211738
1.27835584282876
0.481014931201933
14.9620173275471
7
-0.0435118496418009
-4.31539970040321
14.4616641581058
-5.4732424557209
-6.92150492668152
-6.39911045432091
8.09297943115235
7
-4.73711978793145
-15.658596765995
-0.0840667128562943
3.74252068400383
4.76832906603813
-18.2670717358589
-2.01012081503868
7
7.48277197480202
1.83913794755936
3.18413996100426
0.793327158689497
-13.7966822624206
4.18183506131171
5.15822530388832
2
7
5.54011876583099
-9.57500860095024
3.10648589134216
-15.6683705687523
7.54458839893341
-5.46026130318642
9.68112221956253
7
6.31236155033112
-5.23774543404579
3.3121266901493
-2.14730932712554
-3.14535638689995
1.02718399167061
11.3674191892147
|Explorer2Genome 30
3
6
8
-3.86306383609771
-3.00165225863456
-9.62665913105011
4.62217247486115
-11.3308306336403
-10.3268417954445
-4.31069044470787
-0.347029292583466
8
5.74461156129837
7.09823915362357
-6.7272369325161
-1.14370478391647
3.69516344070435
-5.38253055214882
-5.60396029353142
-1.71319845914841
8
10.9586325407028
6.17681863307953
-1.75582396388054
-1.39655852913856
0.36669312119484
0.822393876314165
2.5228257894516
-5.03990182280539
8
14.0334472596645
-2.96742562055588
3.62946838736534
-6.04358760714531
-1.25204676389694
-1.90868406891823
0.340600985288623
-2.472561109066
8
-6.17908426523209
5.11803659200668
7.41348687410355
11.2483602106571
-0.691449362039567
-12.7968878149986
-0.379757308959965
-0.878811693191528
8
0.430150192975994
-1.85647771954536
8.66628183722496
12.5422604501247
1.80737730264664
-1.39435958862304
5.34336220622062
-1.74499898552895
6
7
4.22274629473686
9.41556463837624
4.51577240824699
-3.11024386286736
17.7168161809445
8.66860104799272
-9.38033378124237
7
3.40733467936516
-2.7479738175869
-3.26409150362015
2.98124507665634
1.69527547359466
3.0589870929718
7.21368637084961
7
2.17348541617393
-1.51750344038009
-0.919088441133496
1.70492739081383
-1.72806473970413
-1.443503510952
14.2829352378845
7
-0.208678042888642
-4.65375351905823
13.8747914612293
-6.17392199635506
-6.5861066699028
-7.41699666976929
8.35501117110253
7
-4.86930906176567
-16.0850295186043
-0.0840667128562943
4.40992879867554
4.54823187589645
-18.2872938036919
-1.53666900992393
7
8.31078549027443
0.722346079349518
4.56647565364838
-0.984161454439165
-12.1754585027695
3.93729858398436
5.55468726754189
2
7
5.46062681674957
-8.90263242721557
4.22084481716156
-15.2243574738502
5.79593154788017
-5.99731194972992
10.3192213892937
7
7.21489509344102
-3.7589055776596
3.32111352086067
-1.8164026081562
-0.940595453977583
0.529809349775314
11.6716700434685
|Explorer2Genome 30
3
6
8
-4.60034413933753
-3.60592957735061
-9.6779270350933
4.65916426777841
-12.4578781247139
-9.28577519655228
-3.73876621723175
-0.0924481749534607
8
8.56245686411858
8.5256070792675
-7.63584128022194
-1.40084396004677
1.92922132611275
-4.23994436264039
-5.4325589120388
-3.02604787945748
8
11.1652306556702
5.540562748909
-2.38548139929771
-2.1898712515831
-0.297179359197616
2.99356897473335
1.79643666744232
-5.47821198701857
8
13.7789353072643
-3.19605833292007
3.8185368180275
-6.60851375460625
-1.04343291521073
-1.70693510174751
-1.28264544606209
-1.86469322443008
8
-5.90865172147751
5.1293953537941
7.04358772039414
11.7015286505222
-0.691449362039567
-12.3312048494816
-0.0599970281124156
-1.26570661067963
8
0.322976452112194
0.391580539941791
7.79045676589012
10.5988593101501
2.12843478918075
-1.84502128958702
4.9380051612854
-2.39259229898453
6
7
3.87480227351188
9.49286581277847
6.79131417274475
-4.54308454990387
18.3691523015499
8.01459614634515
-8.87743664979935
7
2.70071531534195
-2.8183530330658
-3.87878628969193
3.90567585229874
1.96928411722183
2.81377233862877
7.4930337190628
7
3.38231015205383
-3.17944962382316
-1.11239855289459
1.61827601790428
-0.548865878581994
-1.12799292206764
14.8585415124893
7
-0.214180433750154
-4.63947635293007
14.5798284828663
-5.51702254414558
-7.89053327441216
-6.1927058160305
8.58079711198807
7
-2.47362791895867
-15.3049440026283
2.32915763258934
4.02928725481033
3.95479010939598
-17.9131651639938
-0.946172952651976
7
7.66321910619736
2.29790210127831
2.83148197531701
1.17475845217705
-12.8354051947594
4.06432986259459
5.70100412964821
2
7
5.74773712158202
-8.86482443809509
3.12767262458801
-13.6178501188755
7.16634791493416
-6.72312462925911
9.2631081700325
7
6.62437459230424
-3.7589055776596
3.75001438856125
-1.89367978572845
-1.63776344656944
0.0688818871974939
12.2288001894951
|Explorer2Genome 30
3
6
8
-4.85380620360374
-1.4455968439579
-11.1560462355614
6.56046457886697
-14.6245382785797
-9.19341241717338
-5.46368022561073
2.48880660533905
8
8.26353516578675
8.67442799806595
-8.39174110293388
-1.05331006646156
2.83158381581306
-4.41543791890145
-6.39276720881462
-2.56995434761048
8
11.0236158132553
6.70286118984222
-2.12542678713798
-1.98244272470474
-1.02500891685486
1.34514718651772
2.4343971312046
-5.87814843058585
8
12.6756872355938
-2.98794485926628
4.04156435728073
-7.21242355704308
-1.5359458565712
-1.54450216889381
-2.30611124634742
-1.8594720184803
8
-6.45575026273727
6.59157123565674
6.61239140033722
10.3886629581451
-0.68506089448929
-11.2802892684937
-1.64337297677994
-0.699237406253814
8
0.649510741233821
-0.267193382978436
7.68736323714256
10.6286454200745
2.18171590566635
-1.47745050787926
5.41685857772827
-2.4858313202858
6
7
4.22274629473686
9.41556463837624
5.48129155039787
-2.74647709727288
17.8256433427334
9.05296689271928
-9.93033280968666
7
3.81852805018425
-2.18048362135887
-3.8373535990715
3.18617378473282
3.03312161564827
4.12018536925316
6.37719292640686
7
3.49636089801788
-3.53178976774216
-2.58048083782196
1.63048448562622
0.331069123744971
-1.59832478165627
12.8771260499954
7
0.59565605521202
-4.19663656353951
13.5395045876503
-7.416160851717
-7.42753267884255
-7.68997216224671
8.09779700040818
7
-2.55718788504601
-15.096919810772
2.94704181551933
3.97796930074692
4.4726621568203
-18.4473358869552
-1.29336166381836
7
6.35800557732582
1.63652359247208
4.18589100837708
-0.0720448255538958
-12.6286231517792
3.46390113830565
5.54837683439255
2
7
5.42839403152465
-8.97141463756561
3.34076569080352
-14.123215919733
7.81223650574684
-6.72312462925911
9.60764199495315
7
7.49167238473893
-4.02656992077827
3.62415348291397
-1.58594937324523
-1.63776344656944
0.39888407588005
11.504981482029
|Explorer2Genome 30
3
6
8
-4.27871602177619
-3.60592957735061
-9.32107936739921
4.22026703953744
-12.9653965592384
-9.88275467157364
-3.73876621723175
-0.264987528324127
8
5.43969489336014
7.28703224658965
-6.45074138045311
-1.07708564996719
3.71474134922028
-4.9841069996357
-5.60396029353142
-1.71971093416214
8
11.5454341411591
6.57822937965393
-1.53355438113213
-1.66660324335098
-0.561756658554077
3.20853500962258
2.97196996808052
-5.73871025443076
8
13.7789353072643
-3.46471695303917
3.61313645243645
-6.32960385680199
-1.27613528966904
-0.788394904136656
-2.70533202290535
-1.62093551754951
8
-5.47447434067726
6.56018027067184
5.59702404737473
11.4459480345249
-0.38498228788376
-11.3342326045036
-0.260808187723164
-1.34276282787323
8
0.322976452112194
0.391580539941791
7.83951444029808
10.5988593101501
2.4358185172081
-1.8322880923748
4.99502227306366
-2.39259229898453
6
7
3.87480227351188
9.07651258707046
6.79131417274475
-4.54308454990387
18.0900047421456
8.5307960689068
-8.32459431886673
7
2.70071531534195
-2.8183530330658
-3.87878628969193
3.50954390764236
1.78836734890938
3.19909948706627
7.86300675868988
7
3.81309380531311
-3.17944962382316
-1.11239855289459
1.61827601790428
-0.548865878581994
-1.12799292206764
14.3401084184647
7
-0.214180433750154
-4.63947635293007
14.5798284828663
-5.87971227765083
-7.89053327441216
-5.75840453505516
8.58079711198807
7
-2.47362791895867
-15.3049440026283
2.32915763258934
4.02928725481033
3.67783972620964
-18.1014538764953
-0.946172952651976
7
7.70686510205269
1.04253317117691
4.33484775424004
1.07356049418449
-12.1337367773056
4.51420998573302
5.53665202260018
2
7
6.86406890153884
-8.95788586139678
3.84192321300506
-15.1744917392731
5.8804232954979
-4.93146758675576
8.43109909296036
7
7.03648248910905
-3.7589055776596
3.75001438856125
-1.59587569236755
-1.63776344656944
0.667453950643539
12.2288001894951
|Explorer2Genome 30
3
6
8
-3.91825359463691
-3.1454992711544
-9.92158945202827
5.29130877256394
-11.589680325985
-10.5600280404091
-4.10828878879547
0.0925528824329376
8
4.93685179948807
6.89380631446838
-5.76027606725693
-1.6161756336689
2.83133415579796
-5.09414759278298
-5.54819044470787
-1.71971093416214
8
11.4636231184006
5.582167583704
-1.3872165620327
-1.88030744194984
-1.81710869073868
2.18851634860039
3.58868671059608
-5.44278601408004
8
14.2119899511337
-3.2276694893837
3.03072782754898
-6.87979766726494
-0.786194068193437
-1.90868406891823
-0.773061066865918
-2.61481817960739
8
-5.5741859972477
6.22991057634354
6.70087944269181
11.6647262573242
-1.05570141077042
-11.3629656434059
-0.534450781345371
-1.23164475560188
8
0.930737638473507
-0.918960803747174
8.11821584105492
9.9458214700222
1.76031140089035
0.0145822763443018
5.47315642833709
-1.82069491147995
6
7
3.75616085529327
9.77105280160905
6.92518837451935
-3.55060729384423
15.6145722806454
7.6109343647957
-8.5585051894188
7
4.01165832877159
-3.15426636338234
-4.060291659832
3.42552179694176
1.4500602722168
2.95061579942703
7.83403904438018
7
4.68436462879181
-1.96575791239738
-3.85304728746414
3.10900111794472
0.529040557146079
0.807075130939482
15.8207092344761
7
0.316646397113799
-4.65375351905823
13.8747914612293
-5.99817121624947
-6.13339585065842
-7.56806797981262
8.35501117110253
7
-3.37081537246705
-14.7665795922279
2.38868421912193
4.62135083079338
7.13924145698547
-18.0392662882805
-1.53526424765587
7
7.44553073644638
1.90035568475723
3.05655271410943
0.477516573667525
-13.7654659986496
4.00047090053557
5.15822530388832
2
7
5.54011876583099
-9.31409682631492
3.2746226131916
-15.2493020892143
7.16929893493653
-5.47257092595101
9.22610319852829
7
7.03780758976937
-4.5596153140068
4.29538274407387
-0.675679427385324
-0.0357801914215077
-0.103321009874344
11.6898582279682
|Explorer2Genome 30
3
6
8
-3.58415812253951
-4.19000435471534
-10.4472002267838
7.40110307335854
-12.9799454689026
-8.82776649594307
-5.04291862845421
-0.389466613531113
8
8.1453104197979
8.60083748102188
-7.60546447634697
-1.31976922154427
2.34856982827187
-4.23994436264039
-4.85216078162193
-2.01734898090363
8
11.2155707120895
4.91614727973938
-1.75302323698997
-1.90871389508247
0.419307279586793
1.93230328559876
1.743576836586
-5.4805935025215
8
12.1806191861629
-3.60767885446549
3.44664467573166
-5.62146040797233
-0.750032722949983
-1.31043367385864
-1.54374876618385
-2.40972734093666
8
-4.8334060549736
7.54967972040176
8.50832151770592
11.2377290248871
-0.506177222728731
-11.8792401850224
-0.614494979381565
-1.91370854973793
8
0.490967941284176
-0.267193382978436
7.67280740737915
10.6804866552353
2.05602694749832
-2.12130575180053
5.33930919170379
-2.44711188077927
6
7
3.37716144919395
9.46235829591751
7.4661776304245
-4.49277483820916
18.8517925143242
8.48236245512964
-8.52477523088455
7
3.5893980383873
-2.71567943096161
-3.5105516076088
4.10940091013908
1.40282485485077
3.10645772218704
7.5425634264946
7
4.15950109958649
-1.50798344016075
-3.26444696187973
3.17099603414535
0.622759729623801
0.361356937885283
15.3164946377277
7
-0.207768166065217
-5.42217410802841
13.1249907314777
-6.81521056294441
-6.35291913747788
-7.3292307317257
8.04871087670327
7
-3.85681104660035
-15.1129107117653
2.91816157698631
4.54412474036217
7.1775176525116
-18.5584731459618
-1.09291757345199
7
6.35800557732582
1.30800582766533
4.02341165542603
-0.788054138422014
-12.9919311523437
3.49468322396277
5.31042004823685
2
7
5.80511212944984
-8.95556650161743
2.70844278335571
-12.6184789955616
7.73039200901985
-6.72312462925911
9.13224025964737
7
6.87190943956376
-5.42212840318679
5.34284419417381
-0.0959229528903893
-1.60192954540253
-0.0551648616790777
11.1015902817249
|Explorer2Genome 30
3
6
8
-3.71082714200019
-3.97311898469925
-10.1180410385132
4.72947219014169
-12.021454179287
-9.72384274601936
-3.73876621723175
-0.0924481749534607
8
8.90957619547845
8.9274047255516
-7.94595980644226
-1.40084396004677
3.14315686821938
-3.59219489097596
-6.46432518362999
-3.34373586773873
8
11.3754788637161
6.38977143764496
-2.0129313647747
-2.74956566095352
-0.297179359197616
1.21553133130074
2.15508556365967
-5.86891633868216
8
13.5867206990719
-2.96742562055588
3.90892722606659
-6.66470224261284
-1.1961524784565
-1.90868406891823
0.907149261236193
-2.10854436159133
8
-5.7606001496315
5.1293953537941
6.978557741642
11.9570656180382
-0.691449362039567
-12.8858533263207
-0.610065239667897
-1.23133463859558
8
0.330070251226421
-1.01864422559738
9.17285012602806
11.6838973641396
2.41191138029098
-1.10423140525818
2.91891349554062
-3.3587679207325
6
7
4.22274629473686
9.41556463837624
4.49462000727653
-2.74647709727288
17.7168161809445
9.10291091203691
-10.1022081911564
7
4.01165832877159
-3.01835547089577
-3.42662829160691
3.34789387583732
0.920424771308897
3.13600620627403
7.37165775299072
7
3.95681377053261
-1.582210034132
-2.92406183481216
3.18186901211738
-0.0229718625545436
0.481014931201933
15.3164946377277
7
0.130635774135589
-5.02031010389328
13.1249907314777
-6.81521056294441
-6.35291913747788
-6.86990393996239
8.04871087670327
7
-3.92627713084221
-15.8792860448361
1.00531941652298
4.00734004378319
4.6412694811821
-18.6426890015602
-1.96595534682274
7
7.48277197480202
2.14506713151932
2.83148197531701
1.80867688059807
-13.5614461123943
4.06432986259459
5.70100412964821
2
7
5.63419592380523
-9.33909342288971
3.45828871726989
-13.1435777723789
7.64050796627999
-6.63857195973397
9.13224025964737
7
6.31411269307137
-5.90594197511673
4.7232273042202
-1.98579923510551
-1.89213780164719
-0.437562966346741
10.3126906514168
|Explorer2Genome 30
3
6
8
-4.70299483537673
-4.54507357478142
-8.85629680156707
5.9578805923462
-12.4720434784889
-8.7781370639801
-4.51091269850731
0.199692970514297
8
8.56245686411858
8.38591178655624
-8.13587973117829
-1.1113804101944
3.14315686821938
-3.59219489097596
-6.01166335940361
-3.34373586773873
8
12.3438677370548
6.26688027381897
-1.39999825358391
-1.60204848051071
-0.467934131622314
1.58632861375809
1.48406987786293
-5.56226826906203
8
14.3438632965088
-4.17709643244743
2.9679094016552
-6.36783778071403
-1.73183473348618
-2.2368589580059
-0.780555248260496
-2.52491053342819
8
-4.70379329323769
6.69885963201523
6.84193316698075
11.1380977630615
-0.462781083583833
-11.4532155394554
-0.654195910692219
-1.54206317067146
8
0.11097504496574
-1.01864422559738
9.13158122897148
11.6906920075417
2.5564497590065
-0.926581424474713
2.93215202093124
-2.81764391064644
6
7
3.35087823271751
9.65928577780724
8.51929142475128
-4.29247674942017
17.4907272934914
9.02786704897882
-8.7071761906147
7
3.47128163576126
-2.98785220980644
-3.63108464479447
3.41198937296867
1.93642666339874
2.24507779479027
7.64230523109436
7
3.41017837524414
-2.73727101683616
-0.936298924684521
1.87837254405021
-0.310016953945153
-1.12799292206764
14.3682997941971
7
-0.161527240276338
-5.16590278744698
15.4068381011486
-6.95518789887428
-6.34872823953629
-7.71818192005158
8.65991024374963
7
-3.92627713084221
-15.8165299355984
1.0387744307518
4.00734004378319
4.6412694811821
-18.3007283985615
-1.53666900992393
7
7.36284037828445
1.04701310396194
3.80467838644982
0.0938501060008984
-12.0398235559463
3.44131922721862
6.99270790815354
2
7
4.99515039920806
-9.87743244171142
3.48870403766632
-14.5375024139881
5.56467400789261
-5.17087879180909
9.98121357560158
7
7.12527329921723
-4.46445783376693
3.68731051087379
-2.14730932712554
-2.48523134589195
0.742905527353286
10.8967711150646
|Explorer2Genome 30
3
6
8
-4.1552800476551
-3.37875861525535
-9.82198858857154
4.13739037513734
-11.6132162451744
-11.2798811554909
-4.231360912323
-1.20491895079613
8
8.75761280059815
8.62509521842003
-8.19527558684349
-2.6513510286808
2.0877719938755
-4.50262637734414
-5.57792240977287
-2.84039230942726
8
12.6635711193085
6.16473660469055
-1.85691756606102
-1.57785130739212
-0.273999905586242
1.86917186379433
2.22241133451462
-5.72846321463584
8
13.2560038268566
-3.35388199687004
3.10926555395126
-7.51836740374565
-1.55520533323288
-2.11159389615059
-1.71744247078895
-1.50288942456245
8
-5.36391409635544
7.57496987581253
7.79913367033005
11.5060947656631
-0.35770686864853
-11.4845731556416
-0.86282998323441
-2.5130156815052
8
0.892254680395122
-0.60452181100845
8.36746379733085
10.5271370768547
1.6103991985321
-0.316684842109678
3.05554570555687
-2.18210834264755
6
7
3.48351911902427
9.80346740484238
5.89483067393303
-3.24615132212639
16.4439864099026
8.37620364427568
-9.14278351068497
7
2.73699294328689
-2.66794496178627
-3.83581908941269
3.50151208639145
0.842776751518248
1.54108320474625
7.67807157635689
7
3.98327353000641
-3.14908167123794
-2.25138895511627
1.0084465265274
0.0524384260177678
-1.00670099854469
13.5046719610691
7
0.624627935886382
-4.92425436973572
13.1984316885471
-5.76789377331734
-6.11628056764603
-7.51620922088623
8.32810616493226
7
-4.4041805446148
-15.4661585509777
0.444653904438017
4.20689961314201
5.04376591444016
-18.106065094471
-1.53666900992393
7
7.72656002640724
0.631530630588532
3.73057782053948
0.519354814290999
-11.7286050736904
3.85119464993476
5.4486733853817
2
7
6.4253937780857
-9.77086534500122
3.21711785793304
-13.9767075836658
8.48027361631394
-6.68392925858498
10.0402595639229
7
6.95899649262429
-5.52029440999031
4.51256226301193
-0.711656862497323
-0.0175599098205555
0.429867005348205
11.2962096512318
|Explorer2Genome 30
3
6
8
-3.91825359463691
-3.52038511633873
-10.0732562839985
4.50658541321755
-11.589680325985
-10.0387490868568
-4.10828878879547
-0.564396566152573
8
5.37245849370957
6.70045731067657
-6.23927696943283
-1.130836135149
2.9716568171978
-5.54311190247536
-5.29050833582878
-2.16219431161881
8
11.5577881813049
4.98465747833252
-1.3473896920681
-2.611396920681
-0.153363817930221
2.07709406018257
1.23836631774902
-4.94484526515006
8
14.0334472596645
-2.96742562055588
3.62946838736534
-6.26195232272148
-1.36199351549149
-1.90868406891823
0.340600985288623
-2.50735908746719
8
-5.90865172147751
5.11803659200668
7.41348687410355
11.8305576205254
-0.297330862283708
-12.8811139702797
-0.379757308959965
-0.695567965507507
8
2.2539876461029
-0.168038839101788
8.57495410442352
10.4900109231472
1.4019614815712
-2.18735382556915
4.97421478629112
-2.74754682779312
6
7
4.22274629473686
9.41556463837624
4.49462000727653
-2.74647709727288
17.6451815307141
9.10291091203691
-9.56206651329994
7
4.01165832877159
-3.01835547089577
-3.42662829160691
3.42552179694176
0.786247873306273
3.13600620627403
7.90974478721618
7
4.44525690674782
-1.582210034132
-3.35868655443191
3.18186901211738
0.346427255868918
0.481014931201933
15.3164946377277
7
0.130635774135589
-4.62949994802475
13.1249907314777
-6.81521056294441
-6.73050471544266
-6.73656051158905
8.61532796025277
7
-3.85681104660035
-15.1129107117653
2.91816157698631
5.2862169444561
6.47548472285271
-18.6964079976082
-0.677249759435653
7
9.01326495409012
0.761121594905853
3.4936638057232
-0.0347769081592578
-12.1064905405044
3.12876505851745
6.65378218889237
2
7
5.63419592380523
-8.97141463756561
3.45828871726989
-13.1435777723789
7.16634791493416
-6.63857195973397
9.12630685567856
7
6.56083652973176
-5.39612292051315
3.68731051087379
-1.7310945034027
-2.72845577597618
0.259503030776977
11.3293654382229
|Explorer2Genome 30
3
6
8
-4.42278605103492
-3.97311898469925
-9.57940146923065
4.18927386403085
-11.659882748127
-9.88275467157364
-3.33881838321686
-0.311212986707687
8
5.74461156129837
7.09823915362357
-6.7272369325161
-1.14370478391647
3.69516344070435
-5.49071062207222
-5.62333535552025
-1.71971093416214
8
11.836822104454
6.29014918804169
-1.87633046507835
-1.73142093420029
-0.390356653928756
2.14715421795845
1.70143318176269
-5.27747394442557
8
14.0334472596645
-2.96742562055588
3.91064598560333
-6.36198527216911
-1.25204676389694
-1.90868406891823
0.340600985288623
-3.00584563016891
8
-5.01751847863197
6.52304440736771
7.27757025957108
11.5850251674652
-0.462781083583833
-11.8159165740013
-0.877440369129185
-1.3475454390049
8
2.2539876461029
-0.168038839101788
8.05305330753326
10.4900109231472
1.4019614815712
-1.5460886478424
4.61404876112938
-2.7785030245781
6
7
3.48351911902427
9.85864101648331
6.48089985251427
-3.24615132212639
16.4305391013622
8.5758887410164
-9.00783656835556
7
4.01165832877159
-2.85323961377144
-3.24157060384751
3.5860367000103
1.35634124279022
2.95061579942703
8.05981107354164
7
2.17348541617393
-1.51750344038009
-0.919088441133496
1.15950469374656
-2.28469463586807
-1.443503510952
13.9968014001846
7
-0.0693838477134713
-4.65375351905823
14.4641430199146
-6.45966795086861
-6.24061540365219
-7.56806797981262
8.35501117110253
7
-4.86930906176567
-16.0850295186043
-0.0840667128562943
4.40992879867554
4.41037420034409
-18.2872938036919
-1.53666900992393
7
8.31078549027443
0.722346079349518
4.56647565364838
-0.862300115823748
-12.0624747753143
3.93729858398436
5.55468726754189
2
7
4.99555287361144
-9.51456174850463
3.3447633087635
-14.5690925240517
5.70373946428299
-5.33746022582055
9.38740620613098
7
6.31411269307137
-6.29374605417251
4.72571539282798
-2.41174733042716
-1.83599973917007
0.370026278495788
10.2654851317406
|Explorer2Genome 30
3
6
8
-3.58415812253951
-3.76052904725074
-10.0262278795242
7.4152427494526
-13.1015502631664
-8.82776649594307
-4.93267576098442
-0.411389631032944
8
8.56245686411858
9.09248839616775
-7.52629954218864
-1.43549459576607
2.34856982827187
-4.29599015712739
-5.88220886588097
-2.84039230942726
8
11.127765417099
6.17681863307953
-1.4803000330925
-1.39655852913856
0.36669312119484
-0.135945957899092
3.0632951259613
-5.18503958582877
8
14.3038835763931
-3.53556898832321
4.02531165480614
-5.97609507441521
-1.25204676389694
-1.87537439465523
0.111662930250171
-1.9381705880165
8
-5.90865172147751
5.11803659200668
6.978557741642
12.110186368227
-0.691449362039567
-12.8811139702797
-0.903516197204594
-0.695567965507507
8
2.52178125381469
-0.510496562719342
8.05305330753326
10.0860771119595
1.4019614815712
-1.85666706562042
4.61404876112938
-2.34899839162827
6
7
3.3188763320446
9.46235829591751
7.05010063648224
-5.24221992492676
18.6746464669705
8.48236245512964
-8.52865484952927
7
4.01165832877159
-2.75424342751503
-3.73679150342942
3.5860367000103
1.35634124279022
2.95061579942703
8.05981107354164
7
4.15950109958649
-1.17329460978508
-3.74642118215561
3.18186901211738
0.862070280313498
0.409242093563078
15.5056820511818
7
0.316646397113799
-4.65375351905823
13.8747914612293
-5.99817121624947
-6.5861066699028
-7.56806797981262
8.26922990679742
7
-4.5942031800747
-16.0850295186043
-0.0840667128562943
4.40164957046509
4.55938621759415
-18.8360251307487
-1.53666900992393
7
7.9998466193676
2.14506713151932
3.05655271410943
1.18423301577568
-13.7966822624206
3.62821689248084
4.97584374547005
2
7
5.5481377840042
-8.42617304325103
3.15638678073883
-14.1928654313087
7.81223650574684
-6.9187126159668
9.3156663775444
7
5.82484019994736
-4.23185795545578
3.53855054974556
-2.15081429481506
-2.07887553572655
1.12957122325897
11.3102148234844
|Explorer2Genome 30
3
6
8
-4.47076733708381
-3.22291699647903
-9.92158945202827
4.47383848428727
-11.589680325985
-10.2944030165672
-4.48485519886017
-0.324131792783737
8
5.43969489336014
7.02883595824241
-6.2520693898201
-1.07708564996719
3.71474134922028
-5.43300150036812
-5.60396029353142
-1.71971093416214
8
11.8444017231464
6.84994171261787
-0.937544363737106
-1.66660324335098
-0.561756658554077
2.88724170327187
2.97196996808052
-5.73871025443076
8
13.7789353072643
-3.46471695303917
3.61313645243645
-6.74189042448997
-1.07250085473061
-1.02284979820251
-2.70533202290535
-1.75992522835731
8
-5.47447434067726
6.56018027067184
5.76370216608048
11.4459480345249
-0.38498228788376
-11.3342326045036
-0.196823054552082
-1.56476932168007
8
0.809113925695415
-1.01864422559738
8.95406183600426
11.9001719594002
2.97652546167374
-1.53356866836548
3.27489012479782
-1.89713695645332
6
7
4.10526232123374
9.41556463837624
4.98923451304436
-2.74647709727288
17.7168161809445
8.66860104799272
-9.56206651329994
7
4.02418360114098
-2.67465465068817
-3.2440300822258
3.5860367000103
1.35634124279022
2.95061579942703
8.05981107354164
7
4.15950109958649
-1.89900438189506
-3.26444696187973
3.18186901211738
0.529040557146079
0.409242093563078
14.8895524799824
7
-0.107885938882829
-3.88787181973457
12.4720596432686
-7.45397348999977
-7.45717364549637
-7.75986280441284
7.85474181771279
7
-4.8803462445736
-15.9098591685295
-0.271502786874773
4.21837717890739
4.73109242320061
-18.2670717358589
-1.53666900992393
7
7.70686510205269
1.04253317117691
4.33484775424004
0.481746596097944
-12.5412870645523
4.68986962437629
5.53665202260018
2
7
6.86406890153884
-8.95788586139678
4.12748041152954
-14.5895741939545
5.8804232954979
-4.80620406270028
8.43109909296036
7
6.2192024588585
-4.23185795545578
3.53855054974556
-1.73618168830871
-2.07887553572655
1.12957122325897
10.7314347445965
|Explorer2Genome 30
3
6
8
-5.06872242093086
-4.09284650087356
-9.07604845166206
4.59545180797578
-12.6281917631626
-10.0510930418968
-3.96635780334473
0.209804379940033
8
4.89819473028183
6.89380631446838
-6.23927696943283
-1.31156802773476
2.9716568171978
-5.17471793293953
-5.24073447585106
-1.71971093416214
8
11.2155707120895
5.41073009967804
-1.75302323698997
-2.1912898182869
0.0625913619995124
1.93230328559876
1.743576836586
-5.4805935025215
8
14.2119899511337
-3.80178459882736
3.43206669092178
-6.63569663763046
-0.939224302768708
-1.90868406891823
-0.773061066865918
-2.50735908746719
8
-4.93298867940903
7.23733454942703
8.17920211553574
10.6857594490051
-0.506177222728731
-11.6235613644123
-0.273780906200413
-2.44773250222206
8
0.399049586057659
-1.18522578477859
9.00431303977966
12.105104726553
1.80737730264664
-1.84985146522522
4.68105672597885
-2.13625648021698
6
7
3.37716144919395
9.46235829591751
7.4661776304245
-4.49277483820916
18.9074925541878
8.48236245512964
-8.52477523088455
7
2.73699294328689
-2.51841996312141
-3.83581908941269
3.50151208639145
0.842776751518248
1.54108320474625
7.67807157635689
7
2.44970094561577
-1.61723099350929
-0.415337401628491
1.15950469374656
-1.89810734987258
-1.06448405981064
14.6068637609482
7
-0.813955986499787
-5.32957332730293
13.8207615256309
-5.55638052821159
-6.48671303391457
-8.695893740654
8.32304310202599
7
-3.78328239917756
-15.1129107117653
2.91816157698631
5.09099597334862
7.31852576136589
-18.4639719128609
-1.09291757345199
7
7.44553073644638
1.90035568475723
3.05655271410943
0.477516573667525
-13.7654659986496
4.00047090053557
5.15822530388832
2
7
5.63419592380523
-8.1737854719162
3.12767262458801
-12.6522029459476
6.65577319264412
-6.72312462925911
8.54087940454483
7
6.92699924111367
-5.02926067113876
4.21059268116951
-0.675679427385324
-0.869303250312804
-0.103321009874344
11.6898582279682
|Explorer2Genome 30
3
6
8
-3.91825359463691
-3.52038511633873
-9.89927483201027
4.50658541321755
-11.589680325985
-10.0387490868568
-4.12891232967377
-0.324131792783737
8
5.02906977534295
7.46777910590171
-6.23927696943283
-1.77010952234268
2.9716568171978
-5.24556952118874
-5.70706147551537
-1.71971093416214
8
11.3754788637161
6.38977143764496
-1.87633046507835
-2.7779044508934
-0.409712046384811
1.34657948613167
1.70143318176269
-5.86891633868216
8
13.6751793801784
-2.71322174668312
3.43290674090386
-6.36198527216911
-1.25204676389694
-1.90868406891823
0.76709939837456
-2.89646235704421
8
-5.90865172147751
5.11803659200668
7.41348687410355
11.9224818587303
-0.691449362039567
-12.8811139702797
-0.379757308959965
-0.695567965507507
8
2.2539876461029
-0.473167222738263
8.21419325470924
10.4900109231472
1.4019614815712
-0.943375325202939
4.61404876112938
-3.31795154809952
6
7
3.66046487689018
9.83354950547219
5.01350256800651
-2.74647709727288
17.5309862315655
8.66860104799272
-9.56206651329994
7
4.01165832877159
-2.85323961377144
-3.73679150342942
3.5860367000103
1.35634124279022
2.95061579942703
7.74503417611122
7
3.14899038672447
-2.07953914999962
-2.35857315659523
1.83166382312774
-0.322251832485192
-0.91505327820778
14.5540174484253
7
0.130635774135589
-5.44279435873032
13.1249907314777
-6.25203178524971
-6.35291913747788
-6.86990393996239
8.04871087670327
7
-3.85681104660035
-14.8852954685688
2.70244416594505
4.21525923609734
7.13065919280052
-18.5584731459618
-1.31124464869499
7
7.11181431412697
2.14506713151932
2.30974869132042
0.793327158689497
-13.0011079013348
4.06432986259459
5.10585156083107
2
7
5.63419592380523
-8.97141463756561
3.37784174084663
-12.5619416773319
7.12116127610207
-7.13155940175057
9.13224025964737
7
6.54987264275551
-5.02926067113876
4.21059268116951
0.0351215362548893
-0.853887200355528
-0.424088603258134
11.6648030340672
|Explorer2Genome 30
3
6
8
-3.91825359463691
-3.22291699647903
-9.92158945202827
4.29565299153329
-11.589680325985
-10.2944030165672
-4.10828878879547
-0.324131792783737
8
8.56245686411858
8.28027065992355
-8.09120594859123
-1.40084396004677
1.80113826394081
-4.23994436264039
-5.4325589120388
-2.84039230942726
8
11.853172403574
6.26688027381897
-1.39999825358391
-1.03614357709885
-0.467934131622314
1.58632861375809
2.4343971312046
-5.56226826906203
8
14.0124341011047
-3.46471695303917
3.47473046183586
-6.74189042448997
-1.8713909983635
-0.82033815383911
-2.58298144936561
-1.8594720184803
8
-4.70379329323769
6.60374184846878
6.84193316698075
11.1380977630615
-0.462781083583833
-11.4532155394554
-0.877440369129185
-1.77616994976997
8
0.809113925695415
-1.01864422559738
8.95406183600426
11.6726149916649
2.5274934887886
-1.10423140525818
3.80714982748031
-1.6379103243351
6
7
3.35087823271751
9.40553471446037
7.97256481647491
-4.29247674942017
17.0912596821785
9.02786704897882
-8.67137113213539
7
3.11443983316421
-2.98785220980644
-3.63108464479447
3.19803565740585
1.84424114227295
2.54437936544418
7.64230523109436
7
4.15950109958649
-1.582210034132
-3.26444696187973
3.18186901211738
0.529040557146079
0.409242093563078
15.3164946377277
7
0.029454106092452
-3.88787181973457
12.5643776297569
-7.43345459103584
-7.45717364549637
-7.27839341163636
8.43506827950478
7
-4.79563907980919
-15.9098591685295
0.0663910329341873
4.21837717890739
4.73109242320061
-18.2670717358589
-1.74788438677788
7
7.48277197480202
2.29790210127831
2.83148197531701
0.793327158689497
-13.0011079013348
4.06432986259459
5.70100412964821
2
7
5.63419592380523
-8.86482443809509
3.12767262458801
-13.1435777723789
7.16634791493416
-6.72312462925911
9.80045849084854
7
5.82484019994736
-4.5535506606102
3.53855054974556
-1.73618168830871
-2.07887553572655
1.12957122325897
11.3102148234844
|Explorer2Genome 30
3
6
8
-4.70299483537673
-4.36564301848411
-9.39597098827362
6.0046104669571
-12.4543303847313
-8.71985638141632
-4.47442385554314
0.605578571557999
8
6.24648805856705
6.29915258288383
-6.45074138045311
-1.3225945353508
3.71474134922028
-5.43300150036812
-5.60396029353142
-2.37709869146347
8
11.5616759538651
6.34976439476013
-1.75582396388054
-1.29599541425705
0.343181735277177
1.67753489613533
2.60317688584328
-5.64366170763968
8
12.6325051724911
-3.60767885446549
3.76743558645248
-6.1018862426281
-0.750032722949983
-1.42321947216987
-1.40351238250732
-2.79244824051856
8
-5.47447434067726
6.56018027067184
5.76370216608048
11.0460963308811
-0.38498228788376
-11.3342326045036
-0.196823054552082
-1.56476932168007
8
0.446043425798412
0.125191336870197
7.47317976355553
10.0603208065033
1.88201273679733
-2.38885933756828
4.9486546754837
-2.23327230215073
6
7
3.19820746779441
8.94921880960464
6.01271798014641
-4.64561038017273
18.2570851027966
8.79413213133813
-7.67211507558823
7
2.70071531534195
-2.8183530330658
-4.02528833150864
3.80018362402916
2.20177087783813
3.32365891337395
7.4930337190628
7
2.81817645430565
-2.06573750376701
-2.07647314667701
2.20152673125267
-0.687627351284021
-0.351292783021928
13.7692070960999
7
-0.607122838497163
-5.03355479836464
14.9393978774548
-6.95518789887428
-7.06879335641861
-7.71818192005158
9.67106813788415
7
-5.33673540949822
-14.352893447876
2.97062923312187
3.65365175008774
4.89688349962235
-18.9019915044308
-1.56608368754387
7
5.93323135972023
1.12386025190353
4.11206266880036
-0.927140122652056
-12.6833594560623
3.76293724179267
5.87283600568771
2
7
6.52051976919174
-8.95788586139678
4.12748041152954
-14.7767290115356
5.8804232954979
-4.89923523068429
8.43109909296036
7
7.12800160646439
-4.02656992077827
3.83214248418808
-1.42971255779266
-1.63776344656944
0.39888407588005
11.78622225523
|Explorer2Genome 30
3
6
8
-4.27871602177619
-4.47852870225906
-9.59768090248108
4.72947219014169
-12.1300698399544
-9.88275467157364
-3.73876621723175
-0.617475354671478
8
8.56245686411858
8.38591178655624
-7.94595980644226
-1.40084396004677
3.15568349957466
-3.59219489097596
-6.01166335940361
-3.34373586773873
8
11.5577881813049
5.87350614070892
-1.87633046507835
-2.1898712515831
-0.297179359197616
2.07709406018257
1.70143318176269
-5.29492448568343
8
13.7789353072643
-3.19605833292007
3.8185368180275
-6.56225795149803
-1.04343291521073
-1.70693510174751
-1.81060174107551
-2.2454697728157
8
-5.83514868021011
5.1293953537941
7.33720847964287
11.7015286505222
-0.545109969377519
-12.5908383727074
-0.0772079408168833
-1.23133463859558
8
0.540427464246746
-1.13359576463699
9.13158122897148
11.7932930827141
2.41191138029098
-1.10423140525818
3.38492764234543
-2.81764391064644
6
7
4.30090506076812
9.41556463837624
5.09617647528648
-2.74647709727288
17.7168161809445
8.66860104799272
-9.56206651329994
7
3.89024545550346
-2.63592848777771
-3.7548298239708
3.5860367000103
1.35634124279022
2.95061579942703
8.05981107354164
7
3.53925802111626
-3.17944962382316
-1.11239855289459
1.93774470686912
-0.465703594684594
-1.12799292206764
14.8076952695847
7
-0.214180433750154
-4.63947635293007
14.7680538237095
-5.87971227765083
-7.58272625803948
-6.1927058160305
8.58079711198807
7
-3.92627713084221
-15.8792860448361
1.00531941652298
4.00734004378319
4.6412694811821
-18.3967402338982
-1.53666900992393
7
7.76602281332016
0.677473294734955
3.80467838644982
0.0938501060008984
-12.4768353700638
3.44131922721862
6.56442493200302
2
7
5.48729348182678
-10.141822218895
3.48870403766632
-14.5375024139881
5.08360701799393
-5.17087879180909
9.98121357560158
7
6.68839495182038
-5.0171595454216
3.68731051087379
-2.14730932712554
-2.55529329180717
0.742905527353286
11.4243089854717
|Explorer2Genome 30
3
6
8
-4.70299483537673
-4.36564301848411
-8.85629680156707
5.9578805923462
-12.4720434784889
-8.71985638141632
-4.51091269850731
0.199692970514297
8
8.56245686411858
8.98526805639267
-7.94595980644226
-1.40084396004677
3.14315686821938
-3.59219489097596
-6.01166335940361
-3.34373586773873
8
12.3438677370548
6.78855547904968
-1.39999825358391
-1.17853511571884
-0.467934131622314
1.14722195863724
2.07056413292885
-5.56226826906203
8
12.5322390854359
-3.33323717713356
1.67597187757492
-6.54472383260727
1.14579627513885
-1.7646102309227
-0.0894437193870518
-2.77547668814659
8
-4.9130611717701
6.51878713369369
7.27757025957108
11.6647262573242
-0.444918143749238
-11.6998930096626
-0.877440369129185
-1.23164475560188
8
0.989650696516033
-1.11430016756057
8.77903754115105
11.4945208191872
2.19369307756424
-2.32907130718231
3.85109986066818
-1.83918264508247
6
7
3.35087823271751
9.75197955965996
9.01158177852631
-4.29247674942017
17.7217600286007
9.02786704897882
-8.48064548969269
7
4.01165832877159
-2.73916656970978
-3.73679150342942
3.5860367000103
1.35634124279022
2.95061579942703
7.60552792549133
7
3.41017837524414
-2.73727101683616
-1.2589599430561
1.87366315722465
-0.310016953945153
-0.834291481971742
14.3682997941971
7
-0.607122838497163
-5.03355479836464
14.9393978774548
-6.95518789887428
-6.24260624647141
-7.71818192005158
8.8306264102459
7
-3.84002494215966
-15.8165299355984
1.00531941652298
4.00734004378319
4.6412694811821
-18.3007283985615
-1.53666900992393
7
7.35434501767158
1.58681989908218
1.94379367232323
0.741435855627058
-14.2582223415375
4.21750722527503
5.58631873726845
2
7
5.30512957572936
-9.31409682631492
4.11756052970886
-15.9126294732094
7.54458839893341
-5.55085330605507
8.94738504290581
7
7.26243324279786
-5.17576471567154
3.68731051087379
-2.14730932712554
-2.48523134589195
0.742905527353286
10.8967711150646
|Explorer2Genome 30
3
6
8
-4.27871602177619
-4.52211867570877
-9.59768090248108
4.22728083729745
-12.1300698399544
-9.88275467157364
-3.26316006183624
-0.0924481749534607
8
8.56245686411858
8.38591178655624
-7.94595980644226
-1.40084396004677
3.14315686821938
-3.59219489097596
-6.01166335940361
-3.34373586773873
8
12.7445552885532
6.26688027381897
-1.23591717481613
-1.03614357709885
-0.0468125820159905
1.58632861375809
2.4343971312046
-5.26915877461432
8
13.7789353072643
-3.46471695303917
3.9172267138958
-6.74189042448997
-1.53913890123367
-0.788394904136656
-3.20997241139412
-1.8594720184803
8
-5.05924893021584
6.69885963201523
6.84193316698075
11.1380977630615
-0.65688911676407
-11.4532155394554
-0.877440369129185
-1.23164475560188
8
0.540427464246746
-1.01864422559738
9.35544366836548
12.0890883624554
2.41191138029098
-1.10423140525818
3.38492764234543
-2.81764391064644
6
7
3.35087823271751
9.65928577780724
8.51929142475128
-4.27907121181488
17.4907272934914
9.02786704897882
-8.83822597265244
7
2.88608478307724
-2.80752524137497
-3.35165069699288
3.19803565740585
1.62227518558502
2.54437936544418
7.64230523109436
7
3.53925802111626
-2.78734371066093
-1.17093930244445
1.93774470686912
-0.772489941120141
-1.12799292206764
14.3401084184647
7
-0.214180433750154
-4.63947635293007
14.7680538237095
-6.05947929024696
-7.58272625803948
-6.1927058160305
8.58079711198807
7
-3.92627713084221
-15.8792860448361
0.452549612522124
4.00734004378319
5.02772988080978
-18.3967402338982
-1.53666900992393
7
7.76602281332016
0.677473294734955
3.80467838644982
0.0938501060008984
-12.4768353700638
3.44131922721862
6.56442493200302
2
7
5.04810400009155
-9.42576303482055
3.48870403766632
-14.5845256865025
5.56467400789261
-5.17087879180909
9.98121357560158
7
6.68839495182038
-4.54119189977646
3.25219441056251
-2.14730932712554
-2.55529329180717
0.742905527353286
10.8967711150646
|Explorer2Genome 30
3
6
8
-4.04651012420654
-3.97311898469925
-9.51637828350067
4.72947219014169
-12.0613557219505
-9.88275467157364
-4.10942311286926
-0.0924481749534607
8
8.90399133563042
8.03993672132492
-7.94595980644226
-1.40084396004677
3.14315686821938
-3.59219489097596
-6.14586829543114
-3.34373586773873
8
12.3438677370548
6.85984601974487
-1.39999825358391
-1.03614357709885
-0.467934131622314
1.00012704133988
2.73187626600265
-5.82462142705916
8
13.7789353072643
-3.45778777003288
3.9172267138958
-6.74189042448997
-1.69952005147934
-0.788394904136656
-2.44611048698425
-1.8594720184803
8
-4.70379329323769
7.12670601606369
6.90612586736679
11.1380977630615
-0.920101583003999
-11.3677436947823
-0.877440369129185
-1.35544171929359
8
0.540427464246746
-0.1876649916172
9.13158122897148
11.7932930827141
2.29209567308426
-0.601692438125608
3.38492764234543
-2.81764391064644
6
7
3.35087823271751
9.65928577780724
8.51929142475128
-4.29247674942017
17.0285949826241
9.02786704897882
-8.83822597265244
7
3.11443983316421
-2.98785220980644
-3.63108464479447
3.01235562562942
1.84424114227295
2.54437936544418
7.64230523109436
7
3.53925802111626
-3.17944962382316
-1.11239855289459
1.93774470686912
-0.556759154796594
-1.12799292206764
14.3401084184647
7
-0.214180433750154
-4.63947635293007
14.7680538237095
-6.27444503903389
-7.58272625803948
-6.1927058160305
8.58079711198807
7
-3.92627713084221
-15.8792860448361
0.511145651340483
4.00734004378319
4.6412694811821
-17.8347394824028
-1.53666900992393
7
7.76602281332016
0.677473294734955
3.80467838644982
0.0938501060008984
-12.4768353700638
3.87033019065856
6.56442493200302
2
7
4.60446906089782
-9.87743244171142
3.09617211818695
-14.5375024139881
5.56467400789261
-5.17087879180909
9.46170201897621
7
6.68839495182038
-5.0171595454216
3.91438845396042
-2.14730932712554
-2.86467072367668
1.0045213997364
11.0909573078156
|Explorer2Genome 30
3
6
8
-3.71082714200019
-3.97311898469925
-9.64059932231903
4.72947219014169
-12.1300698399544
-9.88275467157364
-3.73876621723175
-0.0924481749534607
8
5.72164634466172
6.8658650457859
-5.95774499773979
-1.18372842073441
4.06798141002655
-5.94445040822029
-6.03128990530968
-1.71971093416214
8
11.7658422708511
6.21272253990173
-2.30251037478447
-1.46327534914017
-0.297179359197616
1.67753489613533
1.53371379375458
-5.86891633868216
8
13.2231988012791
-2.91312356591225
1.17402750253678
-7.27986146211624
1.4634036719799
-2.1499431014061
0.113854205608371
-2.5038834452629
8
-5.52496808767319
7.56182222366333
7.67968365550041
12.1174827635288
0.0702054619789109
-11.2276305496693
-0.671865141391758
-1.11563242077827
8
0.330070251226421
-1.51069954633712
9.13158122897148
11.2135655760765
2.41191138029098
-1.10423140525818
3.50263069868088
-2.81764391064644
6
7
3.35087823271751
9.65928577780724
8.51929142475128
-4.29247674942017
17.4907272934914
9.02786704897882
-8.83822597265244
7
3.46325144171715
-2.74302474856377
-3.26409150362015
2.98124507665634
1.69527547359466
2.68434337973595
7.47444293498993
7
3.98327353000641
-3.20238925218582
-2.66171264648437
1.52407066822052
-0.566217911243432
-1.3786079287529
13.1611773490906
7
-0.337146091461183
-6.18113263249397
14.975000411272
-6.68687623143196
-7.26449093818665
-8.14300656318665
8.28698849081994
7
-4.26863550543785
-15.2156330764294
3.36695642471313
3.73069006800652
5.05441018939018
-17.8907322764397
-0.658528101444243
7
7.76602281332016
-0.0893505930900573
3.80467838644982
0.217361253499983
-12.5468028306961
3.44131922721862
6.56442493200302
2
7
6.24760058522224
-8.37157263755798
4.14339578151703
-14.5651385009289
6.31091154813767
-5.03402267098427
9.784550344944
7
7.62005363702775
-5.87442737817764
4.86302963495254
-0.451418143510812
-0.730953049659728
0.537150001525878
11.1015902817249
