50
702
|Explorer2Genome 30
3
6
8
-4.73544132113457
-0.0254687547683716
-6.44751072525978
6.17306689023972
-8.56773790717125
0.990686410665511
-4.75117389559746
-0.176225328445435
8
-1.81259684562683
2.83978908061981
-0.20237233042717
5.37300372123718
3.45360262393951
0.945915633440018
-0.448333084583283
2.10075581073761
8
4.81912484169006
4.28904384374619
-3.03891862034798
-1.57090320587158
2.87255553007126
1.82251816391945
1.55280198454857
-4.03188325762748
8
6.89783601164818
-1.55939093232155
-0.0521600127220145
-5.70514999628067
-7.02806621789932
-0.777271103858948
0.0870349228382118
-4.16845102310181
8
-1.8905303299427
0.885904210805893
-0.771685081720353
9.15321788787842
2.16489840745926
-2.15450464487076
-0.288641667366028
-1.67288187146187
8
0.891042321920395
2.66323049068451
7.54836531877518
9.96767285466194
-0.399269956350326
-1.95003858804703
-3.81652647256851
-1.05819617509842
6
7
3.70651010870934
1.30983974933624
2.93035147190094
-6.28234133124352
6.23041920661927
7.40200861096382
-7.10494341850281
7
0.66938946843147
-0.170209074020384
0.643758982419968
4.87813799977303
-3.17174681425095
-1.25144481658935
6.11915369033813
7
3.22137110233307
2.7989285171032
-2.07414976358414
-4.85595153570175
1.75614211559296
1.74499691724777
-0.013386815786362
7
-0.90882552266121
2.99319677352905
8.40435010790824
-0.0209046185016634
-4.03413667678833
-1.54504041075707
-4.09466950297355
7
-3.21458372473717
-4.21740611791611
-3.75417393445968
7.17340638637543
1.08871876001358
0.695756363868713
1.62980257868767
7
1.13095545172691
-1.86053200960159
2.24545710682869
-0.127985888719559
0.169026201963425
-0.352426636219026
4.42894334793091
2
7
7.85410321950913
-2.16283227801323
-2.07175235748291
-5.77915222644806
2.42271394729614
-2.33257241845131
1.2019499361515
7
2.86265119314194
3.58996351361275
3.68322851061821
-3.32555505633354
-0.953644239902496
1.09179107546806
2.91993820667267
|Explorer2Genome 30
3
6
8
-4.58479580283165
-0.255269622802734
-6.38422010540962
6.17306689023972
-8.56773790717125
1.00583874583244
-4.75117389559746
-0.176225328445435
8
-1.78158071041107
2.80276837348938
-0.0788111150264739
5.37300372123718
3.45360262393951
0.981931692361832
0.096494090557098
2.10075581073761
8
4.50350902080536
4.4007136464119
-3.54974779486656
-1.57090320587158
2.83627532720566
1.22334571480751
1.59810134768486
-3.77224177718162
8
6.50204653143883
-1.0291568338871
-0.412939012050628
-4.88428159952164
-5.26096912622452
-0.952666473388672
0.908103519678117
-2.52518186569214
8
-1.84323619008064
2.27395458221436
-2.23345013856888
9.15716817378998
2.76621953845024
-1.30684849023819
-1.15520807504654
-1.62650418877602
8
0.756211394071579
3.63504946231842
7.54836531877518
9.96767285466194
-0.0855894029140467
-1.9061105132103
-3.81652647256851
-1.34786523580551
6
7
3.94675047397614
1.72627147436142
3.88430696725845
-7.35998246073723
5.58484488129616
7.0456004679203
-8.17025017738342
7
0.524309444427487
0.429569303989412
0.925838589668274
4.13027055263519
-3.74206606149673
-1.61441575288772
4.85121862888336
7
1.99804688096046
0.215781420469284
-2.03640924096108
-6.20595242977142
0.830219262838368
2.78956040143966
0.760658293962478
7
-0.67335496544838
2.99319677352905
7.49456421136856
-0.200479280948639
-3.87313631176949
-1.09073686003685
-3.34731308817863
7
-3.01214217543602
-2.52816168069839
-4.48697169423103
6.40228080749512
0.326774990558624
0.617199897766113
2.08106416463852
7
1.13095545172691
-1.86053200960159
2.24545710682869
0.36152212023735
-0.17517231106758
-0.0687785983085644
4.42894334793091
2
7
7.90143777132035
-2.16283227801323
-2.07175235748291
-5.77915222644806
2.42271394729614
-2.33257241845131
1.2019499361515
7
2.62063756585121
3.58996351361275
4.63037430644036
-3.81343585848808
-0.953644239902496
1.09179107546806
2.91993820667267
|Explorer2Genome 30
3
6
8
-4.12521314620972
-0.140830492973328
-7.38759716153145
5.28748349547386
-6.54156009554863
1.25235748291016
-4.98757700324058
0.348513674736023
8
-1.78158071041107
2.71817393302918
0.29440467953682
5.37300372123718
4.01845338344574
0.945915633440018
-0.0335454821586613
2.10075581073761
8
4.50350902080536
4.4007136464119
-3.70462862849235
-1.57090320587158
2.83627532720566
1.22334571480751
1.59810134768486
-3.65290586352348
8
6.50204653143883
-0.824971258640291
-0.0191222071647635
-4.88428159952164
-5.2319448530674
-0.952666473388672
1.0710657954216
-2.8039101600647
8
-1.84323619008064
2.56440647244453
-2.23345013856888
8.66444222927093
2.56748802065849
-1.30684849023819
-1.15520807504654
-1.1552198946476
8
0.891042321920395
3.17431476116181
8.0428728222847
9.80932725071907
-0.399269956350326
-1.95003858804703
-4.13561893701553
-0.52422667145729
6
7
3.94675047397614
1.72627147436142
3.88430696725845
-7.35998246073723
5.78528183698654
7.0456004679203
-8.17025017738342
7
0.764015227556226
-0.217385232448576
1.38882405757904
4.13027055263519
-3.74206606149673
-1.85653933286667
4.77014667987823
7
2.14405446648598
0.215781420469284
-2.03640924096108
-5.71141445636749
0.830219262838368
2.52510024309158
0.760658293962478
7
-0.67335496544838
2.99319677352905
7.49456421136856
0.0671114623546599
-3.87313631176949
-0.517674392461777
-3.34731308817863
7
-2.52355727553368
-2.52816168069839
-5.22320109009743
6.09502167701721
0.326774990558624
0.517060017585754
2.55514925718307
7
1.08401901125908
-1.86053200960159
2.24545710682869
0.45708286166191
0.135095900297166
-0.0687785983085644
4.42894334793091
2
7
7.99984115362168
-2.16283227801323
-2.21367661952973
-5.77915222644806
2.42271394729614
-2.08857624530792
1.22198732495308
7
2.62063756585121
3.21351340413094
4.68277859091759
-3.29638306498527
-0.530340588092804
1.40196616053581
2.91993820667267
|Explorer2Genome 30
3
6
8
-4.18945577144623
0.0484836101531982
-7.92933779358864
4.62267447710037
-7.06903058886528
1.25235748291016
-5.01250423789024
0.00577183365821812
8
-1.37918999195099
2.80276837348938
-0.19163104891777
5.37300372123718
3.45360262393951
0.981931692361832
0.096494090557098
1.84139256477356
8
4.50350902080536
4.4007136464119
-3.54974779486656
-1.57090320587158
2.83627532720566
1.22334571480751
1.29062907099724
-3.77224177718162
8
6.34381915926933
-1.85615423917771
-0.897806155681609
-5.72668513059616
-7.46048709154129
-0.232487559318543
0.170905882120133
-3.62611072063446
8
-1.84323619008064
2.27395458221436
-2.23345013856888
9.15716817378998
2.76621953845024
-1.30684849023819
-0.974782258272171
-1.40656297802925
8
-0.142905479669571
3.56857459545136
7.3010064959526
9.69826748967171
0.283809518814087
-2.30607027411461
-2.95982910990715
-1.13243106603622
6
7
4.1285398542881
1.54373012781143
3.88430696725845
-7.59364342093468
5.09747863411904
7.0456004679203
-8.17025017738342
7
0.524309444427487
0.948435270786287
0.390609288215637
4.13027055263519
-3.74206606149673
-1.61441575288772
4.85121862888336
7
1.53847761750221
0.215781420469284
-2.03640924096108
-6.20595242977142
0.421931833028798
2.78956040143966
0.839672237634658
7
-0.67335496544838
2.99319677352905
7.9527593255043
-0.733307182788849
-3.64693770408631
-1.09073686003685
-3.61944121718406
7
-3.01214217543602
-1.96442786455154
-4.48697169423103
6.27137734889984
0.326774990558624
0.617199897766113
1.68054755926132
7
1.13095545172691
-1.58073013424873
2.24545710682869
0.92766506075859
-0.17517231106758
-0.0687785983085644
4.42894334793091
2
7
6.77228971719742
-1.877803170681
-2.07175235748291
-5.77915222644806
2.09372177124023
-2.33257241845131
1.72863236069679
7
2.62063756585121
3.85766821503639
4.98926388621331
-3.81343585848808
-1.37915731668472
1.09179107546806
3.34766099452972
|Explorer2Genome 30
3
6
8
-4.47818441390991
-0.747176456451416
-6.90609365105629
6.17306689023972
-7.83644191622734
1.61036086082458
-4.79526054263115
0.0655961990356443
8
-1.27570536136627
3.2851345539093
-0.0414919316768645
5.56063482761383
3.45360262393951
1.17003227472305
0.31732507944107
2.69004814624786
8
5.10556902885437
3.90521959066391
-3.54974779486656
-1.26770672798157
2.83627532720566
1.22334571480751
1.40060264468193
-3.77224177718162
8
6.50204653143883
-1.0291568338871
-0.713731372356414
-5.36736875772476
-5.58764187097549
-1.31105608940125
0.908103519678117
-2.52518186569214
8
-1.73202736973763
1.85810010433197
-2.17590833306313
9.43036809563637
3.70420405268669
-1.38857155442238
-0.530031234025955
-1.62650418877602
8
0.556251281499863
3.63504946231842
7.64084092974663
9.96767285466194
0.444666868448258
-2.48229201436043
-3.81652647256851
-1.95931327939033
6
7
3.97680315971375
0.78402088880539
3.17025743722916
-7.25240320563316
5.7524591088295
8.31537427306175
-7.34030591845512
7
0.524309444427487
0.335533630847932
0.925838589668274
4.13027055263519
-3.71557635068893
-0.602272236347197
4.85121862888336
7
2.47376933693886
0.215781420469284
-1.5779302418232
-5.48571581244469
1.3516594350338
2.40489429235458
0.760658293962478
7
-0.457790923118592
2.99319677352905
7.49456421136856
-1.08362814188004
-3.87313631176949
-0.950448745489121
-2.86024739146232
7
-2.32595357298851
-5.12349289059639
-2.97016475796699
7.14549798369408
0.353269922733307
-0.391460394859314
1.95688353776932
7
1.2781940639019
-1.47218075990677
2.76063814759254
0.224222326278686
-1.35774925351143
-0.0687785983085644
5.00244040489197
2
7
7.95036267638207
-1.92946657538414
-2.07175235748291
-5.54288131594658
2.10030856132507
-2.33257241845131
1.06747234463692
7
2.87141059041023
3.12428632378578
4.08250264525414
-2.81144167780876
-0.916684275865555
1.13551802039146
3.53398532867432
|Explorer2Genome 30
3
6
8
-4.18945577144623
0.0484836101531982
-8.09309208989143
4.68972634077072
-6.20627896189689
1.25235748291016
-4.45918933749199
0.256416308879852
8
-0.913405013084411
2.67052896022797
-0.0589390218257903
5.83006544113159
2.97974469661713
0.703045254945755
0.330623024702072
1.84139256477356
8
5.03668568134308
3.90521959066391
-3.54974779486656
-1.26770672798157
2.83627532720566
1.22334571480751
1.53289999365807
-3.44992279410362
8
6.77587274909019
-1.48861714601517
0.0667694211006173
-5.15044749975204
-4.60502554178238
-0.643959450721741
0.713765817880631
-2.52518186569214
8
-1.35379870533943
1.6270644903183
-2.47438296079636
9.15716817378998
3.27140037417412
-0.825886106491089
-0.698017466068268
-2.13232653737068
8
0.913921636343002
4.15804581642151
7.3010064959526
9.46069365143776
0.283809518814087
-2.61447152495384
-3.18836104273796
-1.13243106603622
6
7
2.6550034224987
1.10175422430039
2.20199114084244
-5.23559324145317
5.94262325763703
7.58528373837471
-7.22929196953773
7
1.66955504417419
-0.11816980242729
1.49967138767242
3.87517185807228
-2.06700049638748
-1.45874119997024
4.98901093006134
7
3.69507625102997
1.38128399252892
-1.84030673503876
-5.0414975464344
1.29760448336602
1.25439292192459
-1.58022174239159
7
-0.877984267473221
3.15007336735725
8.40435010790824
-0.0209046185016634
-3.70048818588257
-1.10292689204216
-4.09466950297355
7
-3.40258969664574
-2.78309005498886
-4.48109694123268
5.78580524921417
0.326774990558624
-0.0886183261871342
1.7420724272728
7
2.21785055994987
-1.34550675153732
2.81726403236389
0.589492487907409
-0.0454347729682915
0.10420394539833
4.18974130153656
2
7
7.82045907378197
-1.92946657538414
-2.07175235748291
-5.9340977370739
2.10030856132507
-2.33257241845131
1.06747234463692
7
2.62063756585121
4.28501846194267
5.36068882346154
-3.81343585848808
-1.37915731668472
1.09179107546806
3.34766099452972
|Explorer2Genome 30
3
6
8
-4.18945577144623
-0.494793248176575
-7.92933779358864
4.22572284936905
-6.73047315478325
1.37042310237884
-4.96738697886467
0.00577183365821812
8
-1.28350930213928
2.71817393302918
-0.20237233042717
5.37300372123718
3.71209746003151
0.755004721879959
0.631097078323364
2.10075581073761
8
4.50350902080536
4.4007136464119
-3.54974779486656
-1.57090320587158
2.47661498785019
1.22334571480751
1.32653217315674
-3.86405021548271
8
6.34381915926933
-1.85615423917771
-0.704970794916152
-5.72668513059616
-7.46048709154129
-0.232487559318543
0.170905882120133
-3.62611072063446
8
-2.14341221451759
0.496167582273483
-0.802069145441056
9.15321788787842
1.62889741659164
-2.5205763399601
-0.538481622934341
-1.56763163208961
8
0.884063142538071
4.15508801937103
7.3010064959526
9.8161411345005
0.856083774566651
-2.26238495707512
-2.95982910990715
-1.13243106603622
6
7
3.6455152451992
1.38413650989533
2.7264823615551
-5.77297152876854
5.46263508796692
7.30929580330849
-7.37188193798065
7
0.499928432703015
0.187494897842409
0.643758982419968
4.87813799977303
-2.69627112150192
-0.781549978256225
6.11915369033813
7
3.48567875027657
-0.184213244915009
-2.14606652855873
-5.66428189277649
1.46785871982575
3.3627139210701
1.21032575368881
7
-0.90882552266121
3.07406666278839
8.40435010790824
-0.0209046185016634
-3.3790629863739
-1.39929875731468
-3.50184051394462
7
-2.52355727553368
-2.52816168069839
-4.97190936207771
6.09502167701721
0.326774990558624
0.617199897766113
0.968826329708099
7
0.995748871564865
-1.86053200960159
2.24545710682869
-0.127985888719559
-0.17517231106758
-0.0687785983085644
3.84557232856751
2
7
7.85410321950913
-1.84558417201042
-1.92999746799469
-5.77915222644806
2.42271394729614
-2.42118266224861
1.72413082718849
7
2.62063756585121
4.07720350027084
5.57875906825066
-3.81343585848808
-1.37915731668472
1.09179107546806
3.02792007923126
|Explorer2Genome 30
3
6
8
-4.58479580283165
-0.255269622802734
-6.38422010540962
6.17306689023972
-8.56773790717125
1.00583874583244
-4.75117389559746
-0.176225328445435
8
-1.78158071041107
2.98948228955269
-0.0788111150264739
5.37300372123718
3.45360262393951
0.981931692361832
0.096494090557098
2.10075581073761
8
5.0610981464386
4.49158524274826
-4.18515560030937
-1.03572583198547
3.00024169683456
1.04684820771217
1.42741307616234
-3.36965243220329
8
5.99831752181053
-1.0291568338871
-0.412939012050628
-4.88428159952164
-5.26096912622452
-0.952666473388672
0.908103519678117
-2.52518186569214
8
-1.84323619008064
2.27395458221436
-2.24672621488571
9.15716817378998
2.76621953845024
-1.30684849023819
-1.03340982198715
-1.85405414700508
8
-0.0535005509853363
3.8046413898468
6.55106250047684
9.18258267641068
-0.572898054122924
-2.55967249274254
-2.53459312319756
0.642580902576447
6
7
2.64472298026085
1.17337399721146
2.20199114084244
-5.51488866209984
5.94262325763703
7.58528373837471
-7.5923467695713
7
1.29538459777832
-0.11816980242729
1.49967138767242
3.87517185807228
-1.78223846554756
-1.45874119997024
5.07673261165619
7
3.69507625102997
1.34834224581718
-1.84030673503876
-5.25802861452103
1.29760448336602
0.694828045368193
-1.58022174239159
7
-0.860898596048356
3.15007336735725
8.40435010790824
-0.0209046185016634
-3.70048818588257
-1.13375849127769
-4.09466950297355
7
-3.01214217543602
-2.52816168069839
-4.48697169423103
6.40228080749512
0.326774990558624
0.617199897766113
2.08106416463852
7
1.02273575663567
-1.86053200960159
1.86094821095467
0.36152212023735
-0.17517231106758
-0.0687785983085644
4.56656048297882
2
7
7.90143777132035
-2.16283227801323
-1.5974199295044
-5.77915222644806
2.42271394729614
-2.33257241845131
1.2019499361515
7
2.62063756585121
3.58996351361275
4.63037430644036
-3.81343585848808
-0.953644239902496
1.09179107546806
2.91993820667267
|Explorer2Genome 30
3
6
8
-4.73544132113457
-0.335351157188416
-6.38422010540962
6.17306689023972
-8.56773790717125
1.00583874583244
-4.49736212491989
-0.176225328445435
8
-0.564509326219559
3.7719459593296
0.214334714412689
6.20412521958351
2.92267985939979
1.82754023075104
1.5192458987236
1.82030130028724
8
4.50350902080536
4.4007136464119
-3.54974779486656
-1.74450371265411
2.11940861940384
1.22334571480751
1.78917217254639
-3.86405021548271
8
6.89783601164818
-1.55939093232155
-0.0521600127220145
-5.70514999628067
-7.02806621789932
-0.777271103858948
0.0870349228382118
-4.2892587184906
8
-1.84323619008064
1.78220796585083
-1.76492615938187
9.06431303024292
2.76621953845024
-1.30684849023819
-1.15520807504654
-1.62650418877602
8
-0.735325878858566
3.61594984531403
7.09807807207107
9.38840833306313
0.364624601602555
-2.73095199465752
-2.8316875398159
-0.651404988765716
6
7
4.34810750484467
1.72627147436142
3.81384025812149
-7.35998246073723
5.58484488129616
7.0456004679203
-8.65630550384521
7
0.66938946843147
-0.170209074020384
0.643758982419968
4.87813799977303
-3.17174681425095
-1.25144481658935
6.11915369033813
7
2.5389269888401
-0.326348900794983
-2.03640924096108
-5.9322856605053
0.750895756483082
4.17097836732864
1.35319960713387
7
-0.90882552266121
2.99319677352905
8.40435010790824
-0.0209046185016634
-3.70048818588257
-1.40369779467583
-4.09466950297355
7
-2.94125512838364
-4.78565641641617
-3.6071155667305
6.63139147162438
-0.803900563716888
0.350963187217712
1.28847220540047
7
1.34295666217804
-1.51094275712967
2.3178623020649
0.607150077819824
-0.173053455352782
0.441965639591216
4.75449816584587
2
7
7.85410321950913
-2.16283227801323
-2.07175235748291
-5.77915222644806
2.42271394729614
-2.33257241845131
0.973484450578688
7
2.86265119314194
3.58996351361275
4.09842574000359
-3.32555505633354
-0.953644239902496
1.09179107546806
2.91993820667267
|Explorer2Genome 30
3
6
8
-4.48329851031303
-0.0579971015453339
-5.96832521557808
6.27421485185623
-8.56773790717125
1.31820022463798
-5.26155578494072
-0.749015998840332
8
-2.52092933654785
2.0632637321949
0.666742497682572
5.13176940083504
3.54421000480652
1.53488832116127
0.137108224630355
1.99262459278107
8
5.03668568134308
3.90521959066391
-3.51862515807152
-1.26770672798157
2.71637477278709
1.22334571480751
1.53289999365807
-3.77224177718162
8
6.40865580439567
-1.58672886490822
-0.492032921314239
-5.36736875772476
-5.36611007452011
-0.958029174804688
0.908103519678117
-2.52518186569214
8
-1.35379870533943
2.18643639087677
-2.47438296079636
9.16543617248535
3.27140037417412
-1.52121666073799
-0.698017466068268
-2.11891928315163
8
0.792663544416428
3.18686699867249
7.17145859003067
9.96767285466194
-0.630303639173507
-1.9061105132103
-4.4637470126152
-1.34786523580551
6
7
4.1172346830368
1.32123831510544
3.40528745055199
-6.96980702280998
5.90454043149948
8.08946196436882
-7.75086349844932
7
-0.0995996236801178
0.429569303989412
1.2940877199173
4.23496716618538
-3.74206606149673
-1.93710845708847
4.74763643741608
7
2.74452959299088
1.25565425753593
-1.20021141171455
-5.05458325743675
1.14122704863549
2.26345103979111
0.760658293962478
7
-0.44087217450142
1.48523345589638
7.3624553322792
-0.681967109441757
-2.90147689580918
-1.03874241709709
-0.774173492193219
7
-3.55010840296745
-3.15950525999069
-3.82134369015694
6.45338754653931
1.38254520893097
0.695756363868713
1.6119980931282
7
1.2781940639019
-0.976325857639312
2.26973267197609
-0.0352587044239051
-1.04002593159676
-0.0687785983085644
4.42894334793091
2
7
7.98835613131523
-1.92946657538414
-2.07175235748291
-5.9340977370739
2.10030856132507
-2.33257241845131
1.11227717995643
7
2.50713034272194
3.08956319689751
5.42063002586365
-4.68803605437279
-2.58388798236847
0.0209944248199471
2.14190334677696
|Explorer2Genome 30
3
6
8
-4.48329851031303
-0.0579971015453339
-5.96832521557808
6.27421485185623
-8.56773790717125
1.31820022463798
-5.26155578494072
-0.749015998840332
8
-2.52092933654785
2.0632637321949
0.666742497682572
5.13176940083504
3.54421000480652
1.53488832116127
0.137108224630355
1.99262459278107
8
5.03668568134308
3.90521959066391
-3.51862515807152
-1.26770672798157
2.71637477278709
1.22334571480751
1.53289999365807
-3.77224177718162
8
6.40865580439567
-1.58672886490822
-0.492032921314239
-5.36736875772476
-5.36611007452011
-0.958029174804688
0.908103519678117
-2.52518186569214
8
-1.35379870533943
2.18643639087677
-2.47438296079636
9.16543617248535
3.27140037417412
-1.52121666073799
-0.698017466068268
-2.11891928315163
8
0.792663544416428
3.18686699867249
7.17145859003067
9.96767285466194
-0.630303639173507
-1.9061105132103
-4.4637470126152
-1.34786523580551
6
7
4.1172346830368
1.32123831510544
3.40528745055199
-6.96980702280998
5.90454043149948
8.08946196436882
-7.75086349844932
7
-0.0995996236801178
0.429569303989412
1.2940877199173
4.23496716618538
-3.74206606149673
-1.93710845708847
4.74763643741608
7
2.74452959299088
1.25565425753593
-1.20021141171455
-5.05458325743675
1.14122704863549
2.26345103979111
0.760658293962478
7
-0.44087217450142
1.48523345589638
7.3624553322792
-0.681967109441757
-2.90147689580918
-1.03874241709709
-0.774173492193219
7
-3.55010840296745
-3.15950525999069
-3.82134369015694
6.45338754653931
1.38254520893097
0.695756363868713
1.6119980931282
7
1.2781940639019
-0.976325857639312
2.26973267197609
-0.0352587044239051
-1.04002593159676
-0.0687785983085644
4.42894334793091
2
7
7.98835613131523
-1.92946657538414
-2.07175235748291
-5.9340977370739
2.10030856132507
-2.33257241845131
1.11227717995643
7
2.50713034272194
3.08956319689751
5.42063002586365
-4.68803605437279
-2.58388798236847
0.0209944248199471
2.14190334677696
|Explorer2Genome 30
3
6
8
-4.04380352497101
0.0898875474929809
-6.78297761082649
6.58082402944565
-7.83644191622734
1.24284615516663
-5.08833486437798
0.227589392662048
8
0.213125938177109
3.83117832541466
-0.0286721885204316
4.62484548687935
2.34201608300209
1.85938318371773
-1.38209934234619
1.0812823176384
8
5.13049833774567
3.40471679568291
-3.29295884370804
-1.21539249420166
3.2400798022747
1.3492144882679
1.23632483482361
-3.72672240138054
8
6.50204653143883
-1.25008493661881
0.505238068103791
-5.47229648828506
-4.62564223408699
-0.952666473388672
0.908103519678117
-2.74953799247742
8
-1.38965447545052
1.53798133730888
-1.09704306125641
9.15321788787842
1.73649355173111
-1.76794840097427
-0.538481622934341
-2.02993538975716
8
1.29833754897118
2.7213570356369
7.54836531877518
9.96767285466194
-0.399269956350326
-2.29947234392166
-3.22484117746353
-0.264669644832611
6
7
3.105141466856
0.993565410375596
2.7098803460598
-5.31910092234611
6.1154100894928
6.86255071759224
-7.10494341850281
7
0.66938946843147
-0.170209074020384
0.80100965499878
5.14761945009232
-3.17174681425095
-1.25144481658935
6.11915369033813
7
1.99657238125801
0.215781420469284
-2.03640924096108
-6.20595242977142
0.830219262838368
2.48845318555832
0.760658293962478
7
0.541158843040466
2.10858455300331
7.96283513307571
-1.37689957022667
-2.66521192193032
-1.41062311530113
-1.41606913208961
7
-2.08453258872032
-3.11667839288712
-4.97190936207771
6.09502167701721
0.326774990558624
0.617199897766113
2.14288793802261
7
1.59961075186729
-1.39706181287765
3.07476925849915
0.930556625127792
-0.21440907716751
0.651345562934874
3.41548420786858
2
7
7.90219780206681
-1.18626815676689
-1.49377179145813
-6.9575494647026
1.51804161071777
-2.11279516220093
2.17143509984016
7
3.15862532258034
4.14475978016853
5.19576250910759
-3.81343585848808
-0.953644239902496
0.885107129812241
3.45218932628632
|Explorer2Genome 30
3
6
8
-4.21781809329987
-0.0601593732833862
-7.30055933594704
4.8821475148201
-7.64035384058952
1.80748634338379
-4.57669414281845
-0.223161196708679
8
-2.34217462539673
3.06298356056213
0.253786361217499
6.05932748913765
3.45360262393951
1.43843529820442
0.567661368846893
2.0718300640583
8
4.61050820350647
4.4007136464119
-3.60883156657219
-1.48317766189575
2.33193484544754
1.02917709946632
1.34806961417198
-3.68863617777824
8
5.9164371907711
-1.0291568338871
-0.60943077802658
-5.66993423700333
-5.46428793668747
-1.73328127861023
0.908103519678117
-2.52518186569214
8
-2.73241744637489
1.8328655064106
-0.870322567224503
8.91617378592491
1.28732058405876
-1.79861500859261
-0.0355918765068055
-1.1698694229126
8
-0.136454731225967
3.90025776028633
7.54836531877518
9.97336798906326
1.03448076844215
-1.63406304717064
-2.53334199786186
-0.6816366314888
6
7
3.52256770133972
1.32123831510544
3.64873777627945
-7.06558386087418
6.07966577410698
8.31537427306175
-6.99149708151817
7
0.525631093978879
-0.185699474811552
0.925838589668274
4.13027055263519
-3.74206606149673
-1.61441575288772
5.20001337528229
7
2.47376933693886
-0.194683748483658
-1.5779302418232
-5.70272032618523
0.830219262838368
2.78956040143966
0.58473749756813
7
-0.429919695854188
2.82550318837166
8.06704344153404
-0.113360631465912
-3.58163285255432
-0.877052938938141
-2.88516632914543
7
-2.94125512838364
-4.78565641641617
-4.29808887243271
6.63139147162438
-0.803900563716888
-0.313420987129212
1.52812271714211
7
1.2781940639019
-1.47218075990677
1.94162762761116
-0.0352587044239051
-1.04002593159676
-1.18598774671555
4.3107705116272
2
7
7.34090529680252
-2.16283227801323
-2.26582605838776
-5.77915222644806
2.09372177124023
-2.33257241845131
1.78228576779365
7
1.99217303395272
3.01844235062599
4.52905640006066
-3.86889757514
-1.32373365163803
1.22683479189873
4.12992407083511
|Explorer2Genome 30
3
6
8
-4.04380352497101
-0.451411128044128
-6.78297761082649
7.16350754499435
-7.83644191622734
1.58366208076477
-5.08833486437798
0.475538301467895
8
0.213125938177109
3.83117832541466
-0.0286721885204316
5.06103833317757
2.34201608300209
1.31437519192696
-0.960987234115602
1.0812823176384
8
5.06004321575165
4.49158524274826
-4.11086105704307
-2.02620031833649
3.53288391828537
1.04684820771217
1.82162591814995
-3.77224177718162
8
6.77587274909019
-1.42624836564064
-0.084594213962554
-5.02930828332901
-4.64162002801895
-0.5102623462677
-0.110275596380233
-2.2943582713604
8
-2.75248594880104
2.34137591123581
-0.216994386911393
9.35351361632347
1.27587763667107
-2.24098981022835
-1.34855414628983
-0.68698947429657
8
-1.08497932553291
3.58466747403145
7.13031393289566
9.69826748967171
0.753673744201661
-0.878164780139923
-2.95982910990715
-0.669301277399063
6
7
3.08170446753502
0.995083558559418
3.21083144545555
-6.16837455630302
6.8031501352787
7.97505403757096
-5.9349264383316
7
1.27606983184814
-0.368074023723601
0.602962136268616
3.71408834457397
-3.63597396612167
-1.44632180333137
5.30991034507751
7
1.99804688096046
-0.12509086728096
-2.63714287877083
-6.12449095249176
0.927337884902958
3.24268213510513
0.760658293962478
7
0.435316103696823
0.228988534212112
8.29660857915878
-1.06982383131981
-2.51393266916275
-1.58373703360558
-0.257759672403333
7
-3.01214217543602
-3.15950525999069
-4.08726125359535
6.49475393295288
0.896483534574509
0.695756363868713
2.24045740365982
7
1.59961075186729
-1.33885980844498
3.07476925849915
0.930556625127792
-0.21440907716751
0.651345562934874
3.41548420786858
2
7
7.90219780206681
-1.18626815676689
-2.07175235748291
-6.56724671125412
1.51804161071777
-2.11279516220093
1.96737928986549
7
2.34556329846382
3.2236707508564
4.36562888622284
-2.47130941152573
-1.28897960782051
0.548336547613145
2.50981271266937
|Explorer2Genome 30
3
6
8
-4.18945577144623
0.0484836101531982
-7.92933779358864
4.62267447710037
-7.06903058886528
1.25235748291016
-5.58785881400108
0.00577183365821812
8
-1.42201642990112
2.80276837348938
-0.19163104891777
5.37300372123718
3.78276374340057
0.817480880022049
0.096494090557098
2.3869658946991
8
4.92087662220001
4.40604823827744
-3.54974779486656
-1.57090320587158
3.10974118113518
1.22334571480751
1.59810134768486
-3.27514876723289
8
6.50204653143883
-1.0291568338871
-0.412939012050628
-4.88428159952164
-5.26096912622452
-0.952666473388672
0.908103519678117
-2.93871140480041
8
-1.84323619008064
2.27395458221436
-2.23345013856888
9.15716817378998
2.76621953845024
-1.30684849023819
-0.779638481140137
-1.40656297802925
8
0.756211394071579
3.05861041545868
7.77454432845115
9.87548962235451
-0.0855894029140467
-1.9061105132103
-3.81652647256851
-1.20773569345474
6
7
4.1285398542881
1.54373012781143
3.52509380578995
-7.59364342093468
5.09747863411904
7.0456004679203
-7.79692659378052
7
0.524309444427487
0.429569303989412
0.925838589668274
4.13027055263519
-4.27265464067459
-1.61441575288772
4.85121862888336
7
1.53847761750221
0.215781420469284
-1.82203781604767
-6.20595242977142
0.421931833028798
2.19347170591354
0.839672237634658
7
-0.67335496544838
2.99319677352905
7.50269623994827
-0.733307182788849
-3.64693770408631
-1.09073686003685
-3.61944121718406
7
-3.01214217543602
-1.96442786455154
-4.48697169423103
6.27137734889984
0.326774990558624
0.617199897766113
1.1916742682457
7
1.13095545172691
-1.86053200960159
2.24545710682869
0.36152212023735
-0.17517231106758
-0.0687785983085644
4.42894334793091
2
7
7.90143777132035
-2.16283227801323
-2.07175235748291
-5.77915222644806
2.42271394729614
-1.8176352083683
0.607290321588515
7
2.9978299677372
4.07810815572739
4.98926388621331
-3.81343585848808
-1.37915731668472
1.09179107546806
3.34766099452972
|Explorer2Genome 30
3
6
8
-4.04380352497101
-0.451411128044128
-6.71045818924904
6.88986786603928
-7.51696936488151
1.53879364132881
-5.08833486437798
0.475538301467895
8
0.213125938177109
3.83117832541466
-0.0286721885204316
4.62484548687935
2.34201608300209
1.85938318371773
-0.960987234115602
1.0812823176384
8
5.06004321575165
4.49158524274826
-4.11086105704307
-2.02620031833649
3.53288391828537
1.04684820771217
1.82162591814995
-3.77224177718162
8
7.30128430724144
-1.42624836564064
-0.084594213962554
-5.02930828332901
-5.07423659563065
-0.5102623462677
0.339398962259293
-2.2943582713604
8
-2.75248594880104
2.28272958993912
-0.216994386911393
9.35351361632347
1.27587763667107
-2.24098981022835
-1.20753983259201
-0.68698947429657
8
-1.08497932553291
4.04150403141976
7.13031393289566
9.69826748967171
0.337994575500489
-0.878164780139923
-2.95982910990715
-0.45364511013031
6
7
3.08170446753502
0.995083558559418
3.28166665434837
-6.16837455630302
6.5124971151352
7.51368397474289
-5.9349264383316
7
1.27606983184814
-0.368074023723601
0.602962136268616
3.40725450515747
-3.63597396612167
-1.44632180333137
5.30991034507751
7
1.99804688096046
-0.12509086728096
-2.3111378967762
-6.71757242679596
0.993841719627385
3.4088284432888
0.760658293962478
7
-0.0454092800617223
0.228988534212112
7.79402211904525
-1.06982383131981
-2.51393266916275
-1.58373703360558
-0.257759672403333
7
-2.81569377183914
-3.15950525999069
-4.08726125359535
7.01700706481934
0.745839732885361
0.695756363868713
2.24045740365982
7
1.59961075186729
-1.33885980844498
3.07476925849915
0.930556625127792
-0.21440907716751
0.738988924026488
3.41548420786858
2
7
7.90219780206681
-1.18626815676689
-2.07175235748291
-6.56724671125412
0.969016742706299
-2.11279516220093
2.17143509984016
7
2.6558327972889
2.97674387097359
4.36562888622284
-2.47130941152573
-1.28897960782051
0.548336547613145
2.80090627670288
|Explorer2Genome 30
3
6
8
-4.72872533798218
-0.377252626419067
-6.44802485108375
6.17306689023972
-8.05450014472008
1.04156133532524
-4.30789794325829
-0.164714431762696
8
-1.91839218139648
2.80276837348938
-0.0566956222057341
5.37300372123718
3.61219969391823
1.0553599178791
0.096494090557098
2.523166680336
8
4.67971325516701
4.4007136464119
-3.54974779486656
-1.28086287379265
2.78114362955093
1.22334571480751
1.78917217254639
-3.77224177718162
8
6.89783601164818
-1.67339361310005
-0.0521600127220145
-5.98971184492111
-7.02806621789932
-0.777271103858948
0.0870349228382118
-3.61699256896973
8
-1.8905303299427
0.885904210805893
-0.700658684968949
9.15321788787842
2.16489840745926
-2.15450464487076
-0.288641667366028
-1.94972539544105
8
0.891042321920395
2.66323049068451
7.54836531877518
9.96767285466194
-0.399269956350326
-1.95003858804703
-3.81652647256851
-1.05819617509842
6
7
3.70651010870934
1.30983974933624
2.93035147190094
-6.28234133124352
6.23041920661927
7.40200861096382
-7.10494341850281
7
-0.0995996236801178
-0.0524340987205489
1.2940877199173
3.919654327631
-3.74206606149673
-1.52641748189926
4.98944816589355
7
3.22137110233307
3.00710654258728
-2.09230817556381
-4.85595153570175
1.75614211559296
1.24110339879989
-0.013386815786362
7
-0.90882552266121
2.99319677352905
8.40670565962791
-0.0209046185016634
-4.03413667678833
-1.54504041075707
-4.09466950297355
7
-2.77437643408775
-3.48291581273079
-4.26437100172043
6.91619591712952
1.3843426823616
1.17931644916534
2.05693363547325
7
1.17233555316925
-2.02948013544083
3.49013984799385
-0.21042669415474
-0.210359406471252
-0.509897696971894
4.50465846061707
2
7
8.23014491796494
-2.14734877943993
-2.4362795829773
-5.77915222644806
2.42271394729614
-1.74555187821388
1.2019499361515
7
2.87141059041023
3.12428632378578
3.73357300162316
-2.81144167780876
-0.439230901002884
0.649297040700913
3.17679319381714
|Explorer2Genome 30
3
6
8
-4.12521314620972
0.0484836101531982
-8.06649172902107
5.06208440065384
-7.06903058886528
1.73486785888672
-4.75117389559746
0.158586525917053
8
-1.63628401756287
2.31904091835022
0.759716480970383
5.82476325035095
3.45360262393951
1.53592715859413
0.705249750614166
2.10075581073761
8
4.32935998439789
4.94288178682327
-3.54974779486656
-2.04356665611267
2.83627532720566
1.03783233761787
1.59810134768486
-3.77224177718162
8
6.50204653143883
-1.18687156438828
-0.0191222071647635
-4.88428159952164
-5.220288169384
-0.952666473388672
0.908103519678117
-2.76936967372894
8
-1.35379870533943
2.18643639087677
-2.47438296079636
9.15716817378998
3.27140037417412
-1.52121666073799
-0.698017466068268
-1.62650418877602
8
0.448142379522324
3.18686699867249
7.54836531877518
10.3038829624653
-0.657570189237594
-1.9061105132103
-3.81652647256851
-1.19073329567909
6
7
3.97680315971375
1.32123831510544
3.17025743722916
-7.25240320563316
5.90454043149948
8.15954229235649
-7.43238343596458
7
0.525631093978879
0.0886332154274003
0.925838589668274
3.85468344688415
-3.74206606149673
-1.61441575288772
5.00428714752197
7
2.21792205572128
-0.0276731073856353
-1.45174704194069
-6.42034397125244
0.915815705060963
2.81365844011307
0.760658293962478
7
-0.67335496544838
2.64718909263611
7.73841103911399
-0.200479280948639
-3.58163285255432
-1.09073686003685
-2.88516632914543
7
-3.40258969664574
-2.45863388776779
-4.48697169423103
5.78580524921417
-0.0199459433555601
0.281984853744506
1.52840858697891
7
1.49439697265625
-1.47218075990677
2.24545710682869
0.282155483961105
-1.04002593159676
-0.301747477054597
4.35163772106171
2
7
7.86908060312271
-2.33231362700462
-2.35518252849579
-5.61078619360924
2.09372177124023
-2.33257241845131
1.72863236069679
7
2.62063756585121
3.45907865166664
5.61613647341728
-3.96940345168114
-0.953644239902496
1.09179107546806
2.91993820667267
|Explorer2Genome 30
3
6
8
-4.5085666179657
-0.140830492973328
-7.14737866520881
4.7755055308342
-7.04015550017357
1.73023500442505
-4.75117389559746
-0.223161196708679
8
-1.34962305426598
2.87343748211861
-0.0950366914272306
6.36642318367958
3.69821423888206
1.44318373799324
0.0330116391181943
3.34931464791298
8
5.25392966270447
3.94751235842705
-3.29295884370804
-1.57090320587158
3.2400798022747
1.52149053812027
1.39024093151092
-3.77224177718162
8
5.79197875857353
-2.00935931801796
0.571595972776414
-5.28065465688705
-7.40137864351272
-0.542890810966492
0.111294609308244
-4.4159255027771
8
-1.35379870533943
2.73016650676727
-2.47438296079636
8.97012114524841
3.27140037417412
-1.52121666073799
-1.57176171541214
-2.11422892212868
8
-0.300891202688217
3.7056179523468
7.09807807207107
9.26595404744148
0.364624601602555
-3.08153859972954
-3.3996360719204
-0.64579302072525
6
7
3.97680315971375
1.32123831510544
3.17025743722916
-7.25240320563316
5.90454043149948
8.65186032652855
-7.85385703444481
7
-0.0995996236801178
0.665230602025987
1.2940877199173
4.14917896389961
-3.74206606149673
-1.52641748189926
4.98944816589355
7
3.76230478286743
1.71554581522942
-2.28382204771042
-4.42470298409462
1.03811363577843
1.88598333597183
-0.181082832813263
7
-0.67335496544838
2.64718909263611
7.73841103911399
-0.200479280948639
-3.45364134311676
-1.09073686003685
-2.88516632914543
7
-4.54589280486107
-1.73867178559303
-4.49181118607521
6.70832915306091
2.00629234316518E-05
1.30247669219971
1.2737716794014
7
1.52528173327446
-1.33885980844498
3.35104907155037
0.930556625127792
-0.651553928852081
0.0664667844772328
3.05001234412193
2
7
9.4297298014164
-1.85474042892456
-2.27665197253227
-7.55772168040276
2.45027375221252
-1.82566583156586
1.49473073482513
7
3.4360929608345
3.59722657799721
4.4890682220459
-3.14808322787285
-1.76763740181923
1.12395598292351
2.54895215034485
|Explorer2Genome 30
3
6
8
-4.35007646083832
-1.31314930915833
-6.90609365105629
6.17306689023972
-7.92147502303123
1.2366004884243
-4.85496179461479
0.0655961990356443
8
-1.37918999195099
2.80276837348938
-0.651033514738083
5.83006544113159
3.45360262393951
0.572103744745255
0.096494090557098
1.84139256477356
8
5.03668568134308
3.90521959066391
-3.54974779486656
-0.895078659057617
2.83627532720566
1.22334571480751
1.53289999365807
-3.77224177718162
8
6.50204653143883
-1.86486449837685
-0.492032921314239
-5.36736875772476
-4.89523154497147
-1.31105608940125
0.908103519678117
-2.41260526180267
8
-2.48355465531349
0.496167582273483
-0.802069145441056
9.15321788787842
1.73649355173111
-2.96805726289749
-0.538481622934341
-2.02993538975716
8
0.840194362401962
3.18686699867249
7.54836531877518
10.463489562273
-0.672150748968124
-1.9061105132103
-3.41416865587234
-1.34786523580551
6
7
3.24334782958031
1.38413650989533
2.7264823615551
-5.77297152876854
6.21673436164856
7.40200861096382
-7.37188193798065
7
1.29538459777832
-0.424510258436201
1.96195704936981
4.73600266575813
-2.25077009797096
-1.30986150503158
5.06110491752624
7
3.48567875027657
-0.184213244915009
-2.14606652855873
-5.66428189277649
1.46785871982575
3.3627139210701
0.992536407709121
7
-1.49830854535103
2.55606551170349
8.43322920203208
-0.129034173488617
-3.6118694126606
-1.18863770365715
-3.31762897372245
7
-2.31578370928764
-3.32879781723022
-4.84979895353317
7.19863760471344
1.3843426823616
1.35769248604774
2.26840242743492
7
1.2781940639019
-1.4149728178978
2.51088062524796
-0.0352587044239051
-1.04002593159676
0.0528295397758472
4.42894334793091
2
7
7.15266076922417
-1.92946657538414
-1.53784699440003
-5.53253800272941
2.10030856132507
-2.33257241845131
1.06747234463692
7
2.55234816670418
4.07720350027084
5.57875906825066
-3.81343585848808
-1.37915731668472
1.09179107546806
3.49138154983521
|Explorer2Genome 30
3
6
8
-3.89017061591148
-0.081813383102417
-7.92933779358864
4.22572284936905
-7.06903058886528
1.25235748291016
-5.01250423789024
0.00577183365821812
8
-1.27570536136627
3.20296819210053
0.57233909368515
5.29860181808472
3.04572374820709
0.807855755090714
0.31732507944107
3.05617082118988
8
5.13553844094277
4.45420368909836
-4.03512770533562
-1.75203235149384
3.32788380980492
1.4763912498951
1.25727998614311
-3.77224177718162
8
6.34381915926933
-1.85615423917771
-0.704970794916152
-5.72668513059616
-7.32815498113632
-0.232487559318543
0.170905882120133
-3.55938572883606
8
-1.75244541764259
0.751875013113022
-0.802069145441056
9.15321788787842
1.73649355173111
-2.68236445188522
-0.538481622934341
-1.7163802921772
8
0.884063142538071
3.56857459545136
7.3010064959526
10.2226721823215
0.283809518814087
-2.30607027411461
-2.7422544836998
-1.13243106603622
6
7
3.49178854823112
0.762925636768342
1.82184716463089
-4.87849709391594
5.92774608135224
7.85258932709694
-6.97778909802437
7
-0.0995996236801178
0.962427103519441
1.2940877199173
4.42758346199989
-3.74206606149673
-1.58922516107559
4.98944816589355
7
2.2962151825428
-0.304072314500809
-1.5779302418232
-5.09360103011131
0.830219262838368
2.78956040143966
1.32465775609016
7
-0.90882552266121
2.99319677352905
8.43322920203208
-0.129034173488617
-4.06784773468971
-0.984671175479889
-3.57306417822838
7
-2.31578370928764
-3.48291581273079
-4.26437100172043
7.18516254425049
1.3843426823616
1.17931644916534
2.01680857539177
7
1.13095545172691
-1.58073013424873
2.0523577272892
0.92766506075859
-0.17517231106758
-0.0687785983085644
4.42894334793091
2
7
7.86055139303208
-1.63161270022392
-1.48480706214905
-5.9340977370739
2.10030856132507
-2.25097597241402
2.20720189213753
7
2.62063756585121
4.07720350027084
5.57875906825066
-3.81343585848808
-1.37915731668472
1.66510245203972
3.34766099452972
|Explorer2Genome 30
3
6
8
-4.58479580283165
-0.255269622802734
-6.38422010540962
6.17306689023972
-7.96911663413048
1.00583874583244
-4.66190790534019
0.364622735977173
8
-1.78158071041107
2.80276837348938
-0.0788111150264739
5.84009618759155
3.45360262393951
0.981931692361832
0.096494090557098
2.10075581073761
8
4.50350902080536
4.4007136464119
-3.54974779486656
-1.66718142032623
2.83627532720566
1.48778146505356
1.29062907099724
-3.77224177718162
8
6.34381915926933
-2.14992142915726
-0.897806155681609
-5.78427687883377
-7.46048709154129
-0.232487559318543
0.170905882120133
-3.62611072063446
8
-1.84323619008064
2.27395458221436
-1.98355711102486
9.15716817378998
2.69914721846581
-1.30684849023819
-1.15520807504654
-1.62650418877602
8
-0.142905479669571
3.32346482276917
7.3010064959526
9.69826748967171
0.283809518814087
-2.30607027411461
-2.95982910990715
-1.13243106603622
6
7
3.94675047397614
1.72627147436142
3.88430696725845
-7.35998246073723
5.39573133587837
7.0456004679203
-8.17025017738342
7
0.524309444427487
0.948435270786287
0.390609288215637
4.58590261936188
-3.74206606149673
-1.61441575288772
4.85121862888336
7
2.08298643231392
-0.20278394818306
-2.28326566815376
-6.20595242977142
0.830219262838368
2.78956040143966
0.760658293962478
7
-0.67335496544838
2.99319677352905
7.49350227117538
-0.456464946269989
-3.87313631176949
-1.09073686003685
-3.34731308817863
7
-3.01214217543602
-2.81328758001327
-4.9463454067707
6.76386861801148
0.326774990558624
0.617199897766113
2.08106416463852
7
1.13095545172691
-1.58073013424873
2.24545710682869
1.18836703300476
-0.169366079568862
-0.0687785983085644
4.57149531841278
2
7
6.41000925302506
-1.877803170681
-2.07175235748291
-5.77915222644806
2.09372177124023
-2.33257241845131
1.71165998578071
7
2.62063756585121
3.58996351361275
4.63037430644036
-3.81343585848808
-0.394020998477936
1.09179107546806
2.91993820667267
|Explorer2Genome 30
3
6
8
-4.74122149944305
-0.377252626419067
-7.63451417088509
6.09305845499039
-7.73732213377953
1.38800961375236
-4.75117389559746
0.916406345367431
8
-1.37918999195099
2.80276837348938
-0.338249319791794
6.10995700955391
3.45360262393951
1.12982941269875
-0.0590373396873478
1.84139256477356
8
4.87599246501923
4.44423009157181
-3.57620109915733
-1.57090320587158
3.07565010786056
1.03251734375954
1.25727998614311
-3.77224177718162
8
6.89783601164818
-1.6121069252491
-0.0521600127220145
-5.19339796304703
-7.02806621789932
-0.777271103858948
0.0870349228382118
-4.14882905483246
8
-0.834438997507095
1.53798133730888
-1.15444996953011
9.05502216219902
2.08851667642593
-1.27357338070869
-0.639425146579742
-1.86878768205643
8
1.02228552699089
2.9810389995575
7.54836531877518
9.69853921532631
-0.399269956350326
-1.86324423551559
-3.81652647256851
-0.810085046291351
6
7
3.94675047397614
1.72627147436142
3.4313281416893
-7.35998246073723
5.77933834791184
7.0776285469532
-8.45148817896843
7
1.25606913566589
-0.194865459203719
1.49967138767242
3.87517185807228
-2.43676196336746
-1.44708403348923
5.06110491752624
7
3.06434864997864
2.33027307391167
-2.66936665177345
-4.84435402154922
0.741475409269337
0.745235836505888
-0.654720729589462
7
-0.666839218139649
2.99319677352905
8.43322920203208
-0.129034173488617
-3.6118694126606
-1.24096345305443
-2.57089368700981
7
-2.77104548811913
-3.21488221883774
-3.78036697506904
6.32451999187469
0.730538785457611
0.938952308893203
2.30467905402183
7
1.65705994963646
-1.58073013424873
2.0523577272892
0.92766506075859
-0.498141461610793
0.15265855193138
4.42894334793091
2
7
8.85639439225197
-2.08048400878906
-2.77425410151482
-7.00610120296478
2.42404115796089
-1.35904394984245
2.25390632152557
7
2.87141059041023
3.12428632378578
4.65161654353142
-2.76260129809379
-1.2434229850769
0.924889153242112
3.40745236873627
|Explorer2Genome 30
3
6
8
-4.69956650733948
0.0484836101531982
-7.86277173161506
4.83800763487816
-6.59871289134025
1.36674962043762
-4.48058894872665
-0.449897265434265
8
-1.78158071041107
2.65194525718689
0.759716480970383
5.82476325035095
3.45360262393951
1.53592715859413
0.567661368846893
2.10075581073761
8
4.61050820350647
4.4007136464119
-3.54974779486656
-1.46754810810089
2.83627532720566
1.47631219625473
1.59810134768486
-3.61696549654007
8
6.34381915926933
-1.08544746041298
0.69210633635521
-4.83898195028305
-7.40137864351272
-0.542890810966492
0.0870349228382118
-4.4159255027771
8
-1.35379870533943
2.18643639087677
-2.47438296079636
8.74513380527496
3.27140037417412
-1.52121666073799
-0.698017466068268
-1.62650418877602
8
0.376945000886917
4.46716187596321
7.4003076672554
8.3227315723896
-0.322839641571044
-2.64100615382194
-2.89845145940781
-0.441874539852142
6
7
3.24334782958031
1.30674757361412
2.82350007891655
-5.33817815184593
6.19696776866913
6.86255071759224
-7.17690787315368
7
0.840336608886716
0.0886332154274003
0.925838589668274
4.13027055263519
-3.74206606149673
-1.61441575288772
4.74960868358612
7
4.05624449253082
2.23244139552116
-2.45404897928238
-4.42470298409462
1.03811363577843
2.17092484235763
-0.181082832813263
7
-0.67335496544838
3.11855435371399
7.73841103911399
-0.574568617343903
-3.58163285255432
-0.957361477613449
-2.88516632914543
7
-4.02127103209496
-1.83835805058479
-4.49181118607521
6.45721337795258
-0.247757756710052
1.30247669219971
1.56153706908226
7
1.2781940639019
-1.47218075990677
2.24545710682869
0.282155483961105
-1.04002593159676
-0.0687785983085644
4.35163772106171
2
7
7.34090529680252
-2.33231362700462
-2.35518252849579
-5.61078619360924
2.09372177124023
-2.33257241845131
1.72863236069679
7
3.13503924608231
3.59722657799721
4.36562888622284
-3.68514172434807
-1.76763740181923
1.12395598292351
2.80090627670288
|Explorer2Genome 30
3
6
8
-4.98303208351135
-0.747176456451416
-6.90609365105629
5.73204649686813
-7.92542452216148
0.963426369428634
-4.39789564013481
0.267653495073318
8
-1.78158071041107
2.71817393302918
-0.20237233042717
5.37300372123718
3.45360262393951
1.3570842564106
-0.393568670749665
2.10075581073761
8
4.87599246501923
4.69104759097099
-3.65706025958061
-1.57090320587158
3.19260693788528
1.06987236142159
1.25727998614311
-3.77224177718162
8
6.6327218234539
-1.0291568338871
0.0803803801536569
-5.74758812189102
-5.26096912622452
-1.31105608940125
0.908103519678117
-2.52518186569214
8
-2.14341221451759
0.496167582273483
-0.802069145441056
9.15321788787842
1.73649355173111
-2.68236445188522
-0.538481622934341
-2.02993538975716
8
0.361956495046616
3.59150147438049
7.54836531877518
9.96767285466194
-0.672150748968124
-1.9061105132103
-3.90789903402328
-1.34786523580551
6
7
2.98918735384941
1.1027014195919
2.7264823615551
-5.77297152876854
5.58572623729706
7.40200861096382
-7.37188193798065
7
1.8229914188385
0.058858853578569
1.96195704936981
4.73600266575813
-2.5147277712822
-1.68738678693771
5.06110491752624
7
1.99657238125801
0.215781420469284
-2.51629992127419
-5.76566073894501
0.830219262838368
2.48845318555832
0.760658293962478
7
-0.67335496544838
2.64718909263611
7.73841103911399
-0.200479280948639
-3.58163285255432
-1.62308253645897
-2.88516632914543
7
-2.31578370928764
-3.48291581273079
-4.66024659872055
7.18516254425049
1.721344435215
1.59628822803497
2.16776830554008
7
1.13095545172691
-1.86053200960159
2.24545710682869
-0.0244289457798011
-0.17517231106758
-0.0687785983085644
4.56047194004059
2
7
7.4030596613884
-2.6348404109478
-1.75431985855103
-5.77915222644806
2.42271394729614
-2.18760445713997
1.56309071183205
7
2.87141059041023
3.00100863575935
3.87515365481377
-2.81144167780876
-1.32555537223816
1.13551802039146
3.17679319381714
|Explorer2Genome 30
3
6
8
-4.12521314620972
0.0484836101531982
-8.5536676466465
5.06208440065384
-7.06903058886528
1.73486785888672
-4.75117389559746
-0.223161196708679
8
-1.34962305426598
2.87343748211861
-0.0950366914272306
6.28752868771553
3.69821423888206
1.0157250225544
0.629425776004791
3.34931464791298
8
5.13049833774567
3.94751235842705
-3.29295884370804
-1.57090320587158
3.2400798022747
1.3492144882679
1.56060138344765
-3.77224177718162
8
6.50204653143883
-1.18687156438828
-0.0191222071647635
-4.88428159952164
-4.94411669969559
-0.952666473388672
0.908103519678117
-2.52518186569214
8
-2.75248594880104
2.00091870427132
-1.19027040600777
8.83508481383323
0.945633620023727
-2.37838721871376
-1.34855414628983
-0.841006618738174
8
0.840194362401962
3.18686699867249
7.54836531877518
9.96767285466194
-0.657570189237594
-2.31809924840927
-3.81652647256851
-1.19073329567909
6
7
3.97680315971375
1.32123831510544
3.1329421877861
-7.25240320563316
5.90454043149948
8.15954229235649
-7.43238343596458
7
0.525631093978879
0.0886332154274003
0.194382452964783
4.09116058349609
-3.74206606149673
-2.15254570245743
5.20001337528229
7
1.94278312921524
0.215781420469284
-1.52578530907631
-6.42034397125244
0.915815705060963
2.81365844011307
0.760658293962478
7
-1.22498965859413
2.26682685613632
8.10614141225814
-1.58734382987022
-3.4323694229126
-1.82620207667351
-0.883035808801648
7
-3.40258969664574
-2.45863388776779
-4.48697169423103
5.78580524921417
-0.0199459433555601
0.0535678625106807
1.52840858697891
7
1.52528173327446
-1.33885980844498
3.07476925849915
1.3807676255703
-0.651553928852081
0.0664667844772328
3.54190816283226
2
7
9.4297298014164
-1.85474042892456
-2.27665197253227
-7.91782776713371
1.91247067451477
-1.83233602046967
1.49473073482513
7
2.62063756585121
3.45907865166664
5.61613647341728
-3.68930946588516
-0.715363818407059
1.09179107546806
2.91993820667267
|Explorer2Genome 30
3
6
8
-2.42910985350609
-0.592939227819443
-6.72698919773102
8.57747327685356
-5.83266559243202
1.36136966347694
-7.53173504471779
1.85587555170059
8
-1.78158071041107
2.44338569641113
-0.397720688581467
5.14787552952766
3.218967628479
0.937163835763931
0.137108224630355
1.83094210624695
8
4.15265047550202
4.4007136464119
-3.54974779486656
-1.99379651546478
3.37632588148117
0.864531236886979
2.16169883608818
-3.28310462832451
8
6.58294672966003
-1.76923416256905
0.45288406610489
-5.88913258314133
-8.0331108212471
-0.232487559318543
0.184094625711442
-3.32413246631622
8
-1.84323619008064
2.27395458221436
-2.84712389707565
9.61270868778229
2.76621953845024
-1.24914988279343
-0.821867859363556
-2.14803605675697
8
0.202173280715942
2.85229361057282
7.54836531877518
9.77676716446877
0.502991896867753
-2.26090394854546
-2.82121018767357
-1.13243106603622
6
7
3.97680315971375
1.32123831510544
2.62945686578751
-7.25240320563316
5.33658660650253
8.34859210848809
-7.43238343596458
7
1.29538459777832
0.567565149068834
1.49967138767242
4.14177234768867
-2.01898251771927
-1.76871379613876
5.24365118145943
7
2.831766974926
-0.326348900794983
-2.4373156607151
-6.12567720413208
0.750895756483082
3.75394858121872
0.760658293962478
7
-0.106837016344071
1.48523345589638
7.80980931520461
-0.681967109441757
-3.26954907178879
-1.03874241709709
-0.774173492193219
7
-2.45928282141686
-1.95901423692703
-4.52479119896889
6.94486236572266
0.326774990558624
0.617199897766113
1.8505846619606
7
1.50778185725212
-1.37626342773437
2.79604672193527
0.36152212023735
0.110717248916627
0.403274738788604
4.90017786026001
2
7
7.34090529680252
-1.89493297338486
-2.07175235748291
-5.72091045379639
1.86213762760162
-2.33257241845131
1.72863236069679
7
2.87141059041023
2.64213014245033
4.735720962286
-2.63725730776787
-0.916684275865555
1.13551802039146
3.17679319381714
|Explorer2Genome 30
3
6
8
-4.47818441390991
-0.747176456451416
-6.39551764130592
6.17306689023972
-7.83644191622734
1.59493408203125
-4.39789564013481
0.0655961990356443
8
-2.21023154258728
3.21085844635964
-0.706455034017563
6.2092075586319
3.04114848971367
0.501875287294388
1.11112827062607
2.57262260913849
8
5.22430512905121
4.20063528418541
-3.34040631651878
-2.92500419616699
3.95125563144684
1.78098247647286
1.21011278629303
-3.69998852014541
8
6.50204653143883
-1.18687156438828
-0.0191222071647635
-5.13045881986618
-5.40268596410751
-1.1580851316452
1.4586351454258
-2.52518186569214
8
-2.14858122467995
2.27395458221436
-1.77037054300308
9.15716817378998
2.76621953845024
-1.30684849023819
-0.85239325761795
-2.1644084751606
8
0.376945000886917
4.20999541282654
7.52970122098923
8.3227315723896
0.00884346961975158
-2.55967249274254
-2.89845145940781
-0.441874539852142
6
7
3.80061401724815
0.648729550838471
1.86120625734329
-4.86564580798149
5.92774608135224
7.85258932709694
-7.54339588284492
7
1.49900910854339
0.000804173946382103
1.49967138767242
4.14177234768867
-2.51705914735794
-2.12519904375076
5.2065711081028
7
1.98228128552437
0.262857192754746
-2.03640924096108
-6.42034397125244
0.915815705060963
2.81365844011307
0.587418848276138
7
-0.67335496544838
2.99319677352905
7.49456421136856
-0.733307182788849
-4.01503639817238
-1.09073686003685
-4.10270439982414
7
-2.87217535376549
-2.52816168069839
-4.94159553647041
5.78580524921417
0.326774990558624
0.281984853744506
1.5656303524971
7
0.795539134740829
-2.10633987188339
2.65330873131752
0.36152212023735
-0.771260148286819
-0.0687785983085644
5.13098028302193
2
7
7.98835613131523
-1.92946657538414
-1.93989174365997
-5.95057844519615
2.10030856132507
-2.33257241845131
1.06747234463692
7
2.62063756585121
3.58996351361275
4.92040857672692
-3.81343585848808
-0.791755348443985
0.774318379163743
2.8157398223877
|Explorer2Genome 30
3
6
8
-3.80035622119903
-0.377252626419067
-8.19046342968941
6.044062936306
-7.80516306757927
1.38800961375236
-4.61493491530418
0.517039012908935
8
0.139759814739227
3.98416240811348
0.42719339132309
6.5715565264225
2.70972878932953
1.62065122127533
1.60334230661392
2.6619551718235
8
4.50350902080536
4.4007136464119
-3.54974779486656
-1.57090320587158
2.83627532720566
1.22334571480751
1.59810134768486
-3.77224177718162
8
6.77587274909019
-1.48861714601517
0.0667694211006173
-5.15044749975204
-4.55196593999863
-0.5102623462677
0.636258631944657
-2.42494513988495
8
-2.62164929509163
1.7312641620636
-2.00557134151459
8.85367774367332
1.75339740514755
-2.18762520551681
-0.656643784046173
-2.293380600214
8
0.756211394071579
3.63504946231842
7.54836531877518
9.96767285466194
-0.0855894029140467
-1.9061105132103
-3.81652647256851
-1.34786523580551
6
7
3.94675047397614
1.4379167675972
3.98980110883713
-7.35998246073723
5.58484488129616
7.0456004679203
-7.61190237998962
7
0.524309444427487
0.429569303989412
0.585269284248352
4.13027055263519
-4.00901516675949
-1.61441575288772
4.85121862888336
7
2.49739108681679
0.215781420469284
-2.03640924096108
-6.20595242977142
0.830219262838368
2.78956040143966
0.760658293962478
7
-0.643800526857377
2.99319677352905
7.49456421136856
-0.200479280948639
-3.87313631176949
-1.09609662890434
-3.34731308817863
7
-3.0550844848156
-3.43581091165543
-3.73123126626015
6.47280430793762
0.901449984312058
0.695756363868713
2.31576689481735
7
2.21785055994987
-1.33029404878616
3.11782279014587
1.14918367862701
-0.0454347729682915
0.10420394539833
4.62338182926178
2
7
7.42057634592057
-1.18626815676689
-2.33937695026398
-6.36671387553215
2.10030856132507
-1.75232679843903
2.17143509984016
7
3.36877618432045
3.45115047097206
4.55214957594872
-3.68766936659813
-1.10174688100815
0.77813419699669
3.45183861851692
|Explorer2Genome 30
3
6
8
-5.79020692706108
-0.739626145362854
-6.51842332482338
6.62841936349869
-8.17997524142265
1.54976727366447
-4.24077355265617
-0.384423971176148
8
-1.34544175863266
4.04793739914894
0.193502175807953
5.60572095513344
2.66341190338135
2.05301601886749
2.38998526930809
3.04399521946907
8
5.33177373409271
3.96686946749687
-3.32557169795036
-2.25727922320366
3.92571392059326
2.22383664250374
0.743955159187316
-4.24293028116226
8
6.8473565518856
-1.85615423917771
0.885138499736787
-5.51623150110245
-7.10958856344223
-0.766706275939942
-0.224880665540694
-3.52908765673637
8
-1.77283485531807
2.49234746098518
-2.64085086584091
8.55183887481689
3.26504382491112
-1.30684849023819
-1.22677336335182
-1.70823581814766
8
0.883700114488602
3.85471850037575
7.08929294347763
8.8192956507206
-0.935096836090087
-2.55967249274254
-4.01664120554924
-0.364148271083831
6
7
3.12404295802116
1.62414718866348
2.8554795384407
-5.4214126765728
6.33213400840759
7.56263108849526
-7.68098962903022
7
0.700344449281689
0.885575646162035
0.925838589668274
4.13027055263519
-3.98277665376663
-1.10241745710373
6.08365819454193
7
2.59238665103912
2.25673543214798
-0.635192692279816
-3.94046637415886
-0.459456193447109
3.39619895815849
0.589325702190399
7
-1.15993866920471
3.78465750217438
8.70089431405067
1.18557683229446
-4.08290343880654
-1.54372133612633
-3.68984240889549
7
-2.77104548811913
-3.78569062948227
-4.05862577557564
5.89607222080231
0.944029104709625
0.538954693078994
1.38814062476158
7
1.3426172554493
-2.52699128389358
2.79253383278847
1.15052728652954
0.269878673553468
0.441965639591216
4.14495357871056
2
7
7.34090529680252
-1.55850263834
-2.21974999904633
-5.77915222644806
2.49485142230988
-2.59424193501473
3.07457419633865
7
2.87141059041023
3.12428632378578
3.87583536505699
-3.23278838992119
-1.41341207623482
2.08673825263977
2.77485643029213
|Explorer2Genome 30
3
6
8
-4.00192312002182
-0.775731825828552
-7.32233874797821
5.30761917829514
-6.85148677229881
2.62693254351616
-5.77040024995804
-0.382867002487183
8
-1.29453904628754
2.62311007976532
0.29693632721901
5.45391573905945
3.45360262393951
0.871049386262894
0.657721722126007
2.92597623467445
8
5.92779698371887
4.03527454137802
-3.84868385195732
-1.60866806507111
3.04832753539085
0.956010514497757
1.73780180811882
-3.77224177718162
8
6.34381915926933
-1.85615423917771
-1.17574316263199
-6.16512345075607
-7.46048709154129
-0.417210578918457
0.137177640199662
-3.62611072063446
8
-1.84323619008064
2.27395458221436
-2.23345013856888
9.45864160060883
2.76621953845024
-1.30684849023819
-0.974782258272171
-1.40656297802925
8
0.290766805410385
3.56857459545136
7.3010064959526
9.69826748967171
0.283809518814087
-2.30607027411461
-2.95982910990715
-1.13243106603622
6
7
3.12884754538536
0.795688140392304
2.59063691496849
-5.68304263949394
5.96132662296295
7.71093528866768
-6.50804305076599
7
-0.0995996236801178
1.01854206323624
1.83572957515717
4.68225082159042
-3.4725771009922
-1.52641748189926
4.95211818218231
7
3.14690518379211
1.77434727549553
-2.66936665177345
-5.22675548791885
1.17742657065392
1.47258411645889
-1.17008838057518
7
-0.682723170518876
2.99319677352905
7.9527593255043
-0.733307182788849
-3.64693770408631
-1.09073686003685
-3.61944121718406
7
-3.04889215826988
-2.40105322599411
-4.43122151494026
5.78580524921417
-0.0658596396446226
0.281984853744506
1.75259705781937
7
1.00307866930962
-1.93773944973946
2.8178273499012
0.92766506075859
-0.17517231106758
-0.0687785983085644
4.42894334793091
2
7
6.77228971719742
-1.877803170681
-2.07175235748291
-5.77915222644806
2.09372177124023
-2.33257241845131
1.72863236069679
7
2.87141059041023
2.97202761769295
4.22984454035759
-3.00888103246689
-1.41341207623482
1.11037068367004
3.92034206986427
|Explorer2Genome 30
3
6
8
-4.15128936767578
-0.747176456451416
-6.90609365105629
6.17306689023972
-7.83644191622734
1.17180380821228
-5.16433636546135
0.0655961990356443
8
-1.13576164245605
3.20296819210053
0.29693632721901
5.56063482761383
3.94347269535065
1.74792672395706
0.566647905111312
2.28046224117279
8
5.03668568134308
3.90521959066391
-3.54974779486656
-1.73350801467896
2.83627532720566
1.22334571480751
1.40060264468193
-3.77224177718162
8
7.04064440131187
-1.0291568338871
-0.837659513950347
-5.36736875772476
-5.26096912622452
-1.31105608940125
0.908103519678117
-2.52518186569214
8
-1.35379870533943
1.67384121417999
-2.17590833306313
9.37950468659401
3.27140037417412
-1.38857155442238
-0.530031234025955
-1.62650418877602
8
0.756211394071579
3.63504946231842
7.73257483839989
9.96767285466194
0.444666868448258
-2.48229201436043
-4.18551717996597
-1.95931327939033
6
7
3.97680315971375
1.32123831510544
3.17025743722916
-7.54867793917656
5.90454043149948
8.79223684668541
-7.41223911643028
7
0.524309444427487
-0.336158955097197
0.909019565582275
4.13027055263519
-3.71557635068893
-1.1960126042366
4.41511404514313
7
2.47376933693886
0.215781420469284
-1.5779302418232
-5.48571581244469
0.830219262838368
2.72964314222336
0.760658293962478
7
-0.457790923118592
2.97829849720001
7.49456421136856
-1.08362814188004
-4.13076005578041
-0.950448745489121
-2.49066416621208
7
-2.32595357298851
-4.71315877437592
-2.97016475796699
7.14549798369408
0.353269922733307
-0.391460394859314
1.95688353776932
7
1.2781940639019
-1.47218075990677
2.72234199643135
0.224222326278686
-1.04002593159676
0.0524245619773853
4.95690829753876
2
7
7.95036267638207
-1.92946657538414
-2.07175235748291
-5.54288131594658
2.10030856132507
-2.33257241845131
1.06747234463692
7
2.40248563885689
3.12428632378578
4.08250264525414
-2.81144167780876
-0.916684275865555
1.13551802039146
3.17679319381714
|Explorer2Genome 30
3
6
8
-4.92133719921112
-0.377252626419067
-6.64955394864082
6.17306689023972
-8.05450014472008
1.04156133532524
-4.30789794325829
-0.0498030900955203
8
-1.78158071041107
3.10732870101929
0.565645015239716
6.05932748913765
3.12447397708893
1.31844363808632
0.567661368846893
1.87163171768188
8
4.61050820350647
4.4007136464119
-3.54974779486656
-1.44366693496704
2.39861785173416
1.02917709946632
1.34806961417198
-3.77224177718162
8
6.50204653143883
-1.18687156438828
-0.0191222071647635
-5.13045881986618
-5.6883465886116
-0.952666473388672
0.908103519678117
-2.52518186569214
8
-2.14858122467995
2.27395458221436
-1.77037054300308
9.56706907749176
2.76621953845024
-1.30684849023819
-1.15520807504654
-1.58803108334541
8
-0.257100850343704
4.03130153417587
7.54836531877518
9.91895328164101
-0.194787710905075
-1.9061105132103
-3.81652647256851
-1.34786523580551
6
7
3.80061401724815
0.851530426740647
2.22997623682022
-4.86564580798149
5.92774608135224
7.85258932709694
-7.54339588284492
7
-0.0995996236801178
-0.0524340987205489
1.2940877199173
3.70199907422066
-3.17795058488846
-1.90502809286117
5.16155155301094
7
1.98228128552437
0.262857192754746
-2.03640924096108
-6.42034397125244
0.915815705060963
2.31707555055618
0.760658293962478
7
-0.883395105600358
3.51887640953064
7.83551937937736
-0.129034173488617
-4.43237960934639
-1.98069130778313
-3.73425320982933
7
-2.77437643408775
-3.48291581273079
-4.26437100172043
6.91619591712952
1.3843426823616
1.17931644916534
2.05693363547325
7
1.13095545172691
-2.10633987188339
2.28686948418617
0.36152212023735
-0.771260148286819
-0.0687785983085644
5.13098028302193
2
7
8.23014491796494
-2.16283227801323
-2.40009415149689
-5.77915222644806
2.45693242549896
-1.74555187821388
1.2019499361515
7
2.87141059041023
3.12428632378578
4.32796968817711
-3.15828277468681
-0.916684275865555
1.13551802039146
2.59104180335999
|Explorer2Genome 30
3
6
8
-2.71523825526237
-0.0460741460323334
-6.37465322017669
8.94586288332939
-6.27409352064133
2.07530044317245
-7.73285287022591
1.75933963060379
8
-1.86753413677216
2.80276837348938
-0.319879692792892
6.10995700955391
3.45360262393951
0.507100802659988
0.096494090557098
1.84139256477356
8
4.87599246501923
4.44423009157181
-3.62685071825981
-1.57090320587158
3.17599855661392
1.03251734375954
1.25727998614311
-3.22115554213524
8
6.05112928748131
-1.08892487287522
0.177706229686738
-4.45386873483658
-4.26577159166336
-0.952666473388672
0.52008085846901
-1.95842666625976
8
-1.35379870533943
2.20475888252258
-2.47438296079636
9.15716817378998
3.27140037417412
-1.52121666073799
-0.134972727298737
-1.62650418877602
8
0.594519072771072
4.83134436607361
7.44428774118423
8.39763622879982
-0.0214212894439691
-2.55967249274254
-2.89845145940781
-0.970891988277435
6
7
3.97680315971375
1.32123831510544
2.75622171163559
-7.25240320563316
5.16840473413468
8.10790275931359
-7.87764672636986
7
1.80599422454834
-0.424510258436201
2.31813609600067
4.73600266575813
-2.25077009797096
-1.68738678693771
5.65313897132873
7
1.99657238125801
0.759839123487473
-2.03640924096108
-6.20595242977142
0.859048432111744
2.48845318555832
0.760658293962478
7
-0.14924460053444
3.23345746994019
7.36873692274093
-0.52705010175705
-4.9425702393055
-1.09073686003685
-3.34960004687309
7
-2.67728697657585
-3.39574323296547
-4.5960046172142
7.18516254425049
1.3843426823616
1.17931644916534
1.74097184538841
7
1.13095545172691
-2.02538989186287
2.0523577272892
1.07453188300133
-0.17517231106758
-0.0687785983085644
4.42894334793091
2
7
7.90219780206681
-1.63161270022392
-1.48480706214905
-5.9340977370739
2.10030856132507
-2.33257241845131
2.10598283410072
7
2.87141059041023
3.12428632378578
4.16151923537255
-3.23278838992119
-1.23537004590034
1.13551802039146
3.04319365024567
|Explorer2Genome 30
3
6
8
-2.42910985350609
-0.0460741460323334
-6.72698919773102
8.94586288332939
-6.27409352064133
2.07530044317245
-7.73285287022591
1.33401638269424
8
-1.27570536136627
3.20296819210053
0.29693632721901
5.28006539344788
3.45360262393951
0.871049386262894
0.527489084005355
2.21723148822784
8
4.41791599392891
4.29861453771591
-2.79723440408707
-1.17592335939407
2.91916193366051
0.544632893800736
2.08771399855614
-4.35299102663994
8
6.05112928748131
-1.08892487287522
0.177706229686738
-4.45386873483658
-4.26577159166336
-0.952666473388672
0.52008085846901
-1.95842666625976
8
-1.35379870533943
2.20475888252258
-2.47438296079636
9.15716817378998
3.27140037417412
-1.52121666073799
-0.134972727298737
-1.62650418877602
8
0.594519072771072
4.26543488502503
7.44428774118423
8.39763622879982
-0.0214212894439691
-2.55967249274254
-2.89845145940781
-0.970891988277435
6
7
3.97680315971375
1.32123831510544
2.62945686578751
-7.25240320563316
5.16840473413468
8.10790275931359
-7.87764672636986
7
1.29538459777832
-0.194865459203719
1.39232308864593
4.10238249897957
-2.5147277712822
-1.40497592687607
4.96603991985321
7
2.70448535680771
-0.326348900794983
-2.03640924096108
-6.12567720413208
0.750895756483082
3.47571767568588
0.760658293962478
7
-0.67335496544838
3.23345746994019
7.36873692274093
-0.52705010175705
-4.38825462460518
-1.09073686003685
-3.30519275069236
7
-3.01214217543602
-1.95901423692703
-4.62384353280067
6.40228080749512
0.367211759090424
0.760392451286316
2.34069348573685
7
1.81613411307335
-1.47218075990677
2.24545710682869
0.398862689733505
-1.24581680893898
0.216730731725692
4.54859068393707
2
7
7.98835613131523
-1.80211936831474
-1.85813838839531
-5.95289193987846
2.10030856132507
-2.26102002263069
1.99682205915451
7
2.87141059041023
3.12428632378578
4.16151923537255
-3.23278838992119
-0.916684275865555
1.13551802039146
3.04319365024567
|Explorer2Genome 30
3
6
8
-4.73544132113457
0.23020327091217
-6.38422010540962
6.17306689023972
-8.92002310156822
1.56230971217155
-4.27359020113945
-0.176225328445435
8
-1.78158071041107
2.59786026477814
0.250140702724457
6.5165540933609
3.6231651365757
1.39528549313545
0.567661368846893
2.38130756020546
8
5.06004321575165
4.49158524274826
-4.11086105704307
-2.02620031833649
3.53288391828537
1.04684820771217
1.82162591814995
-3.77224177718162
8
6.77587274909019
-1.42624836564064
-0.084594213962554
-5.02930828332901
-5.07423659563065
-0.5102623462677
0.339398962259293
-2.59283728003502
8
-2.75248594880104
2.34137591123581
-0.216994386911393
9.35351361632347
1.27587763667107
-2.24098981022835
-1.80175062417984
-1.09196226596832
8
-1.08497932553291
3.37316713929177
7.13031393289566
9.69826748967171
0.337994575500489
-0.878164780139923
-2.95982910990715
-0.669301277399063
6
7
3.08170446753502
1.42560571432114
2.89147505164146
-5.86470472216606
6.5124971151352
7.41832557916641
-5.9349264383316
7
1.27606983184814
-0.0803695738315567
0.602962136268616
3.40725450515747
-3.08327354192734
-1.44632180333137
5.30991034507751
7
1.99804688096046
-0.592489749193192
-2.3111378967762
-6.12449095249176
0.993841719627385
3.24268213510513
0.760658293962478
7
0.435316103696823
0.228988534212112
7.79402211904525
-1.06982383131981
-2.51393266916275
-1.58373703360558
-0.257759672403333
7
-3.01214217543602
-3.15950525999069
-4.08726125359535
6.49475393295288
0.896483534574509
0.695756363868713
2.24045740365982
7
0.88124822974205
-1.86053200960159
2.75194121003151
0.36152212023735
-0.0984709322452538
0.49479557275772
4.90017786026001
2
7
7.85410321950913
-2.16283227801323
-2.07175235748291
-6.09951913356781
2.84785895347595
-2.41763742566109
1.64792615771293
7
2.6558327972889
2.54384127259255
4.58523340821267
-2.47130941152573
-1.28897960782051
0.548336547613145
2.80090627670288
|Explorer2Genome 30
3
6
8
-4.18945577144623
0.0484836101531982
-7.92933779358864
4.62267447710037
-7.06903058886528
1.25235748291016
-5.01250423789024
0.00577183365821812
8
-1.37918999195099
2.80276837348938
-0.19163104891777
5.57945469021797
3.45360262393951
0.981931692361832
-0.377436220645905
1.84139256477356
8
4.50350902080536
4.4007136464119
-3.54974779486656
-1.57090320587158
2.83627532720566
1.22334571480751
1.29062907099724
-4.10088991522789
8
7.25309194922447
-1.52514382600784
0.606842863559724
-5.15044749975204
-5.32810102701187
-0.5102623462677
0.813557583093644
-2.59551183581352
8
-1.67450194358826
1.87556741833687
-2.4862004160881
9.15716817378998
2.76621953845024
-0.993321859836578
-1.16418276429176
-1.46856527924538
8
0.200736314058304
4.75968081951142
7.17041960954666
10.3522397398949
-1.03628978729248
-2.16951858401298
-3.20806476473808
0.938085162639618
6
7
4.1285398542881
1.19867116212845
3.31463409662247
-7.59364342093468
5.09747863411904
7.0456004679203
-8.17025017738342
7
0.524309444427487
0.948435270786287
0.0431586503982542
4.13027055263519
-3.74206606149673
-1.61441575288772
4.85121862888336
7
1.58874500393868
0.215781420469284
-2.03862889409065
-6.20595242977142
0.421931833028798
2.78956040143966
0.839672237634658
7
-0.67335496544838
2.99319677352905
7.37077475786209
-0.465146666765213
-3.80545861721039
-1.09073686003685
-3.73191325068473
7
-3.01214217543602
-1.96442786455154
-4.48697169423103
6.27137734889984
0.326774990558624
0.168914651870727
1.68054755926132
7
0.467342323064804
-1.27193835377693
2.34023371338844
0.36152212023735
-0.739162063598632
0.601311600208281
4.16390771269798
2
7
6.50656398534775
-1.877803170681
-2.07175235748291
-5.69835443496704
2.48466467857361
-2.33257241845131
1.93007441163063
7
2.62063756585121
3.85766821503639
5.44382449984551
-3.81343585848808
-1.37915731668472
1.09179107546806
3.6843453168869
|Explorer2Genome 30
3
6
8
-4.76729214191437
-0.747176456451416
-6.37730551362038
6.17306689023972
-7.83644191622734
1.30427812933922
-3.99405638575554
0.0655961990356443
8
-1.33466396331787
3.32878875732422
-0.19163104891777
5.83006544113159
3.45360262393951
1.13507652878761
0.266643345355987
1.84139256477356
8
4.91715836524963
3.74117490053177
-3.46105429530144
-1.48290908336639
2.83627532720566
0.71564217209816
1.53289999365807
-3.77224177718162
8
6.50204653143883
-1.6230494081974
-0.0488430857658377
-5.22311719655991
-5.26096912622452
-1.32109577655792
0.908103519678117
-2.52518186569214
8
-2.15098226666451
2.59809381961822
-1.4424641251564
9.15716817378998
2.76621953845024
-1.30684849023819
-1.15520807504654
-1.62650418877602
8
0.376945000886917
4.20999541282654
7.73340217471123
8.3227315723896
-0.0370364844799036
-2.55967249274254
-2.89845145940781
-0.441874539852142
6
7
3.22388793826103
1.38413650989533
2.7264823615551
-5.77297152876854
6.70712220668793
7.2805295586586
-7.68584272861481
7
1.29538459777832
-0.424510258436201
2.21409769654274
4.35446993112564
-1.75756178498268
-1.68738678693771
5.06110491752624
7
3.48567875027657
0.222946798801422
-2.45688493251801
-5.38996007442474
1.46785871982575
3.3627139210701
1.38173587918282
7
-0.67335496544838
2.99319677352905
6.78743985891342
-0.708478581905365
-3.72560072541237
-1.09073686003685
-3.61944121718406
7
-3.45153802633286
-5.09046508073807
-5.23734732866287
6.63139147162438
-0.20896850824356
0.350963187217712
1.52812271714211
7
0.557507890462875
-1.57663758397102
2.83676016926766
0.36152212023735
0.658294028043748
-0.442416322231294
5.46690917015076
2
7
7.99612080454827
-1.92946657538414
-2.07175235748291
-6.1069563806057
1.78856363296509
-2.8072215616703
1.06747234463692
7
2.28349969983101
2.60746927857399
3.73357300162316
-2.81144167780876
-0.916684275865555
1.13551802039146
3.17679319381714
|Explorer2Genome 30
3
6
8
-4.48329851031303
-0.156382030248642
-6.38422010540962
6.17306689023972
-7.98942388892174
1.00583874583244
-5.26155578494072
-0.176225328445435
8
-1.27570536136627
2.78413166999817
0.29693632721901
5.82476325035095
3.45360262393951
0.5110327064991
0.527489084005355
2.70827243328094
8
4.43405725955963
3.89691010713577
-2.79723440408707
-1.0979712843895
2.70785151720047
0.142181807756425
1.55280198454857
-4.19339658617973
8
6.50204653143883
-2.05846518278122
0.626642572879792
-4.15150624513626
-3.84556413888931
-0.452680969238281
0.445247226953507
-2.30630660057068
8
-1.84323619008064
2.27395458221436
-1.77037054300308
9.15716817378998
2.76621953845024
-0.866587269306183
-0.965442878007889
-1.91815207600594
8
1.14000070691109
3.89794692993164
7.44428774118423
8.15450728535652
-0.0214212894439691
-3.53409113287926
-2.47949985265732
-0.970891988277435
6
7
3.04158847332001
1.72627147436142
3.68513077497482
-7.97269212603569
5.17645974755287
7.56105357408524
-8.2131173312664
7
0.525631093978879
0.0886332154274003
0.775982427597046
3.61444041728973
-3.74206606149673
-1.61441575288772
5.20001337528229
7
1.99804688096046
0.479269599914551
-2.3111378967762
-6.12449095249176
0.88073747158051
2.85377275347709
1.42274478077888
7
-0.919496423006058
3.08958842754364
7.49456421136856
-0.37761379480362
-3.87313631176949
-0.800728714466095
-3.34731308817863
7
-3.33307527899742
-2.99190769791603
-4.31028307080269
6.67945477962494
0.844145983457565
0.695756363868713
2.47926468253136
7
1.2781940639019
-1.35371774435043
1.69732401967049
-0.725614386796952
-0.180725842714309
0.216730731725692
5.00446264743805
2
7
7.37428163290024
-1.5516151368618
-2.01900546550751
-5.9340977370739
2.50062754154205
-2.18810814023018
1.10847094655037
7
2.39608367085457
3.08956319689751
4.94704920649529
-4.68803605437279
-2.7151373386383
-0.431244111061095
2.61421989798546
|Explorer2Genome 30
3
6
8
-4.20269088149071
0.258145505189896
-6.51842332482338
5.64726272821426
-8.78019525408745
1.57255823612213
-4.58821839690208
0.260166573524475
8
-1.78158071041107
3.10676665306091
-0.138292640447616
5.50703935623169
3.45360262393951
0.945915633440018
0.382158917188644
2.10075581073761
8
4.24052629470825
4.27738775014877
-3.30212384462356
-1.57090320587158
2.30410267114639
1.22334571480751
1.4528235912323
-3.86405021548271
8
6.89783601164818
-1.55939093232155
-0.169699919223785
-5.70514999628067
-7.70313037633896
-0.777271103858948
0.00399487614631733
-4.14882905483246
8
-1.84323619008064
2.27395458221436
-1.73416715860367
9.11870801448822
2.52982859015465
-1.30684849023819
-1.15520807504654
-0.807384163141251
8
0.376945000886917
4.08635001182556
7.14138530492782
8.35857482552528
-0.322839641571044
-2.55967249274254
-2.34580882787705
-0.755500376224517
6
7
3.94675047397614
1.72627147436142
3.36601692438126
-7.35998246073723
5.58484488129616
7.0456004679203
-8.65630550384521
7
0.525631093978879
-0.21490944623947
1.06194660663605
4.13027055263519
-3.62604750394821
-1.40894611477852
6.04507915973663
7
1.83172989487648
0.0149242341518402
-2.56979640126228
-6.96842999458313
1.48999711871148
2.69483650922775
0.760658293962478
7
-0.860740810632706
2.18781580924988
7.9434335887432
-0.471951895952225
-3.70048818588257
-1.19607766866684
-3.75257605910301
7
-4.0526849925518
-1.83835805058479
-4.61294396519661
6.12733013629913
2.00629234316518E-05
1.50309598445892
1.2737716794014
7
1.19509422183037
-1.86053200960159
2.38757849335671
0.964799565076827
0.403496330976487
-0.0687785983085644
4.28948142528534
2
7
9.07019706368447
-1.44538540840149
-2.27665197253227
-7.22648274302483
2.90052652359009
-1.85373017787933
1.49473073482513
7
2.83725296258927
3.71742773652077
4.26984078288079
-3.32555505633354
-0.457209622859955
1.65178939700127
2.42721226215363
|Explorer2Genome 30
3
6
8
-4.69956650733948
0.111799120903015
-7.86277173161506
4.67238332033157
-6.0342806994915
1.74292850494385
-4.9240283370018
-0.449897265434265
8
-1.27570536136627
3.20296819210053
0.33016260266304
5.67174022197723
3.45360262393951
0.871049386262894
0.31732507944107
3.20991361141205
8
4.67264790534973
4.16815065741539
-2.79723440408707
-0.609390819072723
2.74521740674972
0.544632893800736
0.614476293325424
-4.29588751196861
8
7.03952559828758
-0.724366033077241
-0.0191222071647635
-4.88428159952164
-5.2319448530674
-1.17131335735321
0.908103519678117
-2.50672161579132
8
-3.24871922135353
2.36741788983345
-1.19027040600777
8.83508481383323
0.945633620023727
-2.72201080918312
-1.34855414628983
-0.841006618738174
8
0.376945000886917
4.46716187596321
7.52970122098923
8.3227315723896
0.0091362953186041
-2.64100615382194
-2.89845145940781
-0.124099290370941
6
7
3.24334782958031
1.30674757361412
2.82350007891655
-5.33817815184593
6.19696776866913
6.86255071759224
-6.79777426719665
7
0.525631093978879
0.0886332154274003
0.474107509851456
4.13027055263519
-3.74206606149673
-2.19111815690994
5.20001337528229
7
2.47376933693886
0.215781420469284
-1.5779302418232
-5.48571581244469
0.830219262838368
2.78956040143966
0.760658293962478
7
-1.71299362778664
2.03850608468056
8.39999471902847
-1.58734382987022
-3.4323694229126
-1.58373703360558
-0.758184987306592
7
-2.94125512838364
-5.16193772554398
-3.93486248254776
6.6902362048626
-0.803900563716888
0.350963187217712
1.28847220540047
7
1.34295666217804
-1.63191989660263
2.3178623020649
0.607150077819824
-0.173053455352782
0.441965639591216
4.75449816584587
2
7
7.30225123167038
-2.02140211462975
-2.07175235748291
-5.77915222644806
2.88744778633118
-2.63773856759071
1.04592354893684
7
2.62063756585121
3.21351340413094
4.68277859091759
-3.29638306498527
-0.953644239902496
1.09179107546806
2.91993820667267
|Explorer2Genome 30
3
6
8
-4.47818441390991
-0.747176456451416
-6.90609365105629
6.17306689023972
-7.83644191622734
1.61036086082458
-4.79526054263115
0.0655961990356443
8
-1.27570536136627
3.20296819210053
0.29693632721901
5.17164986133576
3.45360262393951
1.17003227472305
0.31732507944107
2.69004814624786
8
5.03668568134308
3.90521959066391
-3.54974779486656
-1.26770672798157
2.99905835986137
1.22334571480751
1.40060264468193
-3.77224177718162
8
6.50204653143883
-1.0291568338871
-0.790244424343108
-5.36736875772476
-5.26096912622452
-1.31105608940125
0.316858965158463
-2.52518186569214
8
-0.826321202516556
2.50689141750336
-2.54441667199135
9.15716817378998
3.27140037417412
-1.38857155442238
-0.530031234025955
-1.62650418877602
8
0.756211394071579
3.63504946231842
7.73257483839989
9.96767285466194
0.444666868448258
-2.48229201436043
-3.81652647256851
-1.95931327939033
6
7
3.97680315971375
1.32123831510544
2.86702634096146
-7.25240320563316
5.90454043149948
8.31537427306175
-7.34030591845512
7
0.524309444427487
-0.130558907985686
0.925838589668274
4.13027055263519
-3.71557635068893
-1.1960126042366
4.85121862888336
7
1.91966500878334
0.685924166440964
-1.5779302418232
-5.48571581244469
0.830219262838368
2.41833802461624
0.760658293962478
7
-0.457790923118592
2.99319677352905
7.49456421136856
-1.08362814188004
-3.87313631176949
-1.19619953036308
-2.86024739146232
7
-2.73089818358421
-4.95983300805092
-2.97016475796699
7.14549798369408
0.353269922733307
-0.391460394859314
1.95688353776932
7
1.2781940639019
-1.47218075990677
2.72234199643135
0.224222326278686
-0.802878475189208
-0.628954446315767
5.00244040489197
2
7
7.95036267638207
-1.92946657538414
-2.07175235748291
-5.75193290114403
2.10030856132507
-2.33257241845131
1.06747234463692
7
3.1857734978199
3.12428632378578
4.08250264525414
-2.81144167780876
-0.916684275865555
1.13551802039146
3.17679319381714
|Explorer2Genome 30
3
6
8
-4.73544132113457
0.194964891672134
-6.41156132817268
6.17306689023972
-8.56773790717125
1.28571393489838
-4.75117389559746
-0.176225328445435
8
-1.81259684562683
2.83978908061981
-0.20237233042717
5.37300372123718
3.45360262393951
0.945915633440018
-0.448333084583283
2.10075581073761
8
4.81912484169006
4.18240929841995
-2.48446725010872
-1.57090320587158
2.87255553007126
1.82251816391945
1.55280198454857
-3.56347042918205
8
6.8762932240963
-1.0291568338871
-0.171885168552398
-5.36736875772476
-5.26096912622452
-1.31105608940125
0.908103519678117
-2.52518186569214
8
-1.35379870533943
2.18643639087677
-2.19322224259377
9.15716817378998
3.27140037417412
-1.52121666073799
-0.100848019123077
-1.49040454030037
8
0.212807863950729
4.03130153417587
7.54836531877518
9.91895328164101
-0.194787710905075
-1.9061105132103
-3.81652647256851
-1.34786523580551
6
7
4.2066696703434
1.29274989366531
3.88430696725845
-7.35998246073723
5.49436202645302
7.25069960355759
-8.20725221633911
7
0.66938946843147
-0.170209074020384
0.643758982419968
4.87813799977303
-3.17174681425095
-0.767465734481811
6.11915369033813
7
2.99172158241272
2.04479979276657
-2.52564293146133
-4.39861778616905
0.0603740096092266
3.15473618507385
0.579743421077728
7
-0.401176410913468
3.51887640953064
8.40435010790824
-0.129034173488617
-4.43237960934639
-1.98069130778313
-4.1062209546566
7
-3.22475787997246
-4.21740611791611
-3.75417393445968
7.17340638637543
1.08871876001358
0.695756363868713
1.62980257868767
7
1.13095545172691
-1.45346680879593
2.24545710682869
-0.127985888719559
0.169026201963425
-0.352426636219026
4.42894334793091
2
7
7.85410321950913
-2.16283227801323
-2.07175235748291
-5.77915222644806
2.42271394729614
-2.33257241845131
1.76458597779274
7
2.86265119314194
3.58996351361275
3.68322851061821
-3.32555505633354
-0.804861390590668
1.09179107546806
3.34789474010468
|Explorer2Genome 30
3
6
8
-4.21781809329987
0.415228986740112
-7.36918461918831
5.10524543523788
-7.64035384058952
1.80748634338379
-4.57669414281845
-0.343969106674195
8
-1.91839218139648
2.80276837348938
-0.0566956222057341
5.37300372123718
3.5925877392292
1.0553599178791
0.277364653348922
2.523166680336
8
4.67971325516701
3.96640220880509
-3.54974779486656
-1.57090320587158
2.66520096063614
1.22334571480751
1.78917217254639
-3.77224177718162
8
6.50204653143883
-1.23094857335091
-0.737981259822845
-5.36736875772476
-5.26096912622452
-1.31105608940125
0.908103519678117
-2.52518186569214
8
-1.66887629628181
2.74744107723236
-2.03908636569977
9.15716817378998
3.27140037417412
-1.52121666073799
0.112368124723434
-1.49040454030037
8
0.376945000886917
4.20999541282654
7.44553586244583
8.3227315723896
0.00884346961975158
-2.55967249274254
-2.89845145940781
-0.441874539852142
6
7
3.94675047397614
1.29274989366531
3.88430696725845
-7.35998246073723
5.48035181164742
7.25069960355759
-8.20725221633911
7
0.100070381164548
-0.185699474811552
0.925838589668274
4.13027055263519
-3.74206606149673
-1.61441575288772
5.20001337528229
7
2.99172158241272
2.58224166631699
-2.52564293146133
-4.39861778616905
0.21079128980637
3.05003168582916
0.579743421077728
7
-0.594640427827836
2.99319677352905
7.49456421136856
-0.733307182788849
-3.94115656018257
-0.580516046285629
-3.36301152110099
7
-2.94125512838364
-4.47353454828262
-4.08451858758926
6.63139147162438
-0.803900563716888
0.0404751062393184
1.52812271714211
7
1.10358452796936
-2.39694849252701
3.65445667505264
-0.21042669415474
-0.210359406471252
-0.176504552364351
4.50465846061707
2
7
7.34090529680252
-2.16283227801323
-2.07175235748291
-5.77915222644806
2.09372177124023
-2.33257241845131
1.78228576779365
7
2.62063756585121
3.58996351361275
4.92040857672692
-3.81343585848808
-0.998544079065323
1.21363531947136
2.91993820667267
|Explorer2Genome 30
3
6
8
-4.73544132113457
-0.335351157188416
-6.38422010540962
6.17306689023972
-8.35333873033523
1.44034044146538
-4.50752404928207
-0.198846793174744
8
-1.27570536136627
3.20296819210053
0.29693632721901
5.28006539344788
3.45360262393951
0.871049386262894
0.527489084005355
2.21723148822784
8
4.41791599392891
4.29861453771591
-2.79723440408707
-1.17592335939407
2.91916193366051
0.544632893800736
2.27165486812592
-4.35299102663994
8
6.89783601164818
-1.6121069252491
-0.0521600127220145
-5.03439405560493
-7.02806621789932
-0.777271103858948
0.143485122919083
-4.14882905483246
8
-1.84323619008064
2.22233107089996
-2.23345013856888
9.10819489955902
3.02925769686699
-1.95618361234665
-1.15520807504654
-1.1552198946476
8
1.02228552699089
3.17431476116181
7.54836531877518
9.96767285466194
-0.642277592420577
-1.86324423551559
-3.81652647256851
-0.810085046291351
6
7
3.94675047397614
2.0687392115593
2.85727976560593
-7.35998246073723
5.77933834791184
7.0776285469532
-8.45148817896843
7
1.32813622951507
-0.194865459203719
1.39232308864593
4.10238249897957
-2.5147277712822
-1.40497592687607
5.38376042842865
7
2.70448535680771
-0.326348900794983
-2.03640924096108
-6.12567720413208
0.750895756483082
3.47571767568588
1.23189051747322
7
-0.90882552266121
2.99319677352905
8.43322920203208
-0.129034173488617
-3.9517583668232
-1.24096345305443
-2.98871361613273
7
-3.01214217543602
-1.95901423692703
-4.62384353280067
6.40228080749512
0.367211759090424
0.760392451286316
2.34069348573685
7
1.81613411307335
-1.47218075990677
2.24545710682869
0.398862689733505
-1.24581680893898
0.675879567861556
4.54859068393707
2
7
7.98835613131523
-1.80211936831474
-1.85813838839531
-5.95289193987846
1.57700328826904
-2.26102002263069
1.99682205915451
7
3.3261836886406
3.58996351361275
4.09842574000359
-2.80591146349907
-0.953644239902496
0.745476692914963
2.99907646179199
|Explorer2Genome 30
3
6
8
-4.81673457026482
0.556502562761307
-6.0327657520771
6.17306689023972
-8.11403173804283
-0.0299898922443397
-4.75117389559746
0.193534851074218
8
-0.692037796974182
3.20296819210053
0.84945450425148
5.82476325035095
3.45360262393951
0.871049386262894
0.31732507944107
2.69004814624786
8
4.50350902080536
4.4007136464119
-3.46842028498649
-2.2204519033432
2.83627532720566
1.76849647164345
1.87974420189857
-3.53755193948745
8
7.01855501532555
-1.0291568338871
-0.412939012050628
-4.88428159952164
-4.89730035066605
-1.10654752254486
0.908103519678117
-2.60180413722992
8
-2.06697598099709
2.27395458221436
-2.23345013856888
8.98280141353607
2.56748802065849
-1.30684849023819
-1.15520807504654
-1.1552198946476
8
0.634334605932236
3.70176215171814
7.54836531877518
10.3114255487919
0.120543277263642
-1.2005314707756
-3.81652647256851
-0.24072960615158
6
7
4.44096100330353
2.09688867330551
3.36601692438126
-7.35998246073723
5.58484488129616
7.0456004679203
-8.65630550384521
7
0.66938946843147
-0.170209074020384
0.550368112325669
4.87633948922157
-3.17174681425095
-1.25144481658935
6.11915369033813
7
2.12654185891151
0.150629562139511
-1.17442687153816
-5.48571581244469
1.20353197455407
2.78956040143966
0.760658293962478
7
-0.90882552266121
2.54718253612518
8.49879276156425
0.589670437574386
-4.8548966228962
-0.477518075704575
-3.70826303362846
7
-2.85497874617577
-3.6606712937355
-4.78461383581161
7.1315247297287
1.49139692187309
1.17931644916534
2.57419835925102
7
1.2781940639019
-1.47218075990677
2.24545710682869
-0.0352587044239051
-1.04002593159676
-0.0687785983085644
4.0287543296814
2
7
7.90219780206681
-2.30192655920982
-2.07175235748291
-5.9340977370739
2.10030856132507
-2.33257241845131
2.20720189213753
7
2.62063756585121
3.58996351361275
4.33420714735985
-3.35374822020531
-1.37765914201736
0.28964735865593
2.91993820667267
|Explorer2Genome 30
3
6
8
-3.80035622119903
-0.377252626419067
-8.19046342968941
6.02614027261734
-7.80516306757927
1.38800961375236
-4.75117389559746
0.916406345367431
8
0.139759814739227
3.98416240811348
0.42719339132309
6.5715565264225
2.44755401611328
1.62065122127533
1.60334230661392
2.96218491196632
8
5.0610981464386
4.22711979150772
-4.18515560030937
-1.57090320587158
3.00024169683456
1.04684820771217
1.46362790465355
-3.9089509665966
8
6.34381915926933
-1.66168051362038
-0.282454425096511
-5.72668513059616
-7.47230833768844
-0.232487559318543
0.170905882120133
-3.83384766578674
8
-2.0315947830677
1.53798133730888
-2.11235508918762
8.85367774367332
1.75339740514755
-2.18762520551681
-0.656643784046173
-1.73178611397743
8
-0.0535005509853363
4.38123736381531
6.96372892260551
9.64495831727982
-0.572898054122924
-2.05351004004478
-2.53459312319756
0.265741550922394
6
7
3.76953656673431
1.32123831510544
3.65007230043411
-7.25240320563316
5.97699340581894
8.31537427306175
-7.43238343596458
7
-0.453630614280704
0.429569303989412
1.39640326499939
4.02563763260841
-3.74206606149673
-1.98939136266708
4.98944816589355
7
3.57178953289986
-0.184213244915009
-2.25533521771431
-5.66428189277649
1.46785871982575
3.07997268438339
0.0028544962406154
7
-0.90882552266121
2.99319677352905
8.5635866343975
-0.472725570201874
-3.67488773465157
-1.24096345305443
-3.51934503912925
7
-2.87834938764572
-3.43581091165543
-3.73123126626015
6.16696524620056
1.40511934161186
0.695756363868713
2.31576689481735
7
1.13095545172691
-2.15571191906929
2.24545710682869
0.92766506075859
0.283758765459061
-0.11257964372635
4.68707483410835
2
7
7.89647732973099
-1.18626815676689
-2.33937695026398
-6.81601993441582
2.10030856132507
-2.03186488747597
2.17143509984016
7
3.36877618432045
3.45115047097206
4.14321097731591
-3.35969142317772
-1.10174688100815
0.77813419699669
3.45183861851692
|Explorer2Genome 30
3
6
8
-4.77838876247406
-0.665459704399109
-7.92933779358864
4.22572284936905
-7.06903058886528
1.25235748291016
-5.01250423789024
0.00577183365821812
8
-0.564509326219559
3.7719459593296
0.214334714412689
6.20412521958351
2.92267985939979
1.82754023075104
1.53383475542068
1.59868925213814
8
4.38315737247467
4.45420368909836
-3.47265104055405
-1.57090320587158
3.55876301527023
1.06987236142159
1.25727998614311
-3.77224177718162
8
6.34381915926933
-1.93142639398575
-0.704970794916152
-5.72668513059616
-7.46048709154129
-0.232487559318543
0.170905882120133
-3.96353647708893
8
-2.38959344029427
2.27395458221436
-1.47106621861458
9.06431303024292
2.76621953845024
-1.50337623357773
-0.605539780855179
-1.62650418877602
8
0.884063142538071
3.56857459545136
7.3010064959526
9.8161411345005
0.283809518814087
-2.30607027411461
-2.95982910990715
-1.13243106603622
6
7
3.6633841753006
1.93915244936943
3.79899390935898
-7.50660867094994
5.58484488129616
6.95619772076607
-8.17025017738342
7
0.525631093978879
0.0886332154274003
1.65434971451759
4.13027055263519
-3.74206606149673
-1.61441575288772
5.20001337528229
7
2.5389269888401
-0.326348900794983
-2.18744729161263
-5.8404976785183
-0.180154639482494
4.17097836732864
1.35319960713387
7
-0.67335496544838
2.99319677352905
7.02230666875839
-0.200479280948639
-4.43672907948494
-1.16570617556572
-4.06157526373863
7
-3.40258969664574
-2.52816168069839
-4.48697169423103
5.22549507617951
0.326774990558624
0.281984853744506
1.91885229945183
7
1.13095545172691
-1.58073013424873
2.0523577272892
0.92766506075859
-0.594607001543044
-0.227951681613923
4.42894334793091
2
7
7.90219780206681
-1.63161270022392
-1.48480706214905
-5.9340977370739
2.10030856132507
-2.33257241845131
2.20720189213753
7
3.21840532422066
3.12428632378578
3.9970936536789
-2.60328353643417
-0.916684275865555
0.964070290327073
3.17679319381714
|Explorer2Genome 30
3
6
8
-4.47818441390991
-0.747176456451416
-6.96500447392464
6.08713270425797
-7.83644191622734
1.59493408203125
-4.39789564013481
0.0655961990356443
8
-1.81388802528381
3.46337640881538
-0.706455034017563
6.40260577201843
3.09110130667686
1.08005598187447
1.11112827062607
2.57262260913849
8
5.49784265160561
4.20063528418541
-3.34040631651878
-2.53917880058289
3.69260773062706
1.78098247647286
1.21011278629303
-4.15867358446121
8
6.78642733097076
-1.62755766510964
-0.60943077802658
-4.83841611146927
-5.26096912622452
-1.56132909655571
1.20529898405075
-2.52518186569214
8
-2.43385289311409
1.8328655064106
-0.870322567224503
8.91617378592491
1.28732058405876
-1.97392225861549
-0.0355918765068055
-1.34519818425178
8
-0.0697107136249541
3.75454807877541
7.54836531877518
9.69826748967171
1.03448076844215
-1.6650633752346
-2.4102931201458
-0.825108277797699
6
7
3.97680315971375
1.32123831510544
3.17025743722916
-7.25240320563316
5.90454043149948
8.31537427306175
-6.98040332198143
7
1.49900910854339
0.000804173946382103
1.49967138767242
3.68942630887031
-2.90386673212051
-1.56958438158035
5.2065711081028
7
2.47376933693886
0.215781420469284
-2.02289970517158
-5.48571581244469
0.830219262838368
2.78956040143966
0.58473749756813
7
-0.67335496544838
2.64718909263611
8.06704344153404
-0.200479280948639
-3.80211565494538
-1.09073686003685
-2.88516632914543
7
-3.40258969664574
-2.3562303841114
-4.48697169423103
5.78580524921417
0.326774990558624
0.281984853744506
1.7420724272728
7
1.2781940639019
-1.47218075990677
2.24545710682869
-0.0352587044239051
-1.04002593159676
-0.0687785983085644
4.0097617149353
2
7
7.98835613131523
-1.92946657538414
-2.07175235748291
-5.9340977370739
2.10030856132507
-1.97781930565834
1.06747234463692
7
2.53287561535835
3.01844235062599
4.52905640006066
-3.86889757514
-1.32373365163803
1.22683479189873
3.42111108899116
|Explorer2Genome 30
3
6
8
-4.58479580283165
-0.255269622802734
-6.38422010540962
6.17306689023972
-8.56773790717125
1.00583874583244
-4.75117389559746
-0.176225328445435
8
-1.78158071041107
2.80276837348938
-0.0788111150264739
5.37300372123718
3.27275314331055
0.981931692361832
0.096494090557098
1.67492101192474
8
4.79091265201569
4.67505711913109
-2.79723440408707
-1.0979712843895
2.29945930242538
0.133425217866898
0.609625715017318
-4.68651756644249
8
6.50204653143883
-1.09063914418221
-0.75586951971054
-4.88428159952164
-5.26096912622452
-0.952666473388672
0.908103519678117
-2.52518186569214
8
-1.84323619008064
2.27395458221436
-2.23345013856888
9.15716817378998
2.76621953845024
-1.30684849023819
-1.15520807504654
-1.62650418877602
8
0.756211394071579
3.63504946231842
7.54836531877518
9.96767285466194
0.341486078500748
-1.9061105132103
-3.81652647256851
-1.34786523580551
6
7
4.39141230583191
1.72627147436142
3.79899390935898
-7.35998246073723
5.58484488129616
7.0456004679203
-8.17025017738342
7
0.524309444427487
0.429569303989412
0.925838589668274
4.13027055263519
-3.74206606149673
-1.61441575288772
4.85121862888336
7
2.53264690041542
0.215781420469284
-2.03640924096108
-5.83679320812225
0.231123059988026
2.78956040143966
0.760658293962478
7
-0.67335496544838
2.99319677352905
6.92325698137283
-0.0343087971210481
-3.87313631176949
-0.89689776301384
-2.90053946375847
7
-3.01214217543602
-2.52816168069839
-4.48697169423103
6.40228080749512
0.326774990558624
0.617199897766113
2.08106416463852
7
0.907059162855148
-1.86053200960159
2.24545710682869
0.36152212023735
-0.591260606050491
-0.0687785983085644
4.42894334793091
2
7
7.82051852941513
-1.89707357287407
-2.57115170955658
-5.77915222644806
2.88744778633118
-2.74674590229988
1.04592354893684
7
2.62063756585121
4.06855714917183
4.85217151641846
-3.81343585848808
-0.953644239902496
1.09179107546806
2.91993820667267
