50
1562
|Explorer2Genome 30
3
6
8
6.32374854683876
-7.62827935218811
1.47230176329613
0.78484194278717
-4.281267786026
-5.92285262942314
2.33157016038895
-8.55543335080147
8
-2.01659995913505
4.85074102878571
1.2630695939064
-5.33658521175385
-4.97093545198441
4.18342584967613
-1.96261501312256
-3.21367752552033
8
2.27229542732239
-10.5555492460728
0.314734250307083
6.25680955648422
3.08552281260491
-1.83926140069962
-7.58119765520096
5.24231014847755
8
3.11458795666694
1.31781427264214
-3.65193293690681
4.82910529971123
-5.53546760082245
-1.50959389209747
-6.24980544447899
-0.705697524547576
8
4.41586586833
5.87818914651871
-4.94656655192375
-10.3272246420384
1.50341980457306
11.1272353827953
4.21791471242904
-2.94593654274941
8
8.60381064414978
-3.93387784361839
-0.49947103857994
-6.13524096012116
-0.288184738159178
3.49541073441506
-5.07892852425575
5.57988450527191
6
7
-0.541057306528092
4.70032937526703
3.4564136326313
5.28433793783188
-7.44303815364837
-7.86882281899452
5.28267747163773
7
-0.433639806509018
-5.46304363608361
0.245122945308684
5.83514142632484
-3.98165181875229
4.43588584065437
-3.83817852139473
7
3.81020724773407
2.67203158140182
-0.591493612527847
-4.79844113588333
-2.09029322862625
-4.47632436156273
-0.0105281293392166
7
4.70072473287583
-3.0341411948204
-0.73656789660454
0.623831140995026
-1.51971781253815
-3.46011102199554
5.10876709222793
7
1.84572684168815
0.212078672647476
-7.00434235930443
3.05928567051887
-8.45209199786187
-5.63189458250999
0.0136952400207515
7
-2.80486978292465
-6.28540077805519
2.08473924398422
-3.50641958713531
5.94773109555244
-0.218363720178604
-3.7456981241703
2
7
5.38357112407684
3.81124703288078
5.44117411375046
7.3679874420166
-1.15805407166481
-4.05145612955093
-5.97643730640412
7
-4.25753484964371
2.47535859942436
0.971721130609513
4.60987377762794
2.27408286333084
6.23758283853531
7.90699360966682
|Explorer2Genome 30
3
6
8
6.93689623475075
-5.86065905094147
-1.13637955188751
1.23375754356384
-5.27062277197838
-6.46109644770622
1.68657626509666
-7.93963184952735
8
-1.42839710116386
4.3371752679348
1.8433315217495
-5.09643652439118
-5.3843568444252
4.66572513580322
-2.83697710037231
-2.32316753864288
8
1.81557216644287
-11.0220656454563
0.571660548448562
6.54492771029472
3.12414426207543
-1.99870828390121
-7.4741169333458
6.29143617749214
8
3.04476247429847
0.0261270344257424
-4.13183827996254
4.78453376293182
-2.82741591334343
-1.46529288291931
-4.09109601974488
-2.04606555104256
8
4.19678096175194
5.74989737272262
-5.04884729981422
-9.53078839778901
1.76742386221886
11.0552792966366
4.65175300836563
-3.59282041192055
8
9.66421509385109
-3.9892737030983
0.415497457981111
-5.92756445407868
-1.52830346822739
4.49583621621132
-5.93190398216248
5.90219188332558
6
7
-1.40430306792259
4.83479344844818
2.59269362092018
4.07189919352532
-6.7745479285717
-7.18755124211311
4.77863484025001
7
-0.804835361242294
-5.34662104845047
0.808124178647994
6.90239859819412
-3.57898079156876
4.49198079109192
-4.22950555682183
7
4.0169554233551
4.0639618575573
-0.815084522962569
-3.05360931158065
-3.89023436307907
-5.19954566955566
0.751740223169328
7
4.51450226902962
-2.98036133050918
-0.821234291791918
-0.0368799448013304
-1.60659713745117
-3.66884667873382
4.63053630590439
7
1.86580473184585
-0.758091348409653
-7.08770055174828
2.85030956268311
-8.74184265136719
-5.63189458250999
0.0136952400207515
7
-2.80486978292465
-5.64714482426643
1.94659544825554
-3.47819080352783
5.85174577832222
-0.2265769302845
-4.32256317734718
2
7
5.91522820591926
4.38843566775322
3.66707738637924
7.54637266993523
-1.27389081120491
-4.41741706728935
-6.5712466955185
7
-4.22399393320084
2.2278088927269
1.93997219204903
5.83115049004555
0.595860391855241
6.62902005910874
7.92380505204201
|Explorer2Genome 30
3
6
8
5.80371699929238
-6.86102459430694
1.43698629736901
0.401683449745178
-4.89413264393807
-5.92285262942314
3.58449558019638
-8.82473207116127
8
-0.883698529005049
4.63807048201561
1.26632856726646
-5.48698060512543
-5.3843568444252
4.9024915933609
-3.22006320953369
-2.32316753864288
8
2.27229542732239
-10.7263018190861
0.571660548448562
5.96175190210342
2.82330090403557
-1.99870828390121
-7.4741169333458
6.27490110993385
8
3.48216431736946
1.34815050363541
-3.86541424393654
4.76960346102715
-4.11280198097229
-0.818851613998413
-4.8032297372818
-1.43366122841835
8
4.35203086733818
5.9238743185997
-4.98804194331169
-10.0573494434357
1.54390022158623
11.1272353827953
4.0830541729927
-2.93569043278694
8
8.19232938289642
-4.03158930540085
-0.493360680341719
-6.23417620658875
-1.13533370494842
4.54203458428383
-5.80408847928047
5.41234321594238
6
7
-1.02211839556694
5.14105830192566
2.96900734901428
3.71613522768021
-6.51320269107818
-7.78636091351509
4.44415937066078
7
0.25786629319191
-5.06542825102806
1.32490764260292
7.14481335878372
-2.13234058618546
3.39258453249931
-4.23073272109032
7
4.03671193122864
2.91589030027389
-1.27804792523384
-4.87472160458564
-1.82816444635391
-4.8762632548809
-0.0943735003471359
7
4.34314458966255
-3.2872098326683
-0.71426929831505
0.124211812019348
-1.59202566146851
-3.81770403981209
5.34815617799759
7
1.90931550860404
-0.938639384508133
-6.96243123412132
3.35571720600128
-8.32274098396302
-4.95495466589928
-0.384782528877259
7
-2.6610032081604
-5.6226969897747
3.69604961276054
-3.40150068998337
7.30492955446243
-2.09085503220558
-4.95765124559402
2
7
7.15884264111519
2.90895499587059
7.2002906858921
4.0957609474659
-0.861366957426071
-5.33135085701942
-4.58338123559952
7
-4.22399393320084
2.01831885576248
0.971721130609513
5.09194491505623
0.84877201318741
6.05472334623337
8.03676567673683
|Explorer2Genome 30
3
6
8
5.80371699929238
-6.86102459430694
1.43698629736901
0.401683449745178
-4.89413264393807
-5.92285262942314
3.58449558019638
-8.82473207116127
8
-0.883698529005049
4.63807048201561
1.26632856726646
-5.48698060512543
-5.3843568444252
4.9024915933609
-3.22006320953369
-2.32316753864288
8
2.27229542732239
-10.7263018190861
0.571660548448562
5.96175190210342
2.82330090403557
-1.99870828390121
-7.4741169333458
6.27490110993385
8
3.48216431736946
1.34815050363541
-3.86541424393654
4.76960346102715
-4.11280198097229
-0.818851613998413
-4.8032297372818
-1.43366122841835
8
4.35203086733818
5.9238743185997
-4.98804194331169
-10.0573494434357
1.54390022158623
11.1272353827953
4.0830541729927
-2.93569043278694
8
8.19232938289642
-4.03158930540085
-0.493360680341719
-6.23417620658875
-1.13533370494842
4.54203458428383
-5.80408847928047
5.41234321594238
6
7
-1.02211839556694
5.14105830192566
2.96900734901428
3.71613522768021
-6.51320269107818
-7.78636091351509
4.44415937066078
7
0.25786629319191
-5.06542825102806
1.32490764260292
7.14481335878372
-2.13234058618546
3.39258453249931
-4.23073272109032
7
4.03671193122864
2.91589030027389
-1.27804792523384
-4.87472160458564
-1.82816444635391
-4.8762632548809
-0.0943735003471359
7
4.34314458966255
-3.2872098326683
-0.71426929831505
0.124211812019348
-1.59202566146851
-3.81770403981209
5.34815617799759
7
1.90931550860404
-0.938639384508133
-6.96243123412132
3.35571720600128
-8.32274098396302
-4.95495466589928
-0.384782528877259
7
-2.6610032081604
-5.6226969897747
3.69604961276054
-3.40150068998337
7.30492955446243
-2.09085503220558
-4.95765124559402
2
7
7.15884264111519
2.90895499587059
7.2002906858921
4.0957609474659
-0.861366957426071
-5.33135085701942
-4.58338123559952
7
-4.22399393320084
2.01831885576248
0.971721130609513
5.09194491505623
0.84877201318741
6.05472334623337
8.03676567673683
|Explorer2Genome 30
3
6
8
5.80371699929238
-6.86102459430694
1.43698629736901
0.401683449745178
-4.89413264393807
-5.92285262942314
3.58449558019638
-8.82473207116127
8
-0.883698529005049
4.63807048201561
1.26632856726646
-5.48698060512543
-5.3843568444252
4.9024915933609
-3.22006320953369
-2.32316753864288
8
2.27229542732239
-10.7263018190861
0.571660548448562
5.96175190210342
2.82330090403557
-1.99870828390121
-7.4741169333458
6.27490110993385
8
3.48216431736946
1.34815050363541
-3.86541424393654
4.76960346102715
-4.11280198097229
-0.818851613998413
-4.8032297372818
-1.43366122841835
8
4.35203086733818
5.9238743185997
-4.98804194331169
-10.0573494434357
1.54390022158623
11.1272353827953
4.0830541729927
-2.93569043278694
8
8.19232938289642
-4.03158930540085
-0.493360680341719
-6.23417620658875
-1.13533370494842
4.54203458428383
-5.80408847928047
5.41234321594238
6
7
-1.02211839556694
5.14105830192566
2.96900734901428
3.71613522768021
-6.51320269107818
-7.78636091351509
4.44415937066078
7
0.25786629319191
-5.06542825102806
1.32490764260292
7.14481335878372
-2.13234058618546
3.39258453249931
-4.23073272109032
7
4.03671193122864
2.91589030027389
-1.27804792523384
-4.87472160458564
-1.82816444635391
-4.8762632548809
-0.0943735003471359
7
4.34314458966255
-3.2872098326683
-0.71426929831505
0.124211812019348
-1.59202566146851
-3.81770403981209
5.34815617799759
7
1.90931550860404
-0.938639384508133
-6.96243123412132
3.35571720600128
-8.32274098396302
-4.95495466589928
-0.384782528877259
7
-2.6610032081604
-5.6226969897747
3.69604961276054
-3.40150068998337
7.30492955446243
-2.09085503220558
-4.95765124559402
2
7
7.15884264111519
2.90895499587059
7.2002906858921
4.0957609474659
-0.861366957426071
-5.33135085701942
-4.58338123559952
7
-4.22399393320084
2.01831885576248
0.971721130609513
5.09194491505623
0.84877201318741
6.05472334623337
8.03676567673683
|Explorer2Genome 30
3
6
8
6.1958667755127
-6.46172256469726
0.718763661384586
1.26668627262115
-5.45689374804497
-6.2825840651989
1.58081912398338
-7.77373414635658
8
-0.883698529005049
4.63807048201561
1.35999538302422
-5.62179064750672
-5.3843568444252
4.9024915933609
-3.39938776493072
-1.91006672382355
8
2.34610388278961
-10.7263018190861
0.804750788211822
5.96175190210342
2.40378682017326
-1.99870828390121
-7.4741169333458
6.27490110993385
8
3.48216431736946
1.34815050363541
-4.23596463799477
4.76960346102715
-4.11280198097229
-0.818851613998413
-4.8032297372818
-1.43366122841835
8
4.41586586833
6.11442595720291
-4.94656655192375
-10.4660942614079
1.30314578413963
11.1272353827953
4.61559203863144
-2.94593654274941
8
8.85654196739197
-5.16884160041809
0.186485445499421
-4.94845774173737
-0.588431161642073
5.08903399109841
-6.50205296278
5.53561187386513
6
7
-1.02211839556694
5.14105830192566
2.96900734901428
3.71613522768021
-6.51320269107818
-8.36998141407966
4.89812431931496
7
0.839985185861588
-4.70740026831627
1.49070748090744
6.5487695813179
-2.41115835905075
3.39258453249931
-4.23073272109032
7
4.03671193122864
2.91589030027389
-1.21701908707619
-4.87472160458564
-2.36051942110061
-4.78700413107872
-0.0943735003471359
7
4.83510492444039
-3.73716198205948
-1.21360849738121
-0.242998123168945
-1.61531417369843
-3.81770403981209
5.71881779432297
7
1.90931550860404
-1.13844056725502
-6.54124523997307
3.42994151115417
-7.95752353668213
-4.95495466589928
-0.384782528877259
7
-2.06558814048767
-5.6226969897747
3.79032496809959
-3.40150068998337
7.30492955446243
-1.98731697201729
-4.95765124559402
2
7
5.28810470700264
4.38843566775322
3.70238291025162
7.41107811331749
-0.645114070177078
-4.69600881934166
-6.5712466955185
7
-4.38126624226571
2.0620261311531
0.971721130609513
4.28643756508827
1.03626258969307
5.68052142858506
8.03676567673683
|Explorer2Genome 30
3
6
8
7.02679708600045
-5.86065905094147
-1.13637955188751
1.23375754356384
-5.27062277197838
-6.46109644770622
1.68657626509666
-7.93963184952735
8
-1.42839710116386
4.75650710463524
2.13640854358673
-5.09643652439118
-5.3843568444252
4.66572513580322
-2.83697710037231
-2.00201570987701
8
1.81557216644287
-11.1378338634968
1.11341870427132
6.54492771029472
3.12414426207543
-1.99870828390121
-7.4741169333458
6.29143617749214
8
3.04476247429847
0.0261270344257424
-4.13183827996254
4.64627203941345
-2.82741591334343
-1.46529288291931
-4.09109601974488
-2.04606555104256
8
4.19678096175194
5.28920830488205
-4.63182931542397
-9.53078839778901
2.01771371364593
11.1820427119732
4.65175300836563
-3.59282041192055
8
9.66421509385109
-3.9892737030983
0.415497457981111
-5.92756445407868
-1.52830346822739
4.49583621621132
-6.24449062347412
5.90219188332558
6
7
-1.40430306792259
4.83479344844818
2.59269362092018
4.07189919352532
-6.7745479285717
-7.18755124211311
4.77863484025001
7
-0.804835361242294
-5.34662104845047
0.808124178647994
6.90239859819412
-3.57898079156876
4.49198079109192
-3.74270221590996
7
4.0169554233551
4.0639618575573
-0.815084522962569
-3.05360931158065
-3.89023436307907
-5.19954566955566
0.748783856630327
7
4.51450226902962
-2.98036133050918
-0.821234291791918
-0.0368799448013304
-1.60659713745117
-3.66884667873382
4.63053630590439
7
2.1760220170021
-0.758091348409653
-7.08770055174828
3.42463417053223
-8.74184265136719
-5.25598449110985
0.0136952400207515
7
-2.80486978292465
-5.64714482426643
1.94659544825554
-3.47819080352783
5.85174577832222
0.288306778669358
-4.56812527775765
2
7
5.91522820591926
4.38843566775322
3.66707738637924
7.54637266993523
-1.27389081120491
-4.41741706728935
-6.5712466955185
7
-4.22399393320084
2.2278088927269
1.93997219204903
5.83115049004555
0.322705870866777
6.15713723897934
7.54367910027504
|Explorer2Genome 30
3
6
8
6.3083735704422
-6.79020261764526
1.02332892417908
1.26668627262115
-5.85221001505852
-6.64129440188408
1.58081912398338
-7.39245219826698
8
-1.42839710116386
4.3371752679348
2.17240559458733
-5.60218584537506
-5.32465552091599
4.51669466495513
-3.25996460914612
-1.87010627985001
8
1.64425446987152
-11.1576285660267
0.571660548448562
6.53332919478416
3.12414426207543
-1.99870828390121
-7.4741169333458
6.29143617749214
8
3.26743631958961
0.702999716997154
-3.3033260166645
4.98736457228661
-4.03742311000824
-0.948694276809692
-3.97958950996399
-1.68137295842171
8
4.07404987215996
6.32249442338943
-5.0475289940834
-10.1114782094956
0.750374191999435
11.4215287685394
5.14892934560776
-3.03526054024697
8
9.66421509385109
-3.9892737030983
0.252621352672578
-5.92756445407868
-0.864944720268248
5.08170920014382
-5.93190398216248
5.90219188332558
6
7
-1.49134318232536
5.16058385372162
3.56550479531288
3.78036703467369
-6.50744370222091
-7.44313536286354
4.95064681768417
7
0.25786629319191
-5.06542825102806
1.32490764260292
6.57558687925339
-1.32936618924141
2.38882817625999
-3.92385410666466
7
4.06880445480347
2.60518578290939
-0.991017013788222
-3.88960114717483
-2.67783399224281
-4.70965753793716
0.493296080827714
7
4.82119956612587
-2.77045322656631
0.146187341213225
0.124211812019348
-1.82304961681366
-4.37580314278602
5.41697529554367
7
1.48955718278884
-0.758091348409653
-7.08770055174828
3.02223399281502
-8.74184265136719
-5.61045786738396
-0.518447232246399
7
-2.68316680192948
-5.25419970154762
1.70741223096847
-3.65431015491486
6.29301686882973
-0.263055831193924
-4.17931268811226
2
7
5.91522820591926
3.24682163596153
3.99832233190536
7.54637266993523
-1.27389081120491
-4.41741706728935
-6.5712466955185
7
-4.20571571588517
2.2278088927269
1.40380526185036
4.17184579968452
0.778656440973283
5.78212500810624
9.21718683838844
|Explorer2Genome 30
3
6
8
6.51788392066956
-6.79630031585693
-0.718218159675595
0.698371744155883
-4.85164414644241
-6.68751966357231
2.38392219543457
-7.03210564255714
8
-2.01659995913505
4.63807048201561
1.67728363275528
-5.06408345103264
-4.77020981907845
4.68816365599632
-2.4958188533783
-3.28453333377838
8
3.01483817100525
-8.9270867407322
0.605510723590851
4.30848733186722
2.58753707408905
-3.52105392813683
-6.72546241879463
5.15614066123962
8
3.02776392102241
0.273845916986472
-3.10195000171661
5.00541653633118
-3.67242546081543
-0.738642764091491
-5.13885176181793
-0.367552453279494
8
4.07404987215996
5.63241525888443
-5.22605603933334
-10.0573494434357
0.740178006887436
11.1272353827953
4.5840002655983
-2.73645153045654
8
7.92915952801705
-4.60620922446251
-1.16348394155502
-5.82799316644669
-1.53583480715752
5.47926968932152
-5.62329280376434
5.79020193219185
6
7
-1.04936313033104
5.11576235294342
2.55575380921364
3.72008508443832
-7.32285602092743
-7.64221478104591
4.77863484025001
7
-0.204094785451889
-5.03278641104698
0.540234315395354
6.32207151055336
-3.72288473844528
3.69441556930542
-4.8525739133358
7
4.0169554233551
3.43172857165337
-1.2964217364788
-3.05360931158065
-3.54962099790573
-5.19954566955566
0.415429693460466
7
4.83510492444039
-3.75568410158157
-1.3260712325573
-0.179198026657104
-0.774194669723511
-3.49450243115425
4.94614468812942
7
2.18580963015555
-0.510204738378525
-7.35234946608543
2.92134454250336
-8.06700723171234
-6.21090897917747
-0.0528711080551152
7
-2.71791569590569
-7.34174488186836
1.78248304128647
-3.07880423069
5.79762888550758
-0.0636413335800168
-4.11898923516273
2
7
5.52014954686165
4.31323203444481
3.66707738637924
7.51185834407807
-0.0899410068988794
-4.69804844260215
-6.29015693068505
7
-4.77552312612534
2.01554852724075
1.04908562302589
3.75082302689552
0.505435615777971
5.57303265333176
8.1919425368309
|Explorer2Genome 30
3
6
8
5.80371699929238
-6.86102459430694
1.43698629736901
0.401683449745178
-4.89413264393807
-6.34058787226677
3.58449558019638
-8.82473207116127
8
-2.01659995913505
4.63807048201561
1.2630695939064
-5.53009006977081
-4.99281519651413
4.64819015860557
-2.83697710037231
-2.32316753864288
8
2.3913158416748
-10.7634550631046
0.127183091640472
5.62142585515976
3.51037284731865
-1.67695998549461
-8.33474797010422
6.84789970517158
8
3.02776392102241
0.702999716997154
-3.18891928792
4.76960346102715
-3.67242546081543
-0.269608092308044
-5.4622730255127
-0.793514943122863
8
4.07730986475945
5.9238743185997
-4.88971366286278
-10.366502982378
1.30314578413963
11.1272353827953
4.61559203863144
-2.94593654274941
8
8.19232938289642
-4.03158930540085
-0.493360680341719
-6.23417620658875
-1.13533370494842
4.16633849740029
-5.80408847928047
5.41234321594238
6
7
-0.69268091917038
4.77548229694366
3.3135954618454
5.27946690320969
-6.92712240219116
-7.29906325936317
5.0765892803669
7
0.653849393129349
-4.77721663117409
0.22926395535469
6.03888316750527
-2.87779206037521
4.24988052845001
-4.82217246890068
7
3.88658331036568
2.3583857178688
-0.991017013788222
-4.21259347200393
-2.1448881983757
-4.47632436156273
-0.0653582751750931
7
4.83510492444039
-3.28625103235245
-0.433235466480257
0.0901026248931886
-0.785737323760987
-4.05708976387977
5.22695630788803
7
1.90931550860404
-0.938639384508133
-6.96243123412132
3.35571720600128
-8.50154926776886
-4.95495466589928
-0.242908906936646
7
-2.84112638235092
-6.1937151491642
1.78248304128647
-2.60306346416473
5.99425175786018
-1.00429044365883
-3.77560968995094
2
7
7.15884264111519
2.90895499587059
7.2002906858921
4.0957609474659
-0.861366957426071
-5.33135085701942
-4.58338123559952
7
-4.22399393320084
1.50553642511368
0.909104424715043
4.98436837792396
0.475646126270296
6.05472334623337
8.03676567673683
|Explorer2Genome 30
3
6
8
6.49344681501389
-7.38962190151214
2.03141874670983
0.813740992546081
-5.60028676986695
-6.50211221575737
3.08341859579086
-8.50948024392128
8
-1.42839710116386
4.23783211112023
0.738510173559188
-5.71449059844017
-5.3843568444252
5.00911211967468
-2.3440438747406
-2.30782794952393
8
1.81557216644287
-11.0220656454563
0.375353962182998
6.54492771029472
3.12414426207543
-1.62248018980026
-7.1277434706688
6.29143617749214
8
3.04476247429847
-0.340785139799111
-4.13183827996254
4.78453376293182
-2.82741591334343
-1.46529288291931
-4.09109601974488
-2.04606555104256
8
4.19678096175194
5.74989737272262
-5.04884729981422
-9.53078839778901
1.76742386221886
11.0552792966366
4.65175300836563
-3.59282041192055
8
9.66421509385109
-3.84904688596725
0.415497457981111
-5.92756445407868
-1.52830346822739
4.49583621621132
-5.93190398216248
5.90219188332558
6
7
-0.815142196416855
4.83479344844818
2.59269362092018
4.07189919352532
-6.7745479285717
-7.18755124211311
4.77863484025001
7
1.40095868706703
-6.48264467716217
1.50290158987045
6.96365122199059
-3.35492344498634
4.06612498164177
-4.85751368403435
7
4.0169554233551
4.0639618575573
-0.813522189855575
-3.05360931158065
-3.89023436307907
-5.19954566955566
0.751740223169328
7
4.51450226902962
-3.01063660383224
-0.821234291791918
-0.0368799448013304
-1.60659713745117
-3.66884667873382
4.63053630590439
7
1.86580473184585
-1.27444340586662
-7.38882014155388
3.05647537708282
-8.75060832500458
-7.02053527235985
0.0687704324722285
7
-2.80486978292465
-5.64714482426643
1.94659544825554
-3.47819080352783
5.85174577832222
-0.729680949449539
-4.32256317734718
2
7
6.59695073366165
5.96817910075187
4.70694451928139
5.49300035238267
0.368006414175034
-3.37493068575859
-5.32595133781433
7
-4.22399393320084
2.2278088927269
1.93997219204903
5.83115049004555
0.847931373119356
6.62902005910874
7.92380505204201
|Explorer2Genome 30
3
6
8
5.80371699929238
-6.92676868438721
1.43698629736901
0.401683449745178
-4.89413264393807
-5.92285262942314
3.90614236593246
-8.82473207116127
8
-2.01659995913505
4.63807048201561
1.2630695939064
-5.2864830672741
-5.19443892240525
4.64819015860557
-2.83697710037231
-2.32316753864288
8
2.3913158416748
-10.8788005650044
0.127183091640472
5.8923167347908
3.08552281260491
-1.72648321986198
-7.87023128271103
6.84789970517158
8
3.56778829693794
1.06948956847192
-3.15570667386055
4.82910529971123
-3.39220306873322
-1.31602657437324
-5.77741355895996
-1.16184253692627
8
4.7991904437542
5.9238743185997
-5.10462397933006
-10.0573494434357
1.93990871310234
11.1272353827953
4.0830541729927
-2.93569043278694
8
8.19232938289642
-4.03158930540085
-0.550885194540023
-6.60716590881348
-1.13533370494842
4.54203458428383
-5.80408847928047
5.41234321594238
6
7
-0.0631812691688544
4.41903565526009
1.23644781112671
4.68154307603836
-7.04243206977844
-7.91600301861763
5.45115631818771
7
0.653849393129349
-5.04307302236557
0.102471357583999
6.49042983651161
-3.34469269514084
4.24988052845001
-4.82217246890068
7
3.5303836107254
2.28932369947433
-0.991017013788222
-3.88960114717483
-2.09029322862625
-4.47632436156273
-0.0653582751750931
7
4.77950165867806
-3.77144740819931
-0.668255251646044
0.469658160209656
-1.59202566146851
-3.81770403981209
5.33270128965378
7
1.83376055955886
-1.3434318959713
-7.19939739108086
3.2619873046875
-8.32274098396302
-5.88858212828636
-0.393106603622437
7
-2.88568910360337
-6.1937151491642
1.78248304128647
-3.1315217256546
5.99425175786018
-0.690225082635879
-3.77560968995094
2
7
7.15884264111519
2.90895499587059
7.2002906858921
4.0957609474659
-0.861366957426071
-5.33135085701942
-4.58338123559952
7
-3.67887035608292
2.01831885576248
0.971721130609513
5.09194491505623
0.84877201318741
5.68040012121201
8.03676567673683
|Explorer2Genome 30
3
6
8
6.1958667755127
-6.88428356647491
1.3815670311451
1.09460645318031
-5.25248031020165
-5.32104818224907
1.72273952364922
-7.77373414635658
8
-1.60712770819664
3.87569648623467
0.738510173559188
-5.86755216121674
-4.63612924814224
5.00911211967468
-2.24051110744476
-1.9655615568161
8
2.40511848926544
-10.6256692707539
1.15307863354683
6.25680955648422
2.88912467360497
-2.18082183599472
-6.78098977804184
6.48015869259834
8
3.2444432079792
0.802586132287986
-3.26836810708046
4.79602450728417
-3.4920651614666
-0.965065264701843
-5.06520468592644
-1.36972923874855
8
4.91040539741516
5.04334785342216
-4.75476786494255
-9.26138017177582
1.19211878180504
11.1671353340149
4.25784236192703
-3.31476059556008
8
7.98030626773834
-3.95480452775955
-0.126473039388656
-6.59991793632508
0.0998867750167859
4.0029838681221
-5.7043143093586
5.4783629655838
6
7
-1.02211839556694
5.14105830192566
2.42098947167396
3.72008508443832
-7.04987194538116
-7.64221478104591
4.77863484025001
7
0.241243749856949
-4.03865761160851
0.540234315395354
6.32207151055336
-4.16097580194473
3.29447746276855
-4.08333448171616
7
3.28943045735359
2.09620684981346
-0.991017013788222
-4.29199351072311
-2.09029322862625
-5.05245899558067
1.19346247911453
7
4.83510492444039
-4.43922598958015
-0.798305410146715
-0.391555595397949
-1.48538882732391
-3.66322247982025
6.70261558294296
7
1.93033789396285
-0.887893956899643
-6.86272065043449
3.12406067848206
-8.69099640846253
-6.89900802969933
0.0136952400207515
7
-3.37008067369461
-5.69051258563995
1.07020570039749
-4.07062454223633
6.9704807639122
0.855498319864273
-3.80341386198998
2
7
4.66946852207184
3.42489520907402
5.2931237578392
7.02525250315667
-1.55063205361366
-3.9132876753807
-6.47472651004792
7
-5.30303374528885
3.54220886230469
1.11174946427345
3.49350977540016
1.0157884478569
5.97368251085282
7.53863547444344
|Explorer2Genome 30
3
6
8
6.93689623475075
-6.15734557509422
-1.53796846866607
1.23375754356384
-5.27062277197838
-6.46109644770622
1.68657626509666
-8.50877900719642
8
-2.01659995913505
4.61540195345879
1.2630695939064
-5.45723962783814
-5.57769397497177
4.64819015860557
-2.83697710037231
-2.32316753864288
8
2.79514935612678
-10.8788005650044
0.185106164216995
6.25680955648422
3.3201164662838
-1.99870828390121
-7.43918734788895
5.77224834561348
8
3.56778829693794
0.940711277723319
-3.15570667386055
4.82910529971123
-3.39220306873322
-1.31602657437324
-6.04651930332184
-1.16184253692627
8
4.19678096175194
5.74989737272262
-5.04884729981422
-9.53078839778901
1.76742386221886
11.4577821671963
4.65175300836563
-3.59282041192055
8
8.28271489143371
-4.72474868297577
-0.185388457775115
-4.94845774173737
-0.588431161642073
5.08903399109841
-6.50205296278
5.38868396878243
6
7
-1.2063059926033
5.16058385372162
2.99456105828285
4.1441631257534
-6.50744370222091
-7.44313536286354
4.77863484025001
7
0.512941062450409
-5.06542825102806
1.32490764260292
7.01670740842819
-1.7521661400795
3.60209774374962
-4.23073272109032
7
3.98537214398384
1.94847721457481
-0.991017013788222
-3.37977308034897
-1.34831716418266
-4.36890748739242
-0.421790379285811
7
4.57837095856667
-3.28625103235245
-0.374685561656954
0.124211812019348
-2.09884872436523
-3.24060481190681
5.34815617799759
7
1.48955718278884
-0.758091348409653
-7.08770055174828
3.02223399281502
-8.74184265136719
-5.63189458250999
0.146189928054809
7
-2.95199121832848
-6.1937151491642
2.08392714262009
-3.1315217256546
5.99425175786018
-0.690225082635879
-3.77560968995094
2
7
5.63480353951454
4.85497137904167
3.66707738637924
7.41107811331749
-1.24154279828072
-4.78086568713188
-6.96145040392876
7
-5.12856684923173
2.27665933966636
0.971721130609513
4.22197800278663
1.3287202000618
5.27596591711045
8.03676567673683
|Explorer2Genome 30
3
6
8
6.37066519260407
-6.88428356647491
0.92837699055672
0.240475606918334
-5.25248031020165
-5.32104818224907
1.1816311776638
-7.77373414635658
8
-2.46251055598259
4.63807048201561
1.2630695939064
-5.51769654750824
-4.97093545198441
4.32778434157371
-2.31463980078697
-2.31334056854248
8
2.52585644721985
-9.06385157704354
0.18702517747879
3.79265955686569
2.18108177185059
-2.25987488627434
-7.60674017071724
5.83627305030823
8
3.02776392102241
0.271408683061607
-3.35729420781136
4.26693002581596
-3.67242546081543
-0.738642764091491
-4.94459795951844
-0.367552453279494
8
4.07404987215996
6.32249442338943
-5.0475289940834
-10.1114782094956
1.34676715731621
11.4215287685394
5.14892934560776
-3.03526054024697
8
7.92915952801705
-5.13399305343628
-0.850917041301726
-6.33270636796952
-1.7980516910553
4.96240581274033
-5.82059752941132
6.26152729988098
6
7
-0.69268091917038
5.09932749271393
3.25808510780334
5.760016477108
-7.54081854820251
-7.29906325936317
5.0765892803669
7
1.07511297464371
-4.34610022306443
0.133858138322829
6.7688876926899
-3.27885141968727
4.18146824836731
-5.35127224326134
7
3.84664151668549
2.88126956224441
-1.02927868962288
-4.44437366724014
-1.82979072332382
-4.34851939082146
-0.0653582751750931
7
4.82119956612587
-2.77045322656631
0.146187341213225
0.124211812019348
-1.82304961681366
-4.37580314278602
5.41697529554367
7
2.18580963015555
-0.833456057310105
-7.01830586791039
2.92134454250336
-8.06700723171234
-6.21090897917747
-0.0528711080551152
7
-3.22152713537216
-6.12979117035866
1.78248304128647
-3.06548416614532
6.10339198708534
-0.426746827363968
-3.81074233651161
2
7
6.59695073366165
5.96817910075187
4.70694451928139
5.8203598856926
0.368006414175034
-3.80338160395622
-5.32915353775025
7
-4.17826899290085
2.01554852724075
1.04908562302589
4.1813137114048
0.505435615777971
5.57303265333176
8.1919425368309
|Explorer2Genome 30
3
6
8
6.1958667755127
-6.59767515659332
0.634335231781009
1.26668627262115
-5.09661108255387
-6.75743562579155
1.30879942774773
-7.90897142887115
8
-0.889983910322187
4.8318796813488
1.71289546489716
-5.34127235412598
-5.71224910020829
5.74833493232727
-2.83697710037231
-2.32316753864288
8
1.81557216644287
-11.8929204046726
-0.00109629034996056
6.54492771029472
3.12414426207543
-2.23006383180618
-7.4741169333458
6.29143617749214
8
3.16190755963325
0.16895194649697
-4.74983212947845
4.78455434441567
-4.07110207080841
-0.447245073318481
-4.88477749228478
-0.153411501646041
8
4.39960052371025
5.9238743185997
-5.0475289940834
-10.0573494434357
1.06254362463951
11.1272353827953
4.13969699144363
-3.06797855496407
8
8.85654196739197
-4.64098172187805
0.186485445499421
-4.68216275572777
-0.588431161642073
5.08903399109841
-6.0217671751976
5.38868396878243
6
7
-0.69268091917038
4.22772200107574
3.3135954618454
5.27946690320969
-6.92712240219116
-7.29906325936317
5.0765892803669
7
0.3187550842762
-4.89447014927864
0.102471357583999
6.48522842526436
-2.87779206037521
4.26210303306579
-4.82217246890068
7
3.69396438598633
4.0639618575573
-0.751875871419906
-3.05360931158065
-3.89023436307907
-5.19954566955566
0.751740223169328
7
4.51450226902962
-2.85427569150925
-0.821234291791918
-0.0368799448013304
-1.60659713745117
-4.07126371860504
4.63053630590439
7
1.96733020544051
-1.3434318959713
-7.19939739108086
2.90211160182953
-8.32274098396302
-6.21090897917747
-0.595416045188904
7
-2.84112638235092
-6.1937151491642
1.78248304128647
-3.1315217256546
5.99425175786018
-1.00429044365883
-3.77560968995094
2
7
6.41383326649666
4.9107480943203
3.3726953625679
7.08071586489678
-1.14585795998573
-4.9618035018444
-6.43535861968995
7
-4.80412420034409
2.02446562051773
0.627070432901383
4.28643756508827
1.09182716012001
5.68052142858506
7.86828210949898
|Explorer2Genome 30
3
6
8
6.1958667755127
-6.59767515659332
0.634335231781009
1.26668627262115
-5.09661108255387
-6.75743562579155
1.58081912398338
-7.4800481557846
8
-0.883698529005049
4.05481619238854
1.29996010661125
-5.48698060512543
-5.3843568444252
4.9024915933609
-3.12781374454498
-2.32316753864288
8
1.93125648498535
-11.2447210371494
0.571660548448562
5.96175190210342
2.82330090403557
-1.99870828390121
-7.4741169333458
6.27490110993385
8
3.48216431736946
1.34815050363541
-3.86541424393654
4.76960346102715
-3.52249355316162
-0.818851613998413
-4.8032297372818
-1.12000814080238
8
4.59829196929932
5.9238743185997
-4.98804194331169
-10.0573494434357
1.54390022158623
10.5409213721752
4.0830541729927
-2.98599801659584
8
8.85654196739197
-4.64098172187805
0.186485445499421
-4.68216275572777
-0.588431161642073
5.08903399109841
-6.50205296278
5.60188294649124
6
7
-1.02211839556694
5.14105830192566
2.96900734901428
3.71613522768021
-6.51320269107818
-7.46706946492195
4.44415937066078
7
0.25786629319191
-5.06542825102806
1.32490764260292
7.14481335878372
-2.13234058618546
3.39258453249931
-4.62372798323632
7
4.03671193122864
2.91589030027389
-1.27804792523384
-4.87472160458564
-1.82816444635391
-4.8762632548809
-0.164726841449736
7
4.34314458966255
-3.2872098326683
-0.71426929831505
-0.12807412147522
-1.59202566146851
-3.81770403981209
5.66193572282791
7
1.96733020544051
-1.3434318959713
-7.19939739108086
2.90211160182953
-8.32274098396302
-6.21090897917747
-0.595416045188904
7
-2.6610032081604
-5.27156450152397
3.47950071692467
-3.75615137815475
7.30492955446243
-2.09085503220558
-4.95765124559402
2
7
5.88048751950264
4.09260939955711
4.1725496172905
7.41107811331749
-0.608898597955703
-4.78086568713188
-6.5712466955185
7
-4.59088879823685
2.2278088927269
0.971721130609513
4.22438905835152
1.03626258969307
5.23320535421372
7.86828210949898
|Explorer2Genome 30
3
6
8
6.6322274029255
-6.17683155536652
0.634335231781009
1.54196529984474
-5.51992818117142
-6.2825840651989
1.59280688166618
-8.15039976239204
8
-2.01659995913505
4.80002510547638
1.13060344457626
-5.06552124023438
-4.97093545198441
4.18342584967613
-3.07056632041931
-2.55685140490532
8
2.66306924819946
-8.9270867407322
0.184677422046661
4.03450509905815
2.7105034828186
-2.25987488627434
-7.07586634755135
5.33908805847168
8
3.2267507135868
0.236606198549278
-4.26175920963287
5.02851543426514
-3.11710185408592
-1.51077134609222
-4.09109601974488
-1.5496176302433
8
4.91040539741516
5.04334785342216
-4.92231745123863
-9.50233507752419
1.19211878180504
11.1671353340149
4.13070529699325
-3.31476059556008
8
9.66421509385109
-3.9892737030983
0.39186590909958
-6.02776684761048
-1.52830346822739
4.49583621621132
-5.93190398216248
5.80999377369881
6
7
-1.02211839556694
5.14105830192566
2.42098947167396
3.72008508443832
-7.37451908588409
-8.21056285500526
4.77863484025001
7
0.25786629319191
-5.47033066153526
0.787992912530898
7.01670740842819
-1.7001669049263
3.44655322432518
-4.45519470572472
7
4.0169554233551
4.48245527148247
-1.2964217364788
-2.63727725744247
-3.89023436307907
-4.73218941688538
-0.0839814603328692
7
4.42686412930489
-3.28625103235245
-0.22977832555771
0.0739675998687745
-1.98171629905701
-3.22157979607582
5.63946338891983
7
4.5165458023548
-1.0151854634285
-8.28939179182053
4.23046495914459
-9.10272688269615
-6.21524392962456
-1.20167101025581
7
-3.05683061480522
-6.1937151491642
2.50756682157516
-3.19008207321167
6.480649548769
-0.690225082635879
-3.77560968995094
2
7
5.99000983834266
4.38843566775322
3.66707738637924
7.08705703616143
-0.447445583343505
-4.78086568713188
-6.31810206174851
7
-4.01213820576668
2.3968251645565
1.4268432199955
4.60987377762794
1.74522261023522
5.19449907541275
7.90699360966682
|Explorer2Genome 30
3
6
8
6.32374854683876
-6.80786271095276
1.71101114153862
0.303222846984863
-5.08675666451454
-5.55239750742913
3.12845281362534
-8.2924578666687
8
-1.78520807623863
3.87558318972588
1.10725676417351
-4.41718611717224
-5.50371435880661
4.74679844379425
-2.83697710037231
-2.32316753864288
8
2.27229542732239
-10.1061114549637
0.571660548448562
5.76486710309982
3.52236167788506
-1.36608511209488
-7.43918734788895
5.77224834561348
8
3.93560612797737
1.09392481446267
-3.44549561142921
4.8887359559536
-3.9496483027935
-0.948694276809692
-3.97958950996399
-1.96628528237343
8
4.50549411773682
5.11413723230362
-4.6104329764843
-8.91465056538582
0.739385575056076
10.9728760242462
4.08213914632797
-2.8573562681675
8
7.47875211834908
-4.46465351581573
-0.626547610759734
-5.82799316644669
-1.7980516910553
5.20189380049706
-5.02915239334107
5.84435194134712
6
7
-0.376115900278092
4.41903565526009
1.9471832036972
5.27539716959
-6.47572922706604
-7.43252604603767
5.45115631818771
7
-0.204094785451889
-3.91598402857781
0.540234315395354
6.32207151055336
-4.16097580194473
3.29447746276855
-4.08333448171616
7
4.2383189201355
2.91342279314995
-1.27804792523384
-5.05724635720253
-2.4120686173439
-4.42964257001877
-0.266348427534102
7
5.13830555081368
-3.82211662530899
-0.949221813678743
0.124211812019348
-1.24035844802856
-4.0895855486393
5.36176170110702
7
0.842766493558875
-0.295373761653901
-5.85869916677475
1.77104923725128
-8.31746625900269
-5.85092105269432
-0.917973208427429
7
-3.25755338668823
-5.1236459672451
3.32686213850975
-3.40150068998337
7.30492955446243
-2.09085503220558
-4.71741579771042
2
7
5.92361915707588
4.38843566775322
3.66707738637924
7.10090960860253
-0.453137570619583
-4.98340558409691
-6.50989670753479
7
-4.52875446081162
1.9855278134346
0.971721130609513
4.28643756508827
1.03626258969307
5.68052142858506
7.89837712049484
|Explorer2Genome 30
3
6
8
6.32374854683876
-7.22750219702721
1.71101114153862
0.303222846984863
-4.59002242684365
-5.55239750742913
4.05137618780136
-8.2924578666687
8
-1.3905958533287
3.81884967684746
1.71019338965416
-4.44532427787781
-5.38840855360031
4.78930659294128
-2.83697710037231
-2.32316753864288
8
2.27229542732239
-10.481685000658
0.720430094003677
6.21395672559738
3.52236167788506
-1.67640789747238
-7.43918734788895
5.77224834561348
8
3.85478523373604
-1.08479337096214
-4.48152487874031
4.09813401699066
-2.82741591334343
-0.803070729970931
-3.75640139579773
-1.63768780231476
8
4.91040539741516
5.5414724946022
-4.6104329764843
-8.91465056538582
0.739385575056076
10.9728760242462
4.08213914632797
-2.8573562681675
8
8.07935996055603
-4.77263879179954
-0.247599256038665
-5.29939941763878
0.531653600931169
4.61687222123146
-5.74255969524384
6.03956391811371
6
7
-1.1837348818779
5.56963410377502
3.98792530298233
4.20701836943626
-7.88884854316711
-7.97637940049171
4.82008210420609
7
-0.0836218297481535
-6.24389574527741
0.700391161441802
5.37184401750565
-2.59881746768951
3.84422359466553
-5.69433242678642
7
3.03459844589233
3.16582660079002
-0.991017013788222
-4.29199351072311
-1.8255985558033
-4.47632436156273
0.899250918626787
7
4.66650053262711
-3.08002071976662
-0.295302814245226
0.235674887895584
-0.955727648735047
-3.27273266911506
4.62716600298881
7
2.77746683359145
0.11085923910141
-8.48070789575577
3.44367406368256
-8.00937385559082
-6.17881538271904
0.195649880170822
7
-3.37008067369461
-5.75520768165588
1.07020570039749
-3.47819080352783
6.9704807639122
1.79594374299049
-4.06784274578095
2
7
6.56305276155472
4.80401806235313
3.70188945531845
7.41188406348229
-1.12860162854195
-5.3441476047039
-6.91052569746972
7
-4.44384847283364
2.44361499547958
0.183695989847184
4.72765136361122
0.624112814664842
6.09876099824906
6.88018756508827
|Explorer2Genome 30
3
6
8
6.1958667755127
-6.59767515659332
0.634335231781009
1.26668627262115
-5.02117091417313
-5.76076352000237
1.58081912398338
-7.76438367962837
8
-2.01659995913505
4.63807048201561
1.2630695939064
-5.45723962783814
-5.19443892240525
4.64819015860557
-2.83697710037231
-2.32316753864288
8
3.12168436050415
-9.04034355282784
0.536078131198883
4.18384464979172
3.10527579784393
-2.25987488627434
-7.07586634755135
6.40967054367065
8
3.37819510102272
0.940711277723319
-3.15570667386055
4.65897879004479
-3.74506669044495
-1.31602657437324
-5.77741355895996
-1.16184253692627
8
4.41586586833
5.9238743185997
-4.94656655192375
-10.366502982378
1.30314578413963
11.1272353827953
4.61559203863144
-2.94593654274941
8
8.85654196739197
-4.64098172187805
0.186485445499421
-4.94845774173737
-0.588431161642073
5.39825263619423
-6.50205296278
5.38868396878243
6
7
-0.458009374141694
4.41903565526009
1.47341125011444
4.83531574606895
-7.02084772586822
-6.94031279683113
5.45115631818771
7
-0.136384528875351
-5.15261191725731
0.624152624607085
6.32207151055336
-4.16097580194473
3.29447746276855
-4.31067506670952
7
3.60097534656525
2.3583857178688
-0.991017013788222
-3.48206802606582
-2.09029322862625
-4.47632436156273
-0.0653582751750931
7
4.71924901604653
-3.73716198205948
-0.71426929831505
0.432880854606629
-1.58989298343658
-3.81770403981209
5.22695630788803
7
2.41469155550002
-1.3434318959713
-7.19939739108086
2.85030956268311
-8.00133996009827
-6.21090897917747
0.0136952400207515
7
-3.05683061480522
-6.22921078801155
1.72550998926163
-3.1315217256546
5.99425175786018
-0.845474416017532
-3.77560968995094
2
7
6.42073555588722
4.44278501868248
3.66707738637924
7.41107811331749
-0.596534186601638
-4.78086568713188
-6.5712466955185
7
-4.59088879823685
2.2278088927269
0.971721130609513
4.28643756508827
1.03626258969307
5.68052142858506
8.03676567673683
|Explorer2Genome 30
3
6
8
6.1958667755127
-6.88287816047668
0.634335231781009
1.81129672527313
-5.25248031020165
-6.2825840651989
1.0819714486599
-7.77373414635658
8
-2.01659995913505
4.63807048201561
1.2630695939064
-5.45723962783814
-5.4269644856453
4.64819015860557
-2.83697710037231
-2.14805836081505
8
2.3913158416748
-10.8788005650044
0.127183091640472
6.14960459470749
3.08552281260491
-1.67695998549461
-7.87023128271103
6.84789970517158
8
2.665300065279
0.566632992029197
-3.26836810708046
4.76960346102715
-3.67242546081543
-0.269608092308044
-5.08564217090607
-0.789702987670898
8
4.08169345259666
5.607113301754
-5.33059281110764
-10.0573494434357
1.11406385302544
11.2646032333374
4.65175300836563
-3.41288066506386
8
8.57296988964081
-3.69172751307487
-0.0462218463420858
-5.61125369071961
-0.8623064994812
3.69017894864083
-5.58977833390236
5.32837784290314
6
7
-0.534319454431534
4.70720484256744
3.3135954618454
5.27946690320969
-7.51836366653442
-7.29906325936317
5.0765892803669
7
-0.204094785451889
-4.03865761160851
0.0479822278022757
6.10706785321236
-4.16097580194473
3.29447746276855
-4.08333448171616
7
3.72052340507507
2.3583857178688
-0.991017013788222
-3.88960114717483
-2.33444842100143
-4.47632436156273
-0.0653582751750931
7
4.83510492444039
-3.73716198205948
-0.71426929831505
0.46822292804718
-1.770592045784
-4.37389176487922
5.22695630788803
7
2.06604949831962
0.212078672647476
-6.63287543654442
3.54923413395882
-8.55106036067009
-5.63189458250999
-0.146793574094773
7
-3.05683061480522
-6.1937151491642
1.78248304128647
-3.1315217256546
5.99425175786018
-0.690225082635879
-3.77560968995094
2
7
5.88048751950264
4.38843566775322
4.10494850873947
7.41107811331749
-0.645114070177078
-4.78086568713188
-6.5712466955185
7
-4.59088879823685
2.2278088927269
1.01749799847603
4.28643756508827
1.03626258969307
6.22395743131638
7.60629101395607
|Explorer2Genome 30
3
6
8
6.79493751525879
-6.59767515659332
0.634335231781009
1.26668627262115
-5.25248031020165
-6.2825840651989
1.3454219520092
-7.77373414635658
8
-2.01659995913505
4.63807048201561
1.78250132799149
-5.45723962783814
-5.19443892240525
4.64819015860557
-2.83697710037231
-2.32316753864288
8
3.12168436050415
-8.66442187428475
0.536078131198883
4.18384464979172
3.10527579784393
-2.25987488627434
-7.07586634755135
6.40967054367065
8
3.56778829693794
0.940711277723319
-3.15570667386055
4.55342692732811
-3.29153332710266
-1.31602657437324
-5.77741355895996
-1.73731212615967
8
4.07730986475945
5.9238743185997
-4.88971366286278
-10.366502982378
1.30314578413963
11.1272353827953
4.61559203863144
-2.94593654274941
8
8.85654196739197
-4.64098172187805
0.186485445499421
-4.68216275572777
-0.588431161642073
5.08903399109841
-6.50205296278
5.48297591805458
6
7
-0.458009374141694
4.72434256672859
1.47341125011444
4.83531574606895
-7.63191738128662
-7.94424417614937
5.0879606127739
7
-0.729438251256942
-4.10195774435997
0.540234315395354
6.03381808400154
-4.16097580194473
3.29447746276855
-4.31067506670952
7
3.88658331036568
2.3583857178688
-0.991017013788222
-4.51237009763717
-2.09029322862625
-4.47632436156273
-0.0653582751750931
7
4.83510492444039
-3.28625103235245
-0.433235466480257
0.0901026248931886
-1.27810349464417
-3.81770403981209
5.22695630788803
7
2.41469155550002
-1.3434318959713
-7.19939739108086
2.85030956268311
-8.32274098396302
-6.72940744757652
0.0136952400207515
7
-3.09596475958824
-6.1937151491642
1.72550998926163
-3.1315217256546
5.99425175786018
-0.562399941682815
-3.77560968995094
2
7
6.41383326649666
4.31272963881492
3.66707738637924
7.41107811331749
-0.596534186601638
-4.78086568713188
-7.15630171298981
7
-4.59088879823685
2.2278088927269
0.971721130609513
4.28643756508827
1.03626258969307
5.68052142858506
8.00234535336494
|Explorer2Genome 30
3
6
8
6.70450226068497
-7.83825762271881
-1.38212511539459
1.33056797981262
-5.84746600985527
-6.09099110364914
1.93241817355156
-8.19185507297516
8
-2.01659995913505
4.63807048201561
1.2630695939064
-5.45723962783814
-5.26887995004654
4.64819015860557
-2.83697710037231
-2.71176025867462
8
2.3913158416748
-10.6731191933155
0.127183091640472
6.14960459470749
3.64770902991295
-1.67695998549461
-7.87023128271103
6.72134757637977
8
2.84546232819557
0.702999716997154
-3.04856903553009
4.20238806605339
-3.373598498106
-0.130400657653808
-4.87937092781067
-0.793514943122863
8
4.07730986475945
5.9238743185997
-4.88971366286278
-10.366502982378
1.30314578413963
11.213949483633
4.61559203863144
-2.77324922084809
8
7.94813714027405
-4.02672297358513
-0.369551360607146
-6.55778987407685
-0.750140380859374
4.36337620019913
-5.35827315449715
5.2263153553009
6
7
-0.643794173002244
4.84471011161804
2.95950181484222
4.2945587515831
-6.19397990703582
-7.63668985962868
4.84724424481392
7
-0.804835361242294
-5.34662104845047
0.808124178647994
6.90239859819412
-3.57898079156876
4.49198079109192
-4.2806735932827
7
4.46073897480965
2.3583857178688
-0.991017013788222
-3.63884714841842
-2.09029322862625
-4.47632436156273
-0.0653582751750931
7
4.83510492444039
-3.28625103235245
-0.433235466480257
0.165201544761658
-1.27810349464417
-3.25825760960579
5.22695630788803
7
1.86061490774154
-0.344174283742905
-5.81675716042519
3.00314188599587
-8.1017638862133
-5.46879812479019
-0.390452718734742
7
-2.49753082990647
-5.64714482426643
1.86478671431541
-3.63620216846466
6.19223225712776
-0.2265769302845
-4.41335108876228
2
7
5.88048751950264
4.41509975790977
4.1725496172905
7.41107811331749
-0.608898597955703
-4.78086568713188
-6.5712466955185
7
-4.58584195375443
1.83756793737411
1.8788912832737
5.83115049004555
0.934735256433488
6.71962143182755
7.92380505204201
|Explorer2Genome 30
3
6
8
6.1958667755127
-6.59767515659332
0.634335231781009
1.54376173615456
-5.25248031020165
-6.6107259452343
1.58081912398338
-7.77373414635658
8
-2.01659995913505
5.14599289298058
1.45077701807022
-4.81717858314514
-4.97093545198441
4.18342584967613
-1.97163138389587
-2.83242962360382
8
2.78631768226623
-8.73934729099274
0.820411956310272
4.18384464979172
2.59877438545227
-2.54917573332787
-6.77672309875488
5.67026870250702
8
3.56778829693794
0.803212875127799
-3.15255904793739
4.82910529971123
-3.39220306873322
-1.31602657437324
-5.77741355895996
-1.16184253692627
8
4.41586586833
6.22454050779342
-4.94656655192375
-10.366502982378
1.30314578413963
10.5975415885448
4.52605782747268
-2.94593654274941
8
8.85654196739197
-4.64098172187805
0.186485445499421
-5.50260841846466
-0.588431161642073
5.08903399109841
-6.50205296278
5.38868396878243
6
7
-0.979340183734894
4.7297986805439
1.47341125011444
4.68154307603836
-7.04243206977844
-7.43252604603767
5.45115631818771
7
0.711777311563492
-5.04307302236557
0.102471357583999
6.49042983651161
-3.20141516923904
4.24988052845001
-5.34246293902397
7
4.05124907493591
2.3674375474453
-1.22571523785591
-4.92966504693031
-2.60829437971115
-4.52648839354515
0.150585156679155
7
5.04103418588638
-3.67593566179275
-1.00504814982414
0.0901026248931886
-1.27810349464417
-4.0413625061512
5.22695630788803
7
1.91560677289962
-0.940726751089096
-7.4866496026516
2.85030956268311
-7.8280728340149
-6.41820175051689
-0.393106603622437
7
-2.7796400487423
-6.70663848519325
2.0773742377758
-3.27103779315948
5.86513229012489
-0.46745913028717
-3.50439431667328
2
7
6.51334128975868
4.38843566775322
3.75934294462204
7.79457163214684
-0.251425224542617
-4.41741706728935
-6.5712466955185
7
-4.59088879823685
2.2278088927269
0.971721130609513
4.28643756508827
1.03626258969307
5.68052142858506
8.03676567673683
|Explorer2Genome 30
3
6
8
5.72422885894776
-6.59767515659332
0.634335231781009
1.79598765969276
-4.84919537901879
-6.85962993502617
2.61217884421349
-7.81206133961677
8
-1.29758728742599
3.84650289416314
1.52310308814049
-5.01223511695862
-4.91920846104622
4.33260326981544
-2.57469398379326
-2.16665572524071
8
2.3913158416748
-10.8788005650044
0.127183091640472
6.3282082259655
3.59675485491753
-1.67695998549461
-7.87023128271103
7.44016035199165
8
2.48549643158912
1.3912988960743
-3.86541424393654
4.46742720603943
-3.36347324848175
-1.14257893562317
-5.95868439674378
-0.813129401206969
8
4.41586586833
5.80168410539627
-4.90749465227127
-10.366502982378
1.30314578413963
11.1272353827953
4.39487034082413
-2.94593654274941
8
7.14283878803253
-4.59542100429535
-0.147794616222381
-4.93330764174462
-1.20719058513641
5.26027923226357
-6.2174054980278
6.19718775749207
6
7
-0.69268091917038
4.70720484256744
3.05637555122375
5.58298224210739
-7.75808570384979
-6.830203717947
5.92715366482735
7
0.25786629319191
-6.03989881873131
1.16037665009498
6.78824764490128
-2.02352629899979
3.69760012030601
-4.70527085661888
7
3.69324505329132
2.63901063799858
-1.47133241295814
-4.49340287446975
-1.88348463177681
-4.47632436156273
0.793013823032381
7
5.35341385006905
-2.52498391270637
-0.147225993871691
-0.458385729789734
-1.59202566146851
-3.76056478023529
4.77265554666519
7
2.32096658945083
-1.16047305464745
-6.83283297419548
2.85030956268311
-8.32274098396302
-6.21090897917747
-0.393106603622437
7
-3.47289358973503
-5.61378465294838
2.35975634455681
-3.1315217256546
5.99425175786018
-1.1158484518528
-3.98671849370003
2
7
6.03165479898452
4.38843566775322
3.97645689249039
7.41107811331749
-0.645114070177078
-4.78086568713188
-6.51096331477166
7
-4.44384847283364
2.28816617727279
0.68967633843422
5.51200016140938
0.320668357610704
6.09876099824906
6.77120354771614
|Explorer2Genome 30
3
6
8
6.93689623475075
-5.86065905094147
-1.13637955188751
1.23375754356384
-5.27062277197838
-6.46109644770622
1.68657626509666
-7.93963184952735
8
-0.923476046323774
4.236741989851
1.8433315217495
-5.09643652439118
-5.3843568444252
4.66572513580322
-2.83697710037231
-2.32316753864288
8
1.81557216644287
-11.0220656454563
0.424155002832412
6.54492771029472
3.65895957350731
-1.99870828390121
-7.4741169333458
6.29143617749214
8
3.04476247429847
0.0261270344257424
-4.09572079777718
4.78453376293182
-2.82741591334343
-1.46529288291931
-4.09109601974488
-2.29175124764442
8
4.19678096175194
5.74989737272262
-5.04884729981422
-9.53078839778901
2.2720683991909
11.0552792966366
4.65175300836563
-3.59282041192055
8
9.66421509385109
-3.9892737030983
0.415497457981111
-5.92756445407868
-1.52830346822739
5.00784688591957
-5.93190398216248
5.90219188332558
6
7
-1.40430306792259
5.26979324817657
2.59269362092018
4.07189919352532
-6.7745479285717
-7.18755124211311
4.77863484025001
7
-0.804835361242294
-5.01476026773453
0.808124178647994
6.90239859819412
-3.57898079156876
4.49198079109192
-4.30298728346825
7
4.0169554233551
4.0639618575573
-0.815084522962569
-3.05360931158065
-3.97323385477066
-5.19954566955566
0.751740223169328
7
4.51450226902962
-3.02244991064072
-0.821234291791918
-0.285455131530762
-1.60659713745117
-3.66884667873382
4.63053630590439
7
1.80084985494613
-0.758091348409653
-7.08770055174828
2.85030956268311
-8.65053989887238
-5.63189458250999
0.0136952400207515
7
-2.80486978292465
-5.64714482426643
1.94659544825554
-3.1264075756073
6.37439559102058
-0.2265769302845
-4.32256317734718
2
7
5.91522820591926
4.38843566775322
3.66707738637924
7.54637266993523
-0.791303902864456
-4.41741706728935
-6.5712466955185
7
-4.22399393320084
2.2278088927269
1.93997219204903
5.24502831101417
0.595860391855241
6.62902005910874
7.92380505204201
|Explorer2Genome 30
3
6
8
6.30537956357003
-6.59767515659332
-0.0477932214736907
2.21221204996109
-5.24036534428597
-6.61429938077927
2.38586116433144
-7.18365166783332
8
-1.42839710116386
4.3371752679348
1.78942276835442
-5.09643652439118
-5.32465552091599
4.51669466495513
-3.25996460914612
-2.10218500494957
8
1.63963089585304
-11.0532853603363
0.603493773937225
6.33015758395195
3.69234211444855
-1.50149039030075
-6.90733271241188
5.70081616640091
8
2.91281939148903
0.0261270344257424
-3.80473967194557
5.26042923927307
-2.30372876524925
-1.46529288291931
-4.69763967990875
-2.04606555104256
8
4.41586586833
5.78873797655105
-4.94656655192375
-10.366502982378
1.30314578413963
11.1272353827953
4.40834919214248
-2.94593654274941
8
9.66421509385109
-3.7428777039051
0.471618050336839
-5.92756445407868
-1.16830585002899
5.08170920014382
-5.93190398216248
5.90219188332558
6
7
-1.54935657382011
5.16058385372162
3.56550479531288
3.78036703467369
-6.50744370222091
-7.44313536286354
4.95064681768417
7
-0.204094785451889
-5.03278641104698
0.540234315395354
5.91331086754799
-3.72288473844528
3.69441556930542
-4.75664002299309
7
3.98537214398384
1.72451192140579
-0.991017013788222
-3.73942483663559
-1.5704731464386
-4.40868250131607
-0.421790379285811
7
4.83510492444039
-3.62703949213028
-0.71426929831505
0.114730668067932
-1.38231961727142
-3.99698238968849
5.53581609129906
7
1.48955718278884
-0.758091348409653
-7.08770055174828
3.02223399281502
-8.85133106708527
-5.63189458250999
0.0784637212753292
7
-2.75028459429741
-7.34174488186836
1.78248304128647
-3.07880423069
5.79762888550758
0.181882214546204
-4.30001524090767
2
7
5.91522820591926
4.45402898192406
3.66707738637924
7.54637266993523
-1.27389081120491
-4.66787809729576
-6.5712466955185
7
-4.20571571588517
2.2278088927269
1.40380526185036
4.17184579968452
0.494160825014116
5.78212500810624
9.21718683838844
|Explorer2Genome 30
3
6
8
6.1958667755127
-6.59767515659332
0.634335231781009
1.26668627262115
-5.25248031020165
-6.2825840651989
1.58081912398338
-7.77373414635658
8
-2.01659995913505
4.1960068166256
1.2630695939064
-5.45723962783814
-5.19443892240525
4.64819015860557
-2.83697710037231
-2.32316753864288
8
2.3913158416748
-11.3647925198078
0.127183091640472
6.14960459470749
3.08552281260491
-1.11632007956505
-7.87023128271103
6.84789970517158
8
3.56778829693794
0.940711277723319
-3.15570667386055
4.82910529971123
-3.39220306873322
-1.31602657437324
-5.77741355895996
-1.16184253692627
8
4.08148867487907
5.9238743185997
-4.94656655192375
-10.9375482857227
1.30314578413963
11.1272353827953
4.76663430929184
-2.94593654274941
8
7.92915952801705
-4.88347022533416
-0.731991899013518
-5.82799316644669
-1.7980516910553
4.96240581274033
-5.477636551857
5.4368730545044
6
7
-0.379608547687531
4.41903565526009
1.47341125011444
4.59029539823532
-7.04243206977844
-7.43252604603767
5.45115631818771
7
0.653849393129349
-5.04307302236557
0.102471357583999
6.49042983651161
-3.34469269514084
4.24988052845001
-4.82217246890068
7
3.72052340507507
2.85794335603714
-0.991017013788222
-3.88960114717483
-1.97170175313949
-4.47632436156273
-0.0653582751750931
7
4.83510492444039
-3.73716198205948
-0.71426929831505
-0.656420731544495
-1.13198833465576
-3.81770403981209
5.22695630788803
7
1.83376055955886
-1.3434318959713
-7.19939739108086
2.85030956268311
-8.32274098396302
-6.21090897917747
-0.393106603622437
7
-3.05683061480522
-6.1937151491642
1.78248304128647
-3.1315217256546
5.99425175786018
-0.690225082635879
-3.77560968995094
2
7
5.88048751950264
3.96001321673393
3.66707738637924
7.41107811331749
-0.645114070177078
-4.78086568713188
-6.5712466955185
7
-4.93750859498978
2.2278088927269
0.971721130609513
4.28643756508827
1.03626258969307
5.68052142858506
8.34072061181068
|Explorer2Genome 30
3
6
8
5.93027206063271
-7.38962190151214
1.71101114153862
0.303222846984863
-5.2458311855793
-5.55239750742913
3.03425377607346
-8.2924578666687
8
-1.48515564799309
4.59108218550682
1.75819661617279
-5.20170881152153
-5.79672566652298
4.9024915933609
-3.47627046108246
-2.32316753864288
8
2.27229542732239
-11.6942909538746
0.791884410381317
6.08212250471115
2.91036612391472
-2.91310738325119
-7.42544485330582
6.4793332695961
8
3.11458795666694
0.924276918172843
-3.15570667386055
4.33890213370323
-4.06123769283295
-1.61235818862915
-6.10485207438469
-0.705697524547576
8
4.07404987215996
6.32249442338943
-4.5473809838295
-10.1114782094956
1.16935381889343
11.3148046731949
5.4178878724575
-2.58363054394722
8
8.07935996055603
-4.77263879179954
-0.247599256038665
-5.29939941763878
0.018812304735185
4.83214467167855
-6.11131780147553
5.59725184440613
6
7
-0.686037534475327
4.56152942180634
2.85223791599273
3.34762529730797
-6.86230506896972
-7.48600702285766
4.13300574421883
7
1.3628676533699
-4.68276451826096
-0.0141412198543558
7.32761085629463
-3.75888043045998
4.24988052845001
-5.313770455122
7
4.0169554233551
3.92671236395836
-0.815084522962569
-2.83677726387977
-3.72884922623634
-5.30819344520569
0.206486326456071
7
4.83510492444039
-3.39394088387489
-0.00603424310684375
-0.117189663648605
-1.48538882732391
-3.6410457611084
6.36232494115829
7
2.05117940306663
0.0448029398918147
-7.61830415129662
3.11603034138679
-8.98180939555168
-5.63189458250999
0.0136952400207515
7
-3.32758954763413
-5.80877760052681
1.72074372172356
-3.02768468856812
6.65988117456436
0.303375178575516
-4.7261382162571
2
7
6.12734256982803
4.73634850382805
3.18303850889206
7.99291991591454
-1.12860162854195
-5.3441476047039
-6.57521529197693
7
-4.22399393320084
2.2278088927269
1.93997219204903
5.83115049004555
0.759833323955537
7.04818423986435
7.92380505204201
|Explorer2Genome 30
3
6
8
5.93692767620087
-6.88428356647491
1.11020542383194
0.556857109069824
-5.34284307360649
-5.32104818224907
1.59272899031639
-7.77373414635658
8
-1.81689433455467
4.12745434641838
0.789051020145416
-6.63833606243134
-4.93829827904701
4.87222940921783
-1.67823349833488
-1.7519693851471
8
1.85294626355171
-11.0532853603363
0.677710211277008
5.99283525347709
3.69234211444855
-1.50149039030075
-6.90733271241188
5.70081616640091
8
2.91281939148903
-0.0805391252040794
-3.80473967194557
5.26042923927307
-2.30372876524925
-1.46529288291931
-4.15885455608368
-1.93732600808144
8
3.71820878386498
5.07489415407181
-5.04884729981422
-9.41069645881653
1.76742386221886
10.6171893060207
4.65175300836563
-3.59282041192055
8
8.03233489990235
-4.1826189160347
-0.556724846363067
-6.17441641092301
-1.21080815196037
5.08619270920754
-5.58018825650215
6.45704150795937
6
7
-1.02211839556694
4.65948119163513
2.27702703475952
4.1926987528801
-6.5047013759613
-7.47180688977241
4.77863484025001
7
1.11312445402145
-4.68276451826096
0.133858138322829
6.42056773304939
-3.38222082257271
4.18146824836731
-5.313770455122
7
3.98537214398384
1.70733855962753
-0.991017013788222
-3.19078377485275
-1.5704731464386
-4.40868250131607
-0.421790379285811
7
4.83510492444039
-3.28625103235245
-1.48288232684136
-0.532840991020202
-1.7280957698822
-3.49450243115425
5.80899301767349
7
2.05117940306663
0.187564069032669
-6.63287543654442
3.61143592000008
-9.03041338324547
-5.61518213152885
-0.144191312789917
7
-3.68713301420212
-6.12979117035866
1.78248304128647
-3.06548416614532
6.10339198708534
-0.218363720178604
-3.7213496029377
2
7
5.91522820591926
4.19785620570183
3.66707738637924
7.54637266993523
-1.44588857293129
-4.08868045210838
-6.5712466955185
7
-5.20329312086106
3.51553196907043
0.0370192646980294
4.45265682935715
0.935755693912507
5.17390241026879
8.01609478592873
|Explorer2Genome 30
3
6
8
7.21777859330178
-6.26155052185058
-1.15935213565826
1.23375754356384
-4.85164414644241
-7.05505754351616
2.38392219543457
-7.03210564255714
8
-1.90545687079429
4.63807048201561
1.2630695939064
-5.34944286346436
-5.39769364595413
4.51946100592613
-2.10315947532654
-2.83242962360382
8
2.86480870246887
-10.481685000658
0.307714229822159
7.18890136480331
3.52236167788506
-1.99870828390121
-7.41878381967545
5.72685127854347
8
3.55138090252876
1.06727295517922
-3.26836810708046
5.07869893908501
-3.62380645275116
-0.269608092308044
-5.81053462028504
-1.04473834633827
8
4.15322224497795
5.45412024259567
-4.54170748591423
-8.85003296732903
-0.13790922164917
11.2427052497864
5.42956422567367
-2.92789815068245
8
9.66421509385109
-3.9892737030983
0.39186590909958
-5.92756445407868
-1.52830346822739
4.83100419640541
-5.93190398216248
5.80999377369881
6
7
-0.69268091917038
5.09932749271393
3.3135954618454
5.66422690749168
-7.73631596565246
-7.16654875874519
5.0765892803669
7
0.312286525964737
-6.24389574527741
0.678040349483489
5.24396616220474
-2.90780336856842
3.68098628520965
-5.69433242678642
7
4.0169554233551
4.48245527148247
-1.2964217364788
-3.60370949506759
-3.89023436307907
-5.19954566955566
0.415429693460466
7
4.83510492444039
-3.28625103235245
-0.425433796644213
0.461600589752197
-1.98171629905701
-3.79817162156105
5.19283853769302
7
2.77746683359145
0.0405658364295958
-8.48070789575577
3.68523173332214
-8.11597764492035
-5.71024104952812
0.195649880170822
7
-3.05683061480522
-6.1937151491642
2.50756682157516
-3.55569698810577
6.480649548769
-0.690225082635879
-3.44902992844582
2
7
5.88048751950264
4.84899498820305
3.66707738637924
7.41107811331749
-0.0899410068988794
-4.69804844260215
-6.69290391802788
7
-4.78964091539383
2.2278088927269
1.93997219204903
5.78241088986397
0.0154652655124677
6.62902005910874
8.0833379805088
|Explorer2Genome 30
3
6
8
5.72422885894776
-6.59767515659332
0.634335231781009
1.79598765969276
-4.84919537901879
-6.2825840651989
2.61217884421349
-7.81206133961677
8
-0.73806561231613
3.84650289416314
1.52310308814049
-5.01223511695862
-4.91920846104622
4.33260326981544
-2.57469398379326
-2.16665572524071
8
2.3913158416748
-10.8788005650044
0.127183091640472
6.14960459470749
3.59675485491753
-1.67695998549461
-7.87023128271103
6.84789970517158
8
3.93560612797737
0.526823574304588
-3.44549561142921
5.14149681925774
-3.9496483027935
-0.948694276809692
-3.97958950996399
-1.96628528237343
8
4.41586586833
5.80168410539627
-5.15241379141808
-10.366502982378
1.30314578413963
11.1272353827953
4.39487034082413
-2.94593654274941
8
7.47875211834908
-4.46465351581573
-0.626547610759734
-5.82799316644669
-1.7980516910553
5.20189380049706
-5.02915239334107
5.84435194134712
6
7
-0.69268091917038
4.70720484256744
3.05637555122375
5.58298224210739
-7.51836366653442
-6.830203717947
5.92715366482735
7
-0.204094785451889
-3.91598402857781
0.540234315395354
6.32207151055336
-4.16097580194473
3.29447746276855
-4.08333448171616
7
4.2383189201355
2.91342279314995
-1.27804792523384
-5.05724635720253
-2.4120686173439
-4.42964257001877
-0.266348427534102
7
5.35341385006905
-2.77045322656631
-0.147225993871691
0.124211812019348
-1.59202566146851
-3.76056478023529
4.77265554666519
7
2.32096658945083
-1.16047305464745
-6.83283297419548
2.85030956268311
-8.32274098396302
-6.21090897917747
-0.393106603622437
7
-3.05683061480522
-5.61378465294838
2.35975634455681
-3.1315217256546
5.99425175786018
-1.1158484518528
-3.98671849370003
2
7
5.88048751950264
4.38843566775322
4.02803090810776
7.41107811331749
-0.645114070177078
-4.78086568713188
-6.78249669075013
7
-4.52875446081162
1.9855278134346
0.971721130609513
4.28643756508827
1.03626258969307
5.68052142858506
7.89837712049484
|Explorer2Genome 30
3
6
8
6.32374854683876
-7.76124160289764
1.81985926032067
0.680535125732421
-4.47728374600411
-5.43668829798699
3.37618348002434
-8.62443814873695
8
-1.42839710116386
4.3371752679348
1.78942276835442
-5.09643652439118
-5.3843568444252
4.17098839282989
-3.14224381446838
-2.32316753864288
8
1.85294626355171
-11.311417132616
0.603493773937225
6.20408587455749
3.69234211444855
-1.50149039030075
-7.02313340306282
5.70081616640091
8
3.38071437478065
0.0261270344257424
-3.80473967194557
4.68896872997284
-2.3598141849041
-1.46529288291931
-4.15885455608368
-2.04606555104256
8
4.41586586833
5.9238743185997
-4.94656655192375
-10.3642375528812
0.861818116903305
11.2442956209183
4.4700773358345
-3.10014718174935
8
9.66421509385109
-3.9892737030983
0.252621352672578
-5.92756445407868
-1.16830585002899
4.49583621621132
-5.93190398216248
5.90219188332558
6
7
-0.379608547687531
4.41903565526009
1.47341125011444
4.68154307603836
-7.11769449710846
-7.43252604603767
6.01808403730392
7
0.97187312245369
-4.96084800958634
0.102471357583999
6.49042983651161
-3.34469269514084
4.24988052845001
-4.82217246890068
7
3.60976455211639
2.3583857178688
-0.991017013788222
-4.36472879648208
-2.09029322862625
-4.10040997862816
-0.0653582751750931
7
4.83510492444039
-3.34218102693558
-0.71426929831505
-0.130540251731872
-1.59273204803467
-3.85874148011207
5.48059713244438
7
1.83376055955886
-1.3434318959713
-7.32395281195641
3.18980512619019
-8.32274098396302
-6.54434975981712
0.0136952400207515
7
-3.22152713537216
-6.12979117035866
1.78248304128647
-3.38586795330048
6.37946389317512
0.291779273748398
-3.7548496067524
2
7
5.91522820591926
4.45402898192406
3.66707738637924
7.54637266993523
-0.996701192855834
-4.66787809729576
-6.5712466955185
7
-4.20571571588517
2.2278088927269
0.931541353464127
4.63106473088264
1.03626258969307
5.78212500810624
9.21718683838844
|Explorer2Genome 30
3
6
8
6.1958667755127
-6.88428356647491
0.92837699055672
0.535911417007446
-5.25248031020165
-5.778325766325
1.28294178843498
-7.77373414635658
8
-2.51216740012169
3.53511065840721
1.54181632399559
-6.68351061344147
-6.06602016687393
5.08841200470924
-2.5337033033371
-1.87060027122498
8
2.27229542732239
-10.6857067644596
0.886616188287735
6.03641601800918
2.50778536200523
-2.04484220743179
-6.78098977804184
6.48015869259834
8
3.26743631958961
0.808956199884422
-4.0911783516407
4.76960346102715
-4.10583610534668
-0.751932787895202
-4.30009646415711
-1.57338936924934
8
4.85444650650024
5.36052423715591
-4.77152516245842
-9.78636867403985
0.133542561531066
11.030314707756
5.0556644320488
-3.19465971589089
8
9.66421509385109
-3.9892737030983
0.415497457981111
-5.92756445407868
-1.52830346822739
4.49583621621132
-5.72038385272026
5.76909702420235
6
7
-1.02211839556694
5.1740980386734
3.33558557033539
3.72008508443832
-7.47297310829162
-7.05338521599769
4.77863484025001
7
0.25786629319191
-6.62679218649864
1.32490764260292
7.01670740842819
-2.2002267241478
3.08778774142265
-4.51551924943924
7
3.69324505329132
2.54230841994285
-0.991017013788222
-4.29199351072311
-1.88348463177681
-4.47632436156273
1.39675466418266
7
4.54074843525887
-2.77045322656631
-0.467183005809786
0.124211812019348
-1.78385138511658
-4.37580314278602
5.07915314435959
7
2.12231895327567
-0.402926605939866
-6.82943774461746
2.91596682071686
-9.39999487400055
-5.49166039824486
0.0136952400207515
7
-2.80486978292465
-5.64714482426643
1.84799966216087
-3.47819080352783
5.52276418805122
-0.2265769302845
-4.32256317734718
2
7
6.41383326649666
4.38843566775322
3.28470824956894
7.6659228026867
-1.14585795998573
-4.41741706728935
-6.05124347209931
7
-4.67225931286812
3.91314663887024
1.0947361767292
4.32598004937172
1.51554442644119
5.97368251085282
7.53863547444344
|Explorer2Genome 30
3
6
8
6.36088483929634
-7.30716013908386
1.71101114153862
0.677328205108642
-5.09627020955086
-5.55239750742913
3.12845281362534
-8.45742967128754
8
-3.50539147257805
3.9701603114605
1.39067651033401
-6.10399825572968
-5.67412868738175
5.54335619211197
-2.5337033033371
-2.39123184680939
8
1.91964859962463
-10.3628377497196
0.571660548448562
5.76486710309982
3.52236167788506
-1.89621692895889
-7.43918734788895
5.56367726922035
8
3.26743631958961
0.502195298671729
-4.3408454477787
4.76960346102715
-4.10583610534668
-0.791896843910217
-4.18226916790009
-1.43366122841835
8
4.91040539741516
4.56424347162246
-4.54211024641991
-8.69485378265381
0.739385575056076
10.4852160930634
4.20721191167831
-2.8573562681675
8
7.14283878803253
-4.59542100429535
0.103119081258775
-4.93330764174462
-1.44657816886902
5.26027923226357
-6.2174054980278
6.48315885663033
6
7
-0.376115900278092
4.82101367115974
1.9471832036972
5.27539716959
-6.47572922706604
-7.43252604603767
5.45115631818771
7
0.512941062450409
-4.77750121355057
1.61772145032883
6.43319970369339
-2.05813453793526
3.6258421599865
-4.23073272109032
7
3.72052340507507
2.31487814188003
-1.27804792523384
-4.73566187024116
-2.4120686173439
-4.1614099919796
-0.44731277823448
7
4.83510492444039
-3.16751936674118
-0.374685561656954
0.519552826881409
-2.09884872436523
-3.24060481190681
4.78679229021072
7
2.05117940306663
0.0448029398918147
-7.20449773669243
2.85030956268311
-8.98180939555168
-5.63189458250999
-0.215068078041077
7
-2.80486978292465
-6.20645120739937
1.65219413042068
-3.47819080352783
6.37946389317512
-0.218363720178604
-4.86607034802437
2
7
6.10247486233711
4.38843566775322
3.28470824956894
8.02185730338097
-0.836146074533462
-3.41615588068962
-6.5712466955185
7
-3.65596650838852
2.34174970388412
0.430058389902116
4.78125234246254
0.653552132844926
6.13579050302506
7.57386189103126
|Explorer2Genome 30
3
6
8
6.79431057572365
-7.38962190151214
1.720352435112
1.23636500835419
-4.47728374600411
-5.92285262942314
2.56263402700424
-8.55543335080147
8
-1.02067007422447
4.35917875170708
1.33708295226097
-5.69212653636933
-6.07868076562882
4.9024915933609
-2.83697710037231
-2.29534788131714
8
2.57604837417602
-10.5555492460728
0.314734250307083
6.96879412531852
3.4339223086834
-1.93989638090134
-7.14631186723709
5.24231014847755
8
2.72918177247047
0.399557745456703
-4.54459097981453
4.76960346102715
-4.89667205810547
-0.857830119132995
-3.97958950996399
-1.38435185551643
8
4.51698865294456
4.66853541135788
-3.5987008035183
-9.23993832468987
0.584838944673538
11.2427052497864
4.55082048177719
-2.81029909253121
8
8.02971484661103
-3.69172751307487
-0.49947103857994
-6.08822326660157
-0.433145904541014
3.63260336518288
-4.9165793299675
5.85835829377174
6
7
-0.887859600782395
5.24907057285309
3.29111876487732
3.05120331048965
-7.54657971858978
-7.13608031272888
3.6759536087513
7
-0.561001533269882
-4.01806089282036
0.257438147068023
6.48518213033676
-3.84336878061295
3.29447746276855
-3.50849431753159
7
4.03671193122864
2.91589030027389
-1.27804792523384
-4.87472160458564
-1.82816444635391
-4.8762632548809
-0.0943735003471359
7
4.83510492444039
-3.2916495680809
-0.249098151922228
0.113036012649536
-1.71291840076447
-3.79408502578735
5.34815617799759
7
1.90931550860404
-0.938639384508133
-7.55650448203087
3.35571720600128
-8.32274098396302
-4.95495466589928
-0.384782528877259
7
-3.21263418197632
-5.6226969897747
3.69604961276054
-3.40150068998337
7.13492349386215
-2.09085503220558
-4.95765124559402
2
7
7.15884264111519
2.90895499587059
7.2002906858921
4.0957609474659
-0.861366957426071
-5.33135085701942
-4.58338123559952
7
-4.22399393320084
2.42508693933487
0.971721130609513
5.09194491505623
0.84877201318741
6.05472334623337
8.03676567673683
|Explorer2Genome 30
3
6
8
6.87893169522286
-5.86065905094147
-1.13637955188751
1.26027572154999
-5.27062277197838
-6.46109644770622
1.79783164858818
-7.93963184952735
8
-0.90588747859001
4.3371752679348
1.8433315217495
-5.09643652439118
-5.3843568444252
5.1427330493927
-2.83697710037231
-2.32316753864288
8
1.91892286539078
-11.311417132616
0.38603258728981
5.05663294196129
3.49260065555573
-2.47268594503403
-7.576884162426
5.98883264660835
8
3.59344852566719
0.0460710108280252
-3.14577377438545
4.76960346102715
-3.4722361266613
-0.738642764091491
-5.32700493335724
-0.314548498392104
8
4.38551647663116
4.88175679445266
-4.75476786494255
-9.50233507752419
1.46269865036011
11.1939045667648
3.94825571775436
-3.00785945057869
8
7.92915952801705
-5.13399305343628
-0.850917041301726
-6.33270636796952
-1.7980516910553
4.96240581274033
-5.82059752941132
6.26152729988098
6
7
-0.523379045724869
5.09932749271393
3.8016078710556
5.77547751665115
-7.15438883304596
-7.29906325936317
5.0765892803669
7
-1.03764874339104
-5.34662104845047
0.808124178647994
7.0945510327816
-3.57898079156876
4.49198079109192
-4.22950555682183
7
3.84664151668549
3.23641427755356
-1.02927868962288
-4.44437366724014
-1.38414105176925
-4.34851939082146
-0.0653582751750931
7
5.13738787770271
-3.28625103235245
-0.71426929831505
0.580825710296631
-1.59202566146851
-3.81770403981209
5.15005043745041
7
1.86580473184585
-0.758091348409653
-7.08770055174828
2.85030956268311
-8.22865037918091
-5.03857607245445
0.0340516328811641
7
-2.53952512145043
-7.34174488186836
1.86614085435867
-2.92430772185326
5.79762888550758
-0.188326144218445
-3.85334962010384
2
7
5.91522820591926
4.38843566775322
3.66707738637924
7.54637266993523
-1.27389081120491
-4.41741706728935
-7.08539698123932
7
-4.75525413751603
1.67016755342483
0.917181128263474
4.39856112599373
1.03626258969307
6.18617030978203
8.03676567673683
|Explorer2Genome 30
3
6
8
7.30373448729515
-7.01054136753082
0.879599732160571
0.88296844959259
-4.75680679678917
-6.17215072512627
2.04789442420006
-7.54730265140533
8
-2.58158046603203
3.53511065840721
0.629498690366745
-6.10399825572968
-6.51803396940232
5.27979391217231
-2.2831273317337
-2.15924894809723
8
2.47472336888313
-10.9670802175999
-0.0246582448482515
6.11094623804092
3.48423346877098
-1.40121039152145
-7.43918734788895
5.77224834561348
8
2.91261625885963
0.163439112901695
-3.6451936006546
5.34414134025574
-4.12077400684357
-0.70460290312767
-3.66373225450516
-1.43366122841835
8
5.61812600493431
5.3741032063961
-4.94656655192375
-11.0471758902073
0.681525105237961
10.7571624934673
4.61559203863144
-3.40869856476784
8
8.25284929871559
-3.95480452775955
-0.667937171459197
-6.62182807922364
0.113514971733094
3.44682477116585
-5.7043143093586
5.4783629655838
6
7
-0.111106336116791
6.09365713596344
2.97156603336334
5.89577943682671
-7.24116916656494
-7.14434630870819
4.77104161381722
7
0.25786629319191
-5.47033066153526
0.357991892099379
6.47720631361008
-2.13234058618546
3.44655322432518
-5.05112990736962
7
4.12445984482765
1.77936359643936
-0.496197658777236
-4.51413964033127
-1.77202540040016
-4.62721158266067
-0.421790379285811
7
4.78836973905563
-2.82375345826149
-0.226839250326158
0.563601046800614
-1.82147176265717
-3.52516617774963
4.18199199438095
7
2.22266738414764
-0.0877713382244114
-7.10142108798027
3.06073349118233
-9.34627296328545
-5.40523549318314
0.0136952400207515
7
-3.05683061480522
-6.1661180794239
1.92876950502396
-2.64311637282372
6.82424150705337
-0.931105762720108
-4.5417097389698
2
7
6.00605044960975
4.38843566775322
3.66707738637924
7.98227605223656
-0.645114070177078
-5.34784848093986
-6.29015693068505
7
-4.94700976610184
2.23426368236541
0.971721130609513
4.46034053564072
1.43924258947373
5.68052142858506
8.03676567673683
|Explorer2Genome 30
3
6
8
7.56360703110695
-5.86065905094147
-1.13637955188751
1.71854743957519
-4.84822241663933
-6.46109644770622
1.37213652133942
-7.93963184952735
8
-2.58158046603203
3.53511065840721
0.357449042797088
-6.10399825572968
-6.51803396940232
5.27979391217231
-2.40457911491394
-2.15924894809723
8
2.47472336888313
-11.4389051020145
-0.0246582448482515
6.11094623804092
3.48423346877098
-1.40121039152145
-7.43918734788895
5.77224834561348
8
2.91722229123115
0.0314118444919657
-3.6451936006546
5.01425080299378
-3.6727441072464
-0.70460290312767
-3.82553839087487
-1.43366122841835
8
5.61812600493431
5.11677309274673
-5.03769478201866
-10.4106236219406
0.681525105237961
10.7571624934673
4.52583795785904
-3.40869856476784
8
9.66421509385109
-3.9892737030983
0.885813868045808
-6.35083878040314
-1.71040192842483
4.49583621621132
-5.93190398216248
5.80999377369881
6
7
-0.111106336116791
6.12346806526184
2.97156603336334
5.89577943682671
-7.55406594276428
-7.60096929073334
4.65917754769325
7
0.857595068216324
-5.47033066153526
0.357991892099379
6.47720631361008
-2.13234058618546
3.44655322432518
-5.05112990736962
7
3.47698590755463
2.44639836549759
-1.84710724949837
-4.99481554627418
-2.4120686173439
-4.89276935458183
-0.0847965657711014
7
5.26889299154282
-3.41709769964218
-0.73656789660454
0.687233054637909
-1.47030773162842
-3.46011102199554
5.22695630788803
7
3.60760789513587
-1.0151854634285
-8.39715515375137
4.24459297657013
-8.73135551810265
-5.87915756106377
-1.20167101025581
7
-3.05683061480522
-6.1661180794239
1.92876950502396
-3.53686761260033
6.85123661756515
-0.931105762720108
-4.5417097389698
2
7
6.60324578881264
4.38843566775322
3.66707738637924
8.35719851851464
-0.645114070177078
-5.34784848093986
-6.4516234099865
7
-4.94700976610184
2.17626824378967
1.51658464074135
4.20709853768349
1.43924258947373
5.31103719472886
8.03676567673683
|Explorer2Genome 30
3
6
8
6.32374854683876
-7.38962190151214
1.47230176329613
1.23636500835419
-4.47728374600411
-5.92285262942314
2.56263402700424
-8.55543335080147
8
-1.02067007422447
4.35917875170708
1.33708295226097
-6.0269966840744
-6.07868076562882
4.9024915933609
-2.83697710037231
-2.29534788131714
8
2.27229542732239
-10.5555492460728
0.314734250307083
6.69191807508468
3.4339223086834
-1.93989638090134
-7.58119765520096
5.24231014847755
8
3.26743631958961
0.399557745456703
-4.54459097981453
4.76960346102715
-4.89667205810547
-0.857830119132995
-3.97958950996399
-1.96764634251594
8
4.51698865294456
4.7674095749855
-3.5987008035183
-9.23993832468987
0.584838944673538
11.2427052497864
4.55082048177719
-2.81029909253121
8
8.57296988964081
-3.69172751307487
-0.49947103857994
-6.08822326660157
-0.316063475608824
3.63260336518288
-4.9165793299675
5.85835829377174
6
7
-0.887859600782395
5.24907057285309
3.29111876487732
3.05120331048965
-7.54657971858978
-7.13608031272888
3.6759536087513
7
-0.561001533269882
-4.01806089282036
0.257438147068023
6.32207151055336
-3.84336878061295
3.29447746276855
-3.50849431753159
7
3.72052340507507
2.97316738963127
-1.22254758477211
-4.13339379429817
-2.4120686173439
-4.78760904073715
0.418192440271379
7
4.83510492444039
-3.2916495680809
-0.249098151922228
-0.344188499450683
-1.71291840076447
-3.79408502578735
5.34815617799759
7
1.86218995451926
0.658616262674331
-6.78593589067459
3.05928567051887
-8.45209199786187
-5.63189458250999
0.0136952400207515
7
-2.80486978292465
-5.47968952655792
2.39922431707382
-2.9996901512146
6.37946389317512
0.0981182038784029
-4.1316223859787
2
7
6.02160334587097
3.81124703288078
5.44117411375046
7.3679874420166
-1.15805407166481
-3.97861484289169
-5.97643730640412
7
-4.59088879823685
2.97113367915153
0.579651981592179
3.87888169884682
1.74186035394669
5.51869796514512
8.03676567673683
|Explorer2Genome 30
3
6
8
5.80371699929238
-6.86102459430694
1.43698629736901
0.401683449745178
-4.89413264393807
-5.92285262942314
3.58449558019638
-8.54860918521881
8
-0.883698529005049
4.63807048201561
1.26632856726646
-5.48698060512543
-5.3843568444252
4.9024915933609
-3.22006320953369
-2.075658172369
8
2.27229542732239
-10.7263018190861
0.571660548448562
5.96175190210342
2.66992453932762
-2.12851139307022
-7.4741169333458
6.74981246590614
8
3.48216431736946
1.34815050363541
-3.86541424393654
4.37307726740837
-4.11280198097229
-0.818851613998413
-4.8032297372818
-1.43366122841835
8
4.35203086733818
5.9238743185997
-5.41324345469475
-9.84121233820916
1.54390022158623
11.1272353827953
4.0830541729927
-2.93569043278694
8
8.19232938289642
-4.03158930540085
-0.493360680341719
-6.23417620658875
-1.13533370494842
4.54203458428383
-5.80408847928047
5.41234321594238
6
7
-1.02211839556694
5.14105830192566
2.96900734901428
3.71613522768021
-6.51320269107818
-7.78636091351509
4.44415937066078
7
0.25786629319191
-5.06542825102806
1.32984440922737
7.14481335878372
-2.13234058618546
3.39258453249931
-4.23073272109032
7
3.72052340507507
2.97316738963127
-1.22254758477211
-4.13339379429817
-1.94407893419266
-4.78760904073715
0.418192440271379
7
4.34314458966255
-3.2872098326683
-0.71426929831505
0.124211812019348
-1.59202566146851
-3.81770403981209
5.34815617799759
7
1.86218995451926
0.658616262674331
-6.78593589067459
3.05928567051887
-8.45209199786187
-5.63189458250999
0.0136952400207515
7
-2.80486978292465
-5.47968952655792
2.39922431707382
-2.9996901512146
6.37946389317512
0.0981182038784029
-4.1316223859787
2
7
6.02160334587097
3.81124703288078
5.89047387838364
7.3679874420166
-1.15805407166481
-3.97861484289169
-5.97643730640412
7
-4.59088879823685
2.97113367915153
1.01708064675331
3.87888169884682
1.74186035394669
5.51869796514512
8.03834732174873
|Explorer2Genome 30
3
6
8
6.6322274029255
-6.17683155536652
0.634335231781009
1.54196529984474
-5.51992818117142
-6.2825840651989
1.59280688166618
-7.78019054532051
8
-1.90545687079429
4.63807048201561
1.2630695939064
-5.33658521175385
-5.39769364595413
4.71419966220855
-2.12774710655212
-2.64320001006126
8
3.07172093987465
-8.9270867407322
0.184677422046661
4.40371238589287
2.97758825421333
-2.25987488627434
-6.72149260640145
4.95780954360962
8
3.55138090252876
0.728846341371543
-3.26836810708046
4.76960346102715
-3.67242546081543
-0.269608092308044
-4.94459795951844
-1.04473834633827
8
4.41586586833
5.9238743185997
-5.1680439889431
-10.9542406380177
1.30314578413963
11.1272353827953
4.57771788835525
-2.94593654274941
8
7.95227324962616
-4.77263879179954
-0.695435535907744
-5.47911579012871
0.018812304735185
5.13990104794502
-5.74255969524384
4.72534379959107
6
7
-1.02211839556694
4.44037525653839
2.95950181484222
4.1926987528801
-6.62903086543083
-7.57769270539284
5.00095690488815
7
-0.204094785451889
-4.03865761160851
0.540234315395354
6.32207151055336
-4.72614656686783
3.29447746276855
-4.1825655579567
7
3.86328008174896
2.84700537919998
-1.79292991757393
-4.45202461481094
-2.09029322862625
-4.47632436156273
-0.547601002454756
7
5.71321378946304
-3.05278542637825
0.737652909755705
-0.109516185522079
-1.38195884227753
-5.09719169735908
5.69522022008896
7
4.19389308094977
-1.0151854634285
-8.1803538441658
3.8731470823288
-9.10272688269615
-6.01630148291588
-1.20167101025581
7
-3.05683061480522
-5.73226554989815
2.08392714262009
-3.1315217256546
6.27736349701881
-0.550053769350052
-4.44432016015053
2
7
5.57497261166572
4.38843566775322
4.00327790975571
7.69180181026459
-0.645114070177078
-5.31887561678886
-6.29015693068505
7
-4.31553295254708
2.47535859942436
1.12579563856125
4.60362709164619
1.3287202000618
5.68052142858506
8.03676567673683
|Explorer2Genome 30
3
6
8
6.93169548511506
-6.26155052185058
-1.15935213565826
1.86373913288116
-4.85164414644241
-7.05505754351616
2.38392219543457
-7.36347869038581
8
-1.90545687079429
4.16529073119164
1.2630695939064
-5.33658521175385
-5.39769364595413
4.15829147696495
-2.63706204891205
-2.83242962360382
8
2.27229542732239
-10.0494229137898
0.334635382890701
7.09950133562088
3.52236167788506
-1.08867038488388
-7.54262562990189
5.72685127854347
8
3.55138090252876
1.14133704304696
-3.26836810708046
5.07869893908501
-3.96363275051117
-0.115249967575073
-5.23220817446709
-0.630381828546523
8
4.77679557204247
4.91289364695549
-4.94656655192375
-10.5627044260502
0.935282373428344
11.1272353827953
4.16104537248611
-3.84084792733193
8
7.92915952801705
-4.46465351581573
-0.626547610759734
-5.23159018754959
-1.7980516910553
4.96240581274033
-5.04280827045441
5.99205704331398
6
7
-0.826992928981782
5.14105830192566
3.15824663639068
4.51694878339767
-7.71642184257507
-7.17434647679329
5.24910309910774
7
-0.204094785451889
-4.03865761160851
0.540234315395354
6.32207151055336
-4.16097580194473
3.29447746276855
-4.08333448171616
7
3.87638390660286
2.3629354596138
-1.12709870934486
-4.59890567064285
-2.09029322862625
-4.9633539378643
-0.0653582751750931
7
5.36635581254959
-3.05278542637825
1.16634823083877
-0.109516185522079
-1.38195884227753
-5.38287435173988
5.151422727108
7
2.16225482821464
-0.773091906309128
-6.86272065043449
3.43483443260193
-8.69099640846253
-6.54434975981712
-0.0810906648635868
7
-2.77532027959824
-5.73226554989815
2.08392714262009
-2.73759355545044
5.72325230240822
-0.690225082635879
-4.44432016015053
2
7
5.80971274971962
4.38843566775322
3.66707738637924
7.41107811331749
-0.0899410068988794
-4.69804844260215
-6.66882762312889
7
-4.78964091539383
2.2278088927269
1.93997219204903
6.00097056627274
0.0154652655124677
6.62902005910874
8.13532326817512
|Explorer2Genome 30
3
6
8
6.93089713454247
-7.03247210979462
0.57915470004082
1.27918572425842
-5.41364811658859
-6.2825840651989
1.89230541586876
-7.54029144644737
8
-1.67672144770622
4.37800886034966
1.51779152750969
-3.50968651771546
-5.50371435880661
4.76701943874359
-2.83697710037231
-2.32316753864288
8
2.27229542732239
-10.481685000658
0.571660548448562
5.20947202444076
3.52236167788506
-2.53364962339401
-7.43918734788895
5.77224834561348
8
3.11458795666694
0.936623162031181
-3.68601215481758
5.19816545844078
-4.45551555156708
-1.64949376583099
-6.10485207438469
-0.705697524547576
8
4.91040539741516
5.11413723230362
-4.6104329764843
-9.46524842381478
0.74048027396202
10.9728760242462
4.42337335348129
-2.8573562681675
8
7.98030626773834
-3.15275213122368
0.334625512361528
-5.84793519377709
0.250260066986085
3.25217242836953
-4.96460812687874
5.54247612953186
6
7
-1.4131550014019
5.2306935608387
2.59432985782623
3.72008508443832
-7.47297310829162
-7.18977783322334
4.77863484025001
7
0.25786629319191
-6.03989881873131
1.06171463131904
7.01670740842819
-2.34686952829361
3.08778774142265
-4.88859669566155
7
3.69324505329132
2.84923323988914
-1.47133241295814
-4.51004973649978
-1.88348463177681
-4.47632436156273
1.168725502491
7
4.59333466291428
-3.25579608678818
-0.162307590246202
0.235674887895584
-0.955727648735047
-3.61249631047249
4.62716600298881
7
2.05117940306663
-0.402926605939866
-6.82943774461746
2.91596682071686
-9.39999487400055
-5.05620784163475
0.0136952400207515
7
-3.32758954763413
-6.10900970101356
2.04174277186394
-3.02768468856812
6.65988117456436
0.902800130844116
-4.87565756440163
2
7
6.41383326649666
4.30379216074943
4.13508995771408
7.75685841441155
-1.41586501598358
-3.68215736150741
-5.48316340446473
7
-4.57982810139657
2.07766777276993
1.11699185967445
5.01918466687202
0.320668357610704
6.09876099824906
6.77120354771614
|Explorer2Genome 30
3
6
8
6.48359590172768
-6.91794781088829
0.0249716043472321
1.26668627262115
-5.31122998595238
-5.82171532511711
1.58081912398338
-7.53642003536224
8
-2.01659995913505
4.80002510547638
1.13060344457626
-4.76804888248444
-5.07643817663193
3.99148418307304
-3.28731133937836
-2.63527969717979
8
2.51837828755379
-10.6034028410912
-0.628926694393158
5.99287410974502
3.45038268566132
-2.18141390681267
-7.93304041028023
6.56674411892891
8
3.2267507135868
0.537898951768882
-4.26175920963287
5.02851543426514
-3.11710185408592
-1.51077134609222
-3.66471405029297
-1.5496176302433
8
5.09270815253258
4.74808872938156
-5.44452416300774
-10.5627044260502
0.681525105237961
10.5536668002605
4.62552787065506
-3.84084792733193
8
7.92915952801705
-4.46465351581573
-0.626547610759734
-5.23159018754959
-2.03419902324676
4.96240581274033
-5.04280827045441
5.84435194134712
6
7
-0.826992928981782
5.62623944282532
2.56335513591766
4.51694878339767
-7.35277924537658
-6.58260753750801
4.76325061917305
7
0.25786629319191
-5.47033066153526
0.787992912530898
7.01670740842819
-2.40314964056015
3.44655322432518
-4.45519470572472
7
3.53704650402069
2.3629354596138
-0.922919678688048
-4.5778248667717
-2.09029322862625
-4.43625051379204
-0.0653582751750931
7
4.51450226902962
-2.98036133050918
-0.425893276929857
0.0458909511566163
-0.954143017530442
-3.66884667873382
4.6555633187294
7
1.83899857401847
-1.3434318959713
-7.19939739108086
2.85030956268311
-8.32274098396302
-6.50520645976067
0.0136952400207515
7
-3.24721667170525
-6.36505687832832
2.08392714262009
-3.1315217256546
5.88387342095375
-0.17215319275856
-3.77560968995094
2
7
5.99000983834266
4.38843566775322
3.66707738637924
7.33283514380455
-0.645114070177078
-4.78086568713188
-6.59040085077286
7
-4.01213820576668
2.3968251645565
1.4268432199955
4.60987377762794
1.69993533492088
5.43516744971276
7.90699360966682
|Explorer2Genome 30
3
6
8
6.30537956357003
-6.59767515659332
-0.139947128295895
2.21221204996109
-5.24036534428597
-6.11355084180832
2.3852859556675
-7.63297904133796
8
-2.01659995913505
4.63807048201561
1.2630695939064
-5.51769654750824
-4.97093545198441
4.64819015860557
-2.14779431223869
-2.73954901695252
8
3.12168436050415
-8.9270867407322
0.18702517747879
4.32724534273147
2.18108177185059
-1.92066771388054
-7.60674017071724
5.83627305030823
8
3.19283090829849
0.702999716997154
-3.26836810708046
4.28726646304131
-3.27567911148071
-0.345000410079956
-4.94459795951844
-1.04473834633827
8
4.41586586833
5.80767036676407
-4.94656655192375
-10.366502982378
0.971890968084335
11.1272353827953
4.61559203863144
-2.94593654274941
8
7.92915952801705
-5.13399305343628
-0.850917041301726
-6.33270636796952
-1.7980516910553
4.96240581274033
-5.82059752941132
5.98534138202667
6
7
-0.69268091917038
5.25485454201698
2.8328421831131
5.760016477108
-7.21079969406128
-7.32897003293037
5.0765892803669
7
2.01635370850563
-5.42532235383988
0.606829488277434
6.85209552049637
-2.53299126625061
3.96220554709434
-5.0711397588253
7
3.84664151668549
2.88126956224441
-1.02927868962288
-4.40664829015732
-1.82979072332382
-4.34851939082146
-0.331213611364363
7
5.09355412721634
-3.62703949213028
-0.71426929831505
0.659262800216675
-1.38231961727142
-3.99698238968849
5.74843665957451
7
1.83376055955886
-1.23794161677361
-7.39656180143356
2.85030956268311
-8.57339971065521
-5.99710831046104
-0.353214645385743
7
-2.92370800375939
-6.1937151491642
2.37085425257683
-3.1315217256546
6.37756281495094
-0.690225082635879
-3.77560968995094
2
7
6.030222427845
5.96817910075187
4.70694451928139
5.26788204908372
0.368006414175034
-3.80338160395622
-5.47061989307404
7
-4.22399393320084
2.2278088927269
1.39454062581062
5.67475331425667
0.58551979660988
6.41704808473588
8.02928267121315
|Explorer2Genome 30
3
6
8
5.61373915672303
-6.59767515659332
0.634335231781009
1.26668627262115
-5.09661108255387
-6.75743562579155
1.52704340815544
-7.16825473308563
8
-2.01659995913505
4.63807048201561
1.2630695939064
-5.45723962783814
-4.99281519651413
4.64819015860557
-2.83697710037231
-2.71678593158722
8
2.82995500564575
-10.7634550631046
0.127183091640472
6.14960459470749
3.51037284731865
-1.67695998549461
-7.87023128271103
6.84789970517158
8
3.02776392102241
0.702999716997154
-2.86165109276772
4.76960346102715
-3.09016137123108
-0.269608092308044
-5.4622730255127
-0.793514943122863
8
4.41586586833
5.9238743185997
-4.94656655192375
-10.366502982378
1.30314578413963
11.1122517049313
4.7473469376564
-2.94593654274941
8
7.92915952801705
-4.88347022533416
-1.31401137113571
-5.82799316644669
-1.7980516910553
4.96240581274033
-5.15750839710236
5.39004855155945
6
7
-0.69268091917038
4.77548229694366
3.3135954618454
4.69460715055466
-7.46323418617248
-7.29906325936317
5.40338533520699
7
0.653849393129349
-4.77721663117409
-0.402306503057481
6.49042983651161
-3.42886012792587
4.24988052845001
-4.82217246890068
7
3.42916605472565
2.3583857178688
-0.991017013788222
-3.72748215794563
-1.7221862912178
-4.47632436156273
-0.0653582751750931
7
4.83510492444039
-3.73716198205948
-0.71426929831505
-0.130540251731872
-1.59273204803467
-3.81770403981209
5.8049235701561
7
1.96733020544051
-1.3434318959713
-7.70617524981499
2.90211160182953
-8.32274098396302
-6.21090897917747
-0.330963987112046
7
-2.84112638235092
-6.1937151491642
1.78248304128647
-2.84467601180077
5.99425175786018
-1.00429044365883
-3.77560968995094
2
7
5.88048751950264
4.61685092449188
4.1725496172905
7.39875633120537
-0.608898597955703
-4.78086568713188
-6.5712466955185
7
-4.59088879823685
2.2278088927269
0.971721130609513
4.28643756508827
1.03626258969307
5.91608731150628
7.60831046700477
|Explorer2Genome 30
3
6
8
7.30373448729515
-7.49697499275207
0.879599732160571
0.88296844959259
-5.1946016728878
-5.99202116727829
2.86226649284363
-7.59855623245239
8
-0.866522234678266
4.3371752679348
1.8433315217495
-5.11433758735657
-5.31443079710007
4.66572513580322
-2.01850852966309
-3.04179112911224
8
2.89185874462128
-8.47464800477028
0.184677422046661
4.18384464979172
2.58753707408905
-2.25987488627434
-7.07586634755135
5.83627305030823
8
3.67172110676765
1.19988119006158
-2.67231495976448
4.95285160541534
-3.26181711554527
-1.88125906586647
-4.77539886832237
-1.53341345787048
8
4.57140665054321
5.0410176217556
-4.75476786494255
-9.99722381234169
1.36989614963531
11.1939045667648
4.25784236192703
-3.90091839432717
8
8.25284929871559
-4.5152285695076
-0.251845371723174
-6.63447172641755
-0.209425711631774
3.35381384491921
-5.7043143093586
5.89493677616119
6
7
-0.79484230875969
5.0642543554306
2.95097074508667
3.74375733137131
-6.76677322387695
-8.01221929192543
4.73985202908516
7
-0.506192916631698
-6.09680644273758
1.33486039042473
6.90627285242081
-4.11863738298416
4.83241949081421
-4.2988744199276
7
4.12445984482765
1.77936359643936
-0.930504947900771
-4.58172694444656
-1.77202540040016
-4.62721158266067
-0.421790379285811
7
5.0269049346447
-2.93326798081398
-0.226839250326158
0.547368389368057
-1.88662934303284
-3.52516617774963
4.48408468961716
7
2.7200600862503
-0.0877713382244114
-7.40767449736595
3.06073349118233
-9.93388974070549
-5.57296366095543
0.0136952400207515
7
-3.05683061480522
-6.1937151491642
1.61552139520645
-3.1315217256546
5.70984883904457
-1.19913654923439
-3.73394568562508
2
7
6.41383326649666
3.82334136366844
3.66707738637924
8.0694883286953
-0.474190121889114
-5.41122586131096
-6.61200268268586
7
-4.78964091539383
2.20035716295242
1.93997219204903
5.57369711995125
0.595860391855241
6.7236305654049
7.60222521424293
|Explorer2Genome 30
3
6
8
6.1958667755127
-6.62927322387695
0.634335231781009
1.26668627262115
-5.25248031020165
-6.2825840651989
1.58081912398338
-7.77373414635658
8
-2.01659995913505
4.25172137618065
1.2630695939064
-5.45723962783814
-4.97093545198441
4.64819015860557
-2.43098936080933
-2.74986951351166
8
3.12168436050415
-8.9270867407322
0.536078131198883
4.18384464979172
3.11686465740204
-2.25987488627434
-7.07586634755135
5.83627305030823
8
3.26982489824295
0.702999716997154
-3.26836810708046
4.76960346102715
-3.67242546081543
-0.269608092308044
-4.94459795951844
-1.04473834633827
8
4.41586586833
5.9238743185997
-4.53738090395928
-10.366502982378
1.30314578413963
11.1272353827953
4.61559203863144
-3.39202280640602
8
7.92915952801705
-4.88347022533416
-0.866460978984832
-5.82799316644669
-1.7980516910553
5.41197780370713
-5.477636551857
5.69346189498901
6
7
-0.69268091917038
5.66939203739166
3.3135954618454
5.27946690320969
-7.51836366653442
-7.29906325936317
5.0765892803669
7
-0.204094785451889
-4.59781307578087
0.540234315395354
6.50458387136459
-4.16097580194473
3.83130850791931
-4.31067506670952
7
3.17554659843445
2.3583857178688
-0.991017013788222
-3.88960114717483
-2.09029322862625
-4.47632436156273
0.0929300904274002
7
4.83510492444039
-2.99602616429329
-0.71426929831505
0.0901026248931886
-0.920263195037842
-3.81770403981209
5.22695630788803
7
1.39826351404189
-1.3434318959713
-7.19939739108086
2.85030956268311
-7.96037654876709
-6.21090897917747
0.516379833221435
7
-3.05683061480522
-6.1937151491642
1.78248304128647
-3.23500514030457
5.99425175786018
-0.690225082635879
-3.77560968995094
2
7
6.41383326649666
4.38843566775322
3.66707738637924
7.41107811331749
-1.12860162854195
-4.78086568713188
-7.07308700084687
7
-4.59088879823685
2.2278088927269
0.971721130609513
4.28643756508827
1.03626258969307
5.58535486459733
8.03676567673683
