50
1028
|Explorer2Genome 30
3
6
8
-1.96206786632538
-1.46992624998093
-6.82564960718155
7.92240577340126
-7.49559249877929
-3.08110410571099
-5.08890621066093
-0.638200783729554
8
1.39292711615562
2.80758145451546
0.815421277284622
-1.03991438150406
-2.13966462612152
-0.861710119247436
3.53709691762924
-0.257183539867402
8
6.07626903653145
4.98966101408005
-1.69127306342125
1.54582048654556
-0.200967735052109
0.691562068462372
0.766419392824172
-5.57921854257583
8
9.61118150353431
-2.2149018406868
-0.498050403594969
-6.79587390422821
-5.17276566624641
0.445061951875687
-0.260869187116622
-7.08577951192856
8
-2.88544576764107
0.764013242721558
-2.46440415978432
9.72309900522232
2.16629510521889
-2.58701805472374
-3.51107783317566
-0.845871466398239
8
1.43686670660973
3.92606606483459
5.55181599259377
9.09139373898506
-2.05680932402611
-2.62303040027618
-1.03687857985496
-0.498258972167969
6
7
3.62033194899559
1.13785595297813
4.84894629120827
-6.60229798555374
7.28671377897263
7.19193210005761
-7.75150467157363
7
1.04023951888084
0.574851745367052
3.41128071546555
7.39534534811973
-4.00285334587097
-1.10862686038017
5.61720033884048
7
5.33625417947769
-0.471122509241104
-3.70279403328895
-6.35495933294296
3.44090080857277
3.93549246788025
2.40870401859284
7
1.53307199478149
0.780692875385284
10.4060061275959
-1.1793873667717
-5.48767913579941
-2.78187629580498
0.255445599555972
7
-0.157845509052278
-7.01661317944527
-6.22818979620933
-0.290282779932023
2.43410187363625
-0.841758978366852
1.53010186553001
7
5.83279813528061
-1.06700800061226
0.434517234563827
1.25136901140213
-3.86730569005013
1.5690281689167
5.49652345776558
2
7
7.98875218629837
-2.46665115356445
-1.14376962184906
-7.93617634773254
-0.298792397975922
-2.59679661393166
2.10439087152481
7
4.74592351913452
6.04336704611778
4.29308530688286
-6.87422186732292
-0.819040638208388
-1.39020305275917
0.144545924663542
|Explorer2Genome 30
3
6
8
-1.6307345867157
-2.98215900063515
-6.34279192090034
5.77983718514443
-8.91841114759445
-1.58659052848816
-4.55354582071304
0.518651556968688
8
1.18340045809746
4.71298018097878
1.51583853363991
-1.44197536706924
-1.81375049948692
-0.905475062131881
1.79910145401955
-0.831238210201264
8
6.1260471880436
4.26016780734062
-0.576337784528732
1.04016600847244
0.320723778009414
0.17167843580246
0.071318703889846
-5.23388727903366
8
8.93706042766571
-4.09329150915146
0.546644687652589
-6.58485314846039
-6.16253491044044
-0.232264810800552
-0.334580600261687
-5.6327537715435
8
-2.58719072341919
0.971752834320068
-3.35774219632149
7.29104660749435
2.1209687769413
-2.09333593845368
-1.80882943868637
-1.36048116087913
8
1.83071775436401
3.61619669795036
5.20571902990341
7.823005849123
-1.45057465434074
-2.89730942845344
-2.05367828607559
0.711100059747696
6
7
3.27232219576836
0.593649172782898
5.13510434031487
-6.5926434636116
6.96313911080361
7.21252851486207
-8.2586295723915
7
5.83110457658767
2.99237901568413
-0.362383663654327
9.19827861189842
-0.757940125465394
-3.67418914437294
8.13012028336525
7
4.69241903424263
1.28391628265381
-3.09172981381416
-5.05486589074135
3.3754396378994
4.08443637490272
3.2376139998436
7
1.70857678055763
0.460116773843765
11.3456837236881
1.21148289442062
-4.27731450796127
-2.87904427051544
0.70616201758385
7
-0.54994970560074
-6.05746215581894
-6.50602139234543
2.45976276993751
2.52536746859551
-4.40485888123512
0.786781030893326
7
0.559421128034592
-2.17726761698723
1.64905997514725
-2.58505074381828
-3.28319838643074
3.18726101517677
5.10285412073135
2
7
8.2351429104805
-1.17977311611176
-0.721437233686451
-8.10632710456848
2.11833618879318
-6.45277813076973
2.88738790750503
7
4.88332162499428
3.07663739919663
5.60188310742378
-5.60337449908257
-3.14017595052719
0.171506690979004
0.804272425174712
|Explorer2Genome 30
3
6
8
-1.15937304496765
-2.39994667768478
-6.64636821746826
6.75939484834671
-8.7209451675415
-1.89396270513535
-4.87427645325661
-0.721053737401963
8
1.39292711615562
3.23180392384529
0.815421277284622
-0.99766343832016
-2.13966462612152
-0.861710119247436
3.53709691762924
-0.668148744106293
8
6.07626903653145
4.98966101408005
-1.69127306342125
1.54582048654556
-0.0766562163829805
0.691562068462372
0.766419392824172
-5.57921854257583
8
9.00277435183525
-3.52741235494614
-2.62390112280846
-7.04661200642586
-5.01065416932106
0.691086876392365
-0.861906790733336
-6.80920540690422
8
-2.88544576764107
0.764013242721558
-2.46440415978432
9.08384684324264
2.51178937554359
-2.58701805472374
-3.16448521614075
-0.845871466398239
8
1.62607629299164
4.41699743270874
4.130374532938
9.44278114438057
-2.41421510577202
-3.00886895656586
-1.5937086224556
0.896588617563248
6
7
3.62033194899559
0.923029965162278
4.84894629120827
-7.15979562997818
7.28671377897263
7.61231135725976
-7.98913077712058
7
0.575157493352886
0.866409510374071
3.90003741979599
7.68015667796135
-3.76768562793732
-0.80831372141838
5.57480391263962
7
4.64509973526001
0.165543055534363
-3.8996944963932
-3.84839497208595
3.00997051000596
2.82413159012794
2.19997263550758
7
1.14726349711418
0.359370929002761
11.5466727852821
-0.308969056606293
-5.37699803113938
-2.51051329374313
0.668874913454059
7
-1.18931795358658
-6.84833598136902
-6.22818979620933
-0.290282779932023
2.00503297448158
-0.841758978366852
1.53826414942741
7
5.34627848267555
-1.83259388804436
1.83057841658592
0.499761974811553
-4.80680996179581
1.05693452954292
6.90431601405144
2
7
8.64646701216698
-2.11130044460297
-0.64817509055138
-8.66634302139282
2.17667537927628
-5.11661897301674
3.45848277807236
7
3.27036028504372
3.06567553281784
4.16161162853241
-5.4570220708847
-2.67791045904159
1.67171044945717
-0.0418163895607009
|Explorer2Genome 30
3
6
8
-1.61137883663177
-1.42423723340034
-7.3846248626709
6.39842566251755
-8.84438230395317
-2.26024917364121
-4.25143574476242
1.02321045994759
8
0.0977167248725895
0.662410801649094
-1.1674232840538
-2.18133724331856
-1.7167008638382
-1.79600282311439
4.69441052675247
0.411314910650253
8
6.1260471880436
4.09203079938889
-0.576337784528732
1.04016600847244
0.320723778009414
0.469380247592926
0.595572263002395
-5.23388727903366
8
9.30724673867226
-2.24365669488907
0.475954246520998
-5.50415880680084
-5.76316788196564
0.0374666035175324
0.529868346452714
-6.9205172419548
8
-2.47887309193611
1.10086507797241
-2.46440415978432
9.34794250726699
2.51178937554359
-2.58701805472374
-3.51107783317566
-0.845871466398239
8
1.78979647159576
3.49599460959434
4.92270057797432
8.95039687752723
-2.59204606413841
-2.05946601033211
-2.16703503727913
0.255585867166519
6
7
3.04262503981591
1.57386739253998
4.45485023260117
-6.75235003829002
6.79902060627938
7.57711727023125
-8.42625016570091
7
4.91469103097915
2.88000524044037
-0.362383663654327
9.32722977995872
-1.53712863922119
-3.2885220348835
8.1224887907505
7
3.82133734226227
-0.317956733703613
-2.39493861794472
-3.90222333073616
4.08224346637726
3.43760085701942
1.90090668797493
7
1.89264771938324
0.460116773843765
11.3456837236881
1.22760754823685
-3.74081004858017
-3.34678947925568
0.239285057783129
7
-0.619431507587434
-6.27823767662049
-5.74905506968498
-0.290282779932023
1.97805123925209
-0.841758978366852
1.53010186553001
7
0.0544598042964942
-3.37079628705978
2.01673032045364
-3.18470842242241
-5.0349536716938
2.78291550278664
6.03759523630142
2
7
7.98875218629837
-2.46665115356445
-1.14376962184906
-7.93617634773254
-0.0382866024971009
-2.59679661393166
2.10439087152481
7
4.74592351913452
6.04336704611778
4.29308530688286
-6.87422186732292
-0.953031855821609
-1.23563916683197
0.725695484876631
|Explorer2Genome 30
3
6
8
-1.71661148071289
-1.42423723340034
-7.3846248626709
6.39842566251755
-8.64709304571151
-2.26024917364121
-4.25143574476242
1.02321045994759
8
0.0212895035743717
1.26691054701805
-1.48068346381187
-2.50197120904922
-1.07370861172676
-1.87413399815559
6.14968487024307
0.115138810873031
8
6.1260471880436
4.26016780734062
-0.576337784528732
1.04016600847244
0.320723778009414
0.469380247592926
0.595572263002395
-5.23388727903366
8
9.30724673867226
-1.84976793527603
0.475954246520998
-5.50415880680084
-5.76316788196564
0.0374666035175324
0.529868346452714
-6.9205172419548
8
-2.47887309193611
1.10086507797241
-2.46440415978432
9.34794250726699
3.02340050339699
-3.11232504248619
-3.51107783317566
-0.845871466398239
8
1.83071775436401
3.61619669795036
5.2989585518837
7.823005849123
-1.45057465434074
-2.89730942845344
-1.50989381074905
0.711100059747696
6
7
2.35057942271233
1.78039357066155
3.77665448784828
-7.85677627921104
7.08174832463265
7.73696918487549
-9.17078740000724
7
-0.196754634380344
1.73358063101769
3.60629054307938
9.38045372962951
-3.57131232619286
0.434986358880998
4.86463500261307
7
4.69241903424263
1.066899985075
-3.09172981381416
-4.71204510331154
3.87693504691125
4.08443637490272
3.2376139998436
7
1.44004189968109
0.460116773843765
11.3456837236881
1.22760754823685
-4.27731450796127
-3.34678947925568
0.621873062849047
7
0.588290268182753
-6.82289842963219
-5.97268011569976
4.28524931669235
1.50770503878593
-4.39176970124245
2.13528543114662
7
4.82633108496666
-1.24004263281822
2.23048338890076
1.66783617734909
-4.80680996179581
1.37282484769821
6.59186119437218
2
7
8.54868198633194
-1.7525162935257
-0.721437233686451
-8.10632710456848
2.11833618879318
-5.56654265522957
3.24470077753067
7
5.0123672246933
5.77565839290619
4.29308530688286
-7.61203963160515
-1.09008198976517
-1.89501583576202
0.657058686017989
|Explorer2Genome 30
3
6
8
-1.5002126455307
-2.98215900063515
-6.34279192090034
5.77983718514443
-9.10434343218803
-0.70069896578789
-3.77534958124161
0.560107278823852
8
0.241571176052094
1.41149098277092
-0.716079103946686
-2.32129598259926
-1.35059440732002
-2.53407600522041
4.3671714246273
0.0827583253383631
8
5.67681737542153
6.03274667263031
-0.109854716062545
0.787717658281326
-1.00656220316887
-0.151675897836685
1.06346100568771
-6.68456674814224
8
9.72600730061531
-4.99648612737656
-0.00713448524474941
-6.2562219440937
-7.05893259644508
0.521671438217163
-0.944198787212371
-6.22135531306267
8
-3.66980795860291
1.70434599518776
-2.6797329723835
9.08828264474868
3.02829306721687
-2.29773063659668
-2.7678323507309
-0.377229970693587
8
2.30502464771271
3.61283821463585
5.49039767980576
9.55098556876182
-1.5701550424099
-2.86758876442909
-2.53699581027031
-0.718118071556092
6
7
2.39786397814751
0.894185775518418
3.13788832426071
-7.12203670740127
7.01817625164986
7.92598087787629
-8.33385629057884
7
-0.360411942005161
1.76710845828057
3.67852516770363
7.33676261305809
-3.67540385127067
-1.64159504175186
6.44752307534218
7
5.25179274082184
0.817173165082931
-3.90407565236092
-3.61702492237091
3.63183823823929
4.37912910580635
2.38893955349922
7
1.67329596877098
-0.520255637168885
11.6504713058472
1.25118067860603
-2.17408720254898
-3.57314369082451
2.26936857700348
7
-0.452345049381258
-6.62583056092262
-7.07553926706314
2.60044835209846
2.65827907919884
-3.76552290916443
1.21649852395058
7
-0.0933066129684441
-2.86231569051743
2.2272505402565
-2.58505074381828
-4.47831218838692
2.32874727845192
6.03759523630142
2
7
9.46974705457688
-1.7525162935257
-0.206224292516712
-9.67493214607239
1.06178008317947
-5.77386117577553
3.58957628011703
7
4.88332162499428
2.6081423163414
5.36146669983864
-5.48441910147667
-3.14017595052719
0.171506690979004
0.971416980028151
|Explorer2Genome 30
3
6
8
-1.96206786632538
-1.46992624998093
-6.40998789072036
7.89380033612251
-7.49559249877929
-3.08110410571099
-5.08890621066093
0.296714425086975
8
1.39292711615562
3.23180392384529
0.815421277284622
-0.99766343832016
-2.13966462612152
-0.861710119247436
3.53709691762924
-0.257183539867402
8
6.24909828305245
4.68939608335495
-0.478141701221466
1.04016600847244
0.320723778009414
0.469380247592926
0.913799268007278
-5.65216025114059
8
8.8806783914566
-4.67979592084885
0.951269721984865
-6.76183829903603
-6.65013204216957
-0.0278912305831907
-0.735055148601531
-6.26345590949058
8
-3.7393126308918
1.58654530644417
-2.6797329723835
8.68387612104416
2.67169359326363
-2.01515512466431
-2.32516774535179
-0.770802730321883
8
1.43686670660973
4.21568276882172
5.01899595856667
9.09139373898506
-2.05680932402611
-2.62303040027618
-1.03687857985496
-0.474734425544739
6
7
3.62033194899559
1.13785595297813
4.84894629120827
-6.95128699541092
7.83505514860154
6.71217531561852
-7.98913077712058
7
1.41580299735069
0.60573977828026
3.90003741979599
7.68015667796135
-3.76768562793732
-1.10862686038017
5.61720033884048
7
5.33625417947769
-0.471122509241104
-3.3588940680027
-6.25202981233597
3.56818535923958
3.93549246788025
2.40870401859284
7
1.53307199478149
0.780692875385284
10.4060061275959
-0.789809310436249
-5.00763109922409
-2.78187629580498
0.526412725448611
7
-0.619431507587434
-7.01661317944527
-5.72147473692894
-0.119336247444153
2.43410187363625
-0.841758978366852
1.24237157702446
7
4.82633108496666
-1.05060893893242
2.23048338890076
1.66783617734909
-4.80680996179581
1.37282484769821
6.59186119437218
2
7
7.23442424535752
-1.26107425093651
-2.11783478260041
-7.92069470882416
2.06233550906181
-2.84006724953651
2.25357703566551
7
4.74592351913452
6.04336704611778
4.29308530688286
-6.87422186732292
-0.953031855821609
-1.39020305275917
0.551425373554228
|Explorer2Genome 30
3
6
8
-1.91345774531364
-1.3658611536026
-7.06946187019348
7.10515385270119
-9.0622464120388
-2.85072776079178
-5.02467869520187
0.667053085565567
8
1.4599647462368
4.58996656537056
1.01712153553963
-1.74284585118294
-2.54592232108116
-0.946553772687911
1.81898992657661
-0.495659404993058
8
6.07626903653145
5.50009998083115
-1.69127306342125
1.54582048654556
-0.0766562163829805
0.691562068462372
1.0539390206337
-5.57921854257583
8
9.46332542896271
-3.84890764951706
0.840832215547563
-6.21976893544197
-5.71873492598534
-1.78110705018043
-0.678896272182464
-6.22135531306267
8
-3.65390431880951
1.80748342275619
-2.6797329723835
9.13842729330062
2.67169359326363
-2.22077934741974
-1.53482639193535
-0.0307189106941216
8
1.57767264842987
4.15021832585335
5.08425217270851
8.4378851532936
-1.35680065751076
-2.09000927209854
-1.54096772074699
-0.940098494291306
6
7
3.28399495482445
1.24141897559166
5.27942980527878
-6.73885480761528
6.79902060627938
7.65502678751946
-8.94885248541831
7
4.39938696622848
2.55102452635765
-0.931996595859527
7.90027963519096
-0.412544220685959
-3.44846839904785
7.61795826554298
7
5.57964200973511
0.374826973676682
-3.27796561717987
-3.56312709450722
3.40577722787858
3.68903046846389
2.45977941155434
7
1.536671179533
0.401782804727554
11.2794477522373
-0.838108813762665
-4.99114245176315
-3.63010195493698
0.00536258220672878
7
-1.20067061781883
-6.37409612536431
-5.85801725387573
0.209515899419784
3.1064157307148
-1.0563086271286
0.707979339361191
7
5.83279813528061
-1.06700800061226
0.434517234563827
1.25136901140213
-3.63807554244995
0.980124789476393
5.47891021370887
2
7
7.82131253480912
-3.1476895570755
-1.05813841819764
-7.94569997787476
1.86551560163498
-3.20006619095802
2.35214473009109
7
4.68092055916787
2.76869725584984
6.26771358251572
-5.3816136777401
-2.95748863816261
0.415854573249817
0.257312303781508
|Explorer2Genome 30
3
6
8
-1.5002126455307
-2.98215900063515
-6.34279192090034
5.77983718514443
-8.53182870745658
-0.955598121881487
-4.67783888578415
0.16431987285614
8
1.39292711615562
3.23180392384529
0.224081164598465
-0.99766343832016
-2.13966462612152
-0.861710119247436
3.53709691762924
-0.668148744106293
8
6.07626903653145
5.25062047839165
-1.69127306342125
1.54582048654556
-0.0766562163829805
0.691562068462372
0.766419392824172
-5.57921854257583
8
9.00277435183525
-3.52741235494614
-2.62390112280846
-7.04661200642586
-5.01065416932106
0.691086876392365
-1.37809684276581
-7.2435354411602
8
-2.88544576764107
0.764013242721558
-2.02092342972755
9.08384684324264
2.51178937554359
-2.58701805472374
-3.16448521614075
-0.845871466398239
8
1.38100233674049
4.15021832585335
4.60217924714089
8.85425955057144
-1.23675592541695
-2.29305176138878
-1.88302482962608
-0.910225677490234
6
7
3.62033194899559
0.923029965162278
4.84894629120827
-7.15775436162949
7.28671377897263
7.61231135725976
-8.07952143549918
7
-0.17857168912888
1.7110018670559
3.51604660153389
8.41181528568267
-3.94854125976562
-1.45918006300926
6.47751024365425
7
4.62197861075401
-1.18882472515106
-3.18501625657082
-4.30546227097512
4.51208312511445
3.26869609355926
2.05486650466919
7
1.14726349711418
0.9548333466053
11.5466727852821
-0.308969056606293
-5.37699803113938
-2.51051329374313
0.668874913454059
7
0.933582532405852
-7.90234330892563
-6.5053366780281
1.89207931160927
1.29137601256371
-3.65095244050026
2.84459206461906
7
5.34627848267555
-1.83259388804436
1.83057841658592
0.499761974811553
-4.80680996179581
1.05693452954292
6.90431601405144
2
7
8.64646701216698
-2.11130044460297
-0.64817509055138
-8.66634302139282
2.17667537927628
-5.11661897301674
3.45848277807236
7
3.27036028504372
3.06567553281784
4.16161162853241
-5.4570220708847
-2.67791045904159
1.67171044945717
-0.0418163895607009
|Explorer2Genome 30
3
6
8
-2.00888700485229
-1.95533026456833
-6.41260207891464
7.90923920273781
-7.49559249877929
-2.63569962382317
-5.66587626338005
-0.122517919540406
8
0.932754892110825
2.71665399670601
0.302379351854324
-0.591237676143646
-2.64817161560058
-0.861710119247436
3.53709691762924
0.199063861370086
8
5.82340603470802
4.75069228410721
-1.67627865672111
1.12012029886246
-0.328124898672104
0.746411669254303
1.78640354275703
-5.57921854257583
8
9.30496083498001
-2.66796091794968
-0.658219122886656
-6.62066709399223
-5.20223177075386
0.105253678560257
-0.190519350767135
-7.95692437887192
8
-4.05521970391274
1.14382317662239
-2.80211115479469
8.86361130475997
2.42162938714027
-1.18953857421875
-2.2961763381958
-2.08737975955009
8
1.83071775436401
4.46375758051872
5.95373140573502
8.48766446709632
-1.9020532310009
-2.89730942845344
-0.983039170503615
0.0631689131259917
6
7
3.38765839934349
0.841811531782151
4.64867665171623
-6.75235003829002
7.22289374470712
6.5110547721386
-8.3480547606945
7
1.48934416174888
0.96298083662987
4.43411988019943
7.27566968798637
-3.76768562793732
-1.82354907393455
5.28489087820053
7
5.41005229949951
1.02998719215393
-3.44578691124916
-3.56312709450722
3.98823586702347
3.34418430924415
2.88212662339211
7
1.55768027901649
0.257568204402923
10.4060061275959
-0.901507437229156
-5.00763109922409
-2.78187629580498
0.526412725448611
7
0.588290268182753
-5.87066230177879
-6.53555040359497
3.73510829210281
1.25791298747063
-4.11626313328743
1.54342804551125
7
5.83279813528061
-1.06700800061226
0.434517234563827
1.25136901140213
-3.86730569005013
1.56225970387459
5.7540366768837
2
7
7.51777534484864
-2.75438614487648
-1.64394863843918
-6.39277044534683
2.35561961531639
-3.15736563801765
3.35327806472778
7
5.0123672246933
5.77565839290619
4.29308530688286
-7.10628101229668
-1.2917568564415
-2.7240319788456
0.636674398183821
|Explorer2Genome 30
3
6
8
-1.5002126455307
-2.98215900063515
-6.30126739144325
5.77983718514443
-9.50431973338127
-1.58659052848816
-4.55354582071304
0.518651556968688
8
1.18340045809746
4.58996656537056
1.51583853363991
-1.44197536706924
-1.32169832587242
-0.800190275907516
1.79910145401955
-0.421924960613251
8
6.02583571076393
4.42100137472153
-1.39008044600487
0.156368625164032
0.320723778009414
0.955096757411957
0.679337435960769
-5.23388727903366
8
9.46332542896271
-4.09329150915146
0.546644687652589
-6.76183829903603
-6.16253491044044
-0.277089959383011
-0.735055148601531
-5.6327537715435
8
-2.99921307563782
1.54880256652832
-3.35774219632149
7.78976625204086
2.1209687769413
-2.09333593845368
-1.5344074845314
-1.01809324622154
8
2.00844616293907
3.92141484618187
4.75094428658486
9.31453763246536
-1.5701550424099
-2.4330972969532
-2.03966175913811
-0.57783145904541
6
7
3.27232219576836
0.593649172782898
4.59775616526604
-6.75235003829002
7.10524089932443
6.97845894694329
-8.42625016570091
7
4.91058489084244
2.92136606574059
-0.415055310726165
8.85371817946434
-0.757940125465394
-3.73470385670662
8.13012028336525
7
4.62512952685356
-1.08299641609192
-3.56581354737282
-3.95215955376625
4.21372397542
3.53615193963051
2.24746297001839
7
1.09587931036949
-0.677303248643876
11.6504713058472
0.985861712694168
-2.4003635764122
-3.57314369082451
2.26936857700348
7
-0.54994970560074
-6.3831808924675
-6.49977985620498
2.45976276993751
2.65827907919884
-4.55447772145271
1.21649852395058
7
0.443714493513108
-2.17726761698723
2.00781408548355
-2.58505074381828
-3.60507405400276
2.78291550278664
5.69387580156326
2
7
8.63461831808091
-1.7525162935257
-0.206224292516712
-9.13089461326599
2.17667537927628
-5.63817029595375
3.66491945981979
7
4.88332162499428
3.07663739919663
6.1947382748127
-5.33143879175186
-3.14017595052719
0.171506690979004
0.527114850282668
|Explorer2Genome 30
3
6
8
-1.41703791618347
-2.65999386906624
-5.83733170628547
4.9661051094532
-8.74296002388
-1.53278589844704
-5.08655577301979
0.905291700363159
8
1.29128305315971
3.904957062006
1.52694824337959
-1.46642616987228
-1.63518347144127
-0.586498236656189
1.89507053494453
-0.383969914913178
8
7.27806802988052
5.48233639001846
-1.95694679617882
1.78534979820251
-0.58992709517479
1.87862080335617
0.611695325374602
-6.63673411011696
8
9.53459926843643
-1.67410026788712
-0.282080364227293
-5.84565901756286
-5.74798965454101
-0.210316294431686
0.00842116475105364
-7.66648133993149
8
-3.86721151471138
2.67255576848984
-3.01361206173897
9.01291235685348
2.84935260415077
-1.89472944736481
-2.6027218580246
-0.377229970693587
8
2.00844616293907
4.34049162268639
4.75094428658486
9.31453763246536
-1.5701550424099
-2.45574150681496
-2.57598640322685
-1.15814075469971
6
7
2.39786397814751
0.8063567340374
3.13788832426071
-7.40197548270225
7.3064369738102
7.56558725833894
-8.33385629057884
7
0.264772713184353
2.6415590941906
3.67852516770363
8.27194682955741
-3.74233819842338
-1.36280371546745
6.13542591929436
7
5.03528786897659
-0.471122509241104
-3.70279403328895
-6.35495933294296
3.33287451863289
3.93549246788025
2.03816950321198
7
2.44946372509002
0.903962141275405
11.8132599890232
0.689205300807953
-3.99808567762375
-3.35446274280548
0.771495550870898
7
1.05925103425979
-6.3831808924675
-6.04810495972633
2.69106086492538
2.87231070399284
-4.2053782761097
1.23348377346993
7
4.68306042551994
-1.32231699824333
1.55136868357658
0.747924673557281
-4.77238291501999
1.198818308115
6.25531012415886
2
7
7.49060751795769
-2.75649564862251
-1.35569126009941
-6.24689859747887
0.879876440763473
-3.62754756212234
1.93459759950638
7
4.88332162499428
2.78892856836319
5.23813078999519
-5.48441910147667
-3.14017595052719
0.440258723497391
0.527114850282668
|Explorer2Genome 30
3
6
8
-3.08856702446937
-2.10749512910843
-5.95603910684585
7.93469329476357
-8.00950489044189
-1.97195710539818
-3.90004333257675
-1.0499628007412
8
1.36235027313232
4.27117336392403
1.88052490353584
-1.528979575634
-1.38479225039482
-0.800190275907516
1.79910145401955
-0.831238210201264
8
6.02583571076393
4.42100137472153
-1.39008044600487
0.384547293186188
0.320723778009414
0.955096757411957
-0.212096804380418
-5.23388727903366
8
9.68506126999855
-4.09329150915146
1.03186144828797
-6.76183829903603
-5.61337156891823
-0.232264810800552
-0.57128425836563
-5.6327537715435
8
-3.2288497209549
1.54880256652832
-3.35774219632149
7.43172151446342
2.1209687769413
-2.09333593845368
-2.03435794115066
-0.620134681463241
8
2.00844616293907
3.92141484618187
4.75094428658486
9.31453763246536
-2.13745254874229
-2.11104419231415
-2.03966175913811
-0.57783145904541
6
7
3.27232219576836
0.593649172782898
4.59775616526604
-6.75235003829002
6.80969343781472
6.72268142104149
-8.42625016570091
7
5.34126154184341
2.92136606574059
-0.80003205537796
8.85371817946434
-0.571743196249009
-3.73470385670662
7.69684181809425
7
4.62512952685356
-1.08299641609192
-3.56581354737282
-3.95215955376625
4.61721718907357
3.26869609355926
2.14183893799782
7
1.67329596877098
-0.183155751228333
11.6504713058472
1.25118067860603
-2.00969940423966
-3.57314369082451
2.26936857700348
7
-0.191819030046465
-6.3831808924675
-6.70404487848282
2.25587161183357
2.51045495867729
-4.22553396821022
1.21649852395058
7
0.359817552566529
-2.86231569051743
2.0839463353157
-2.58505074381828
-3.90600081086159
2.32874727845192
6.03436764478683
2
7
8.63461831808091
-1.7525162935257
-0.206224292516712
-9.13089461326599
2.17667537927628
-5.16135664582253
3.74997330904007
7
4.31968737244606
3.61020187139511
5.60188310742378
-5.48441910147667
-3.14017595052719
0.171506690979004
0.527114850282668
|Explorer2Genome 30
3
6
8
-1.57389487624168
-0.775741124153137
-7.20189926624298
7.07050784826279
-9.0622464120388
-3.92395025491715
-5.03777395486832
0.667053085565567
8
0.721064871549607
3.6381722509861
2.19190047383308
-1.60448282957077
-1.78958422541618
-1.11001994609833
2.32871034741402
-1.12696019411087
8
5.30510590672493
4.41986161470413
-0.764587014913559
1.58834666013718
-0.303807419538498
1.14681097269058
0.595572263002395
-5.23388727903366
8
9.46332542896271
-4.67979592084885
0.686082720756532
-7.6371176302433
-6.65013204216957
-0.183832913637161
-0.735055148601531
-6.22135531306267
8
-3.55964283943176
2.21302777528763
-2.6797329723835
9.15519925355911
2.67649875283241
-2.01515512466431
-1.34701355695725
-0.497914516925811
8
1.62607629299164
4.34826800823212
3.79916949868202
9.44278114438057
-2.10706984400749
-3.05162014961243
-1.5937086224556
0.896588617563248
6
7
3.62033194899559
0.923029965162278
4.8347592651844
-7.15979562997818
7.28671377897263
7.61231135725976
-7.51407021880149
7
0.575157493352886
0.866409510374071
3.37270854711533
7.68015667796135
-3.76768562793732
-0.287913388013839
5.21205853223801
7
4.64509973526001
0.165543055534363
-4.11102946400642
-3.84839497208595
3.00997051000596
2.82413159012794
2.19997263550758
7
1.14726349711418
0.359370929002761
11.2594009757042
0.217593204975128
-5.37699803113938
-2.51051329374313
0.668874913454059
7
-1.04431437253952
-6.84833598136902
-6.22818979620933
-0.290282779932023
2.00503297448158
-0.841758978366852
1.56851066946983
7
5.8849803507328
-1.83259388804436
1.83057841658592
0.499761974811553
-4.80680996179581
0.907477337121962
7.31174556612968
2
7
8.11258920431137
-3.1476895570755
-1.76853785514832
-7.94569997787476
0.956127870082855
-3.49817441105843
2.05435306429863
7
4.32752013802529
3.33201808333397
6.32138687372208
-6.60328683853149
-3.14017595052719
0.385863327980042
0.526534205675124
|Explorer2Genome 30
3
6
8
-1.4664463698864
-1.42423723340034
-7.3846248626709
6.49210549592972
-9.06174181699752
-2.26024917364121
-4.70263394117355
0.966085487604141
8
0.294813454151154
1.26800946593285
-1.17412358522415
-2.32129598259926
-1.35059440732002
-1.99293211102486
4.49068807959556
0.440169757604598
8
5.62065935730934
4.26016780734062
-1.06347042918205
1.04016600847244
0.320723778009414
0.469380247592926
1.07825229763985
-5.23388727903366
8
9.30724673867226
-1.84976793527603
0.475954246520998
-5.50415880680084
-5.76316788196564
0.164818674325943
0.529868346452714
-6.9205172419548
8
-3.91483610272408
1.99896090626717
-2.26613233685493
9.08828264474868
2.84935260415077
-3.39104180335999
-2.56081266403198
-0.371197718381881
8
2.00844616293907
4.92143241763115
5.69572228193283
9.37592197060585
-2.01403173804283
-2.0334558069706
-2.07155515551567
-0.602590322494507
6
7
2.35057942271233
1.78039357066155
3.77665448784828
-7.85677627921104
7.08174832463265
7.73696918487549
-9.17078740000724
7
-0.0744059205055275
1.73358063101769
3.60629054307938
9.38045372962951
-3.57131232619286
0.434986358880998
4.86463500261307
7
5.12545948028564
0.778027218580246
-3.90407565236092
-4.13140121102333
3.63183823823929
4.6774449467659
2.4638917028904
7
1.44004189968109
0.460116773843765
11.3456837236881
1.18662561178207
-4.27731450796127
-3.34678947925568
0.621873062849047
7
0.501701247692106
-5.59056854844093
-6.7388823390007
1.75385306477547
2.95884699225426
-4.46785925030708
1.80411751866341
7
0.154638290405274
-2.86231569051743
1.88209244012833
-2.11263419985771
-3.71551025509834
1.99345827698707
6.14466844797134
2
7
8.81126908659935
-1.7525162935257
-0.721437233686451
-7.55298666954041
2.56587728261948
-5.89313142895699
3.24470077753067
7
5.0123672246933
5.77565839290619
4.29308530688286
-7.61203963160515
-1.32193149328232
-1.89501583576202
0.657058686017989
|Explorer2Genome 30
3
6
8
-1.08136446475983
-2.98215900063515
-6.34279192090034
6.01397584676743
-8.56872624754905
-1.00027251243592
-4.37045238614082
0.38529525399208
8
-0.235022318363189
1.05086590647698
-0.346154272556305
-3.51283529400825
-1.86453877091408
-2.0916306078434
5.28114088773727
1.24215531349182
8
6.79624632000923
4.86897038817406
-0.153385984897613
1.91602728962898
-1.77603518366814
-0.134909588098526
1.5659903883934
-5.5460976600647
8
9.66174815297127
-2.62270520329476
-0.498050403594969
-6.79587390422821
-5.17276566624641
0.380730491876602
0.275470334291459
-7.31367908716202
8
-3.71672859191895
1.83570957779884
-3.02140648961067
9.17749398946762
2.84935260415077
-2.32433578968048
-3.01374742984772
0.125903373956681
8
1.41490849852562
2.85506152510643
4.62060716748238
9.42158960103988
-1.15596432089806
-2.33348484635353
-2.03966175913811
-0.761351990699768
6
7
2.60875591635704
1.57425883412361
3.77665448784828
-8.4776120364666
7.67673481106759
7.62676571011544
-9.45686587691307
7
0.818012636899944
2.34948918819428
3.25289400219917
8.84717757701874
-4.11253073215484
-1.45918006300926
6.32672217488289
7
5.6590765953064
0.0280712068080902
-3.90407565236092
-4.38988025784493
3.25219064950944
4.74153345227241
2.4638917028904
7
1.7616758108139
-0.792951339483262
11.9523572027683
-0.641028821468353
-4.30276380777359
-1.47536792159081
0.078409558534625
7
-0.442212414741518
-6.79037981033325
-7.03084849715233
-0.00300000905990655
2.44897068142891
-1.97893631458283
1.49492027759552
7
5.17725645303726
-0.893954449892044
-0.131300765275956
0.58740347623825
-3.12400363087654
2.45497825741768
4.8089820921421
2
7
7.50701678991318
-2.9438200712204
-1.14797840118409
-6.68801090121269
1.54893382787704
-2.9611219227314
3.26587706804275
7
4.99928768277169
3.08132666945458
4.79698860645294
-4.92118015289307
-3.00471747517586
1.08760042786598
-0.222226041555406
|Explorer2Genome 30
3
6
8
-1.92634171843529
-1.3658611536026
-7.20189926624298
6.82541633248329
-9.0622464120388
-2.85072776079178
-4.43581122159958
0.667053085565567
8
1.4599647462368
4.52308049798012
1.51583853363991
-1.74284585118294
-2.11778039336204
-1.06433715224266
1.81898992657661
-0.495659404993058
8
7.27806802988052
5.94622021913528
-1.67034569978714
1.90932893753052
-0.58992709517479
1.68152014017105
1.09244681596756
-5.68143438100815
8
9.14524090290069
-5.5005504488945
0.546644687652589
-6.76183829903603
-6.55280311703682
-0.536055666208267
-0.735055148601531
-6.22135531306267
8
-3.52642407417297
1.80748342275619
-2.6797329723835
9.13842729330062
2.67169359326363
-2.01515512466431
-2.03077699542046
-0.497914516925811
8
2.00844616293907
3.92141484618187
5.01899595856667
9.01291809678077
-1.5043116748333
-1.65965344905853
-1.57534677386284
-0.515300869941712
6
7
3.23907245993615
0.641952985525132
4.51830514669418
-6.75235003829002
6.81470144391061
6.40793663859368
-8.36947194933891
7
4.39938696622848
2.55102452635765
-0.931996595859527
8.45144698023796
-0.34594869017601
-3.09421625137329
7.23337584137916
7
4.29338191747665
1.04355947375298
-2.7092045545578
-5.54771938323975
2.62928197383881
2.34731577634811
-0.185331290960312
7
2.00496683120727
0.501944786310195
11.0041147768497
-0.585823595523834
-5.60685626268387
-3.64200266599655
0.719493651390078
7
-1.20067061781883
-6.1582165658474
-4.72290439605713
-0.296481758356095
2.91876516938209
-1.01568503379822
0.382112401723862
7
1.34981426596642
-1.27511133551598
2.9697468817234
-0.863518857955934
-1.00615404844284
3.8431686758995
4.76478361487388
2
7
7.50701678991318
-3.1476895570755
-1.24777216911316
-7.94569997787476
1.54893382787704
-3.20006619095802
1.80913480520248
7
3.28789542317391
3.26906987428665
4.93215756416321
-5.72404284477234
-2.80882292985916
0.912026745080948
0.0846491217613206
|Explorer2Genome 30
3
6
8
-1.96966688632965
-2.63943096399307
-6.67586573958397
6.08841279745102
-8.35919034481048
-0.687667095661165
-5.21082736253738
-0.34206936955452
8
-0.284078204631805
1.15835182070732
-1.1674232840538
-2.18133724331856
-1.70998232364655
-1.79600282311439
4.96902222037315
0.185988825559615
8
6.91055055260658
4.5743327498436
-0.244887059926986
0.963879406452179
0.710403615236282
0.768633806705475
0.989430266618728
-6.14585272073746
8
10.1284287750721
-5.14047018289566
-0.467990493774412
-6.2562219440937
-7.05893259644508
0.521671438217163
-0.72155977487564
-6.22135531306267
8
-4.45028670430183
2.25283998250961
-2.81593284606934
8.94024823904037
2.84935260415077
-2.07785229682922
-2.31919384002686
-0.377229970693587
8
1.78979647159576
3.49599460959434
4.92270057797432
8.95039687752723
-2.59204606413841
-2.05946601033211
-2.16703503727913
-0.337403625249863
6
7
2.39786397814751
0.894185775518418
2.5659747004509
-7.12203670740127
7.01817625164986
7.92598087787629
-8.8394267976284
7
0.22483247518539
1.70207604765892
3.67852516770363
7.68839578032493
-3.94854125976562
-1.87036456465721
6.85282230973244
7
4.92504389286041
0.228569620847702
-3.90407565236092
-4.13140121102333
3.57622946500779
4.37912910580635
2.38893955349922
7
1.93543615937233
-0.385398334264756
12.4609136164188
-1.03816112279892
-3.69131656885147
-1.55927793383598
-0.484619158506391
7
-0.619431507587434
-6.27823767662049
-5.20727717280388
-1.08892632126808
1.97805123925209
-1.37495695352554
1.53010186553001
7
-0.13682734966278
-2.86231569051743
1.68421093225479
-2.71212515234947
-4.68861840367317
2.80570483803749
6.10436557531357
2
7
8.55982252359391
-2.46665115356445
-1.62650058269501
-7.93617634773254
-0.0382866024971009
-2.59679661393166
2.21404520869255
7
4.74592351913452
5.47764388918877
4.29308530688286
-7.42329093813896
-1.96218789219856
-1.23563916683197
0.725695484876631
|Explorer2Genome 30
3
6
8
-2.00888700485229
-1.46992624998093
-7.01153320074081
7.90923920273781
-7.49559249877929
-3.08110410571099
-5.66587626338005
-0.122517919540406
8
0.241571176052094
1.41149098277092
-0.716079103946686
-3.16139181256294
-1.35059440732002
-1.71730332374573
4.32477356791496
0.0827583253383631
8
5.55289323925972
4.75069228410721
-1.69127306342125
0.866300141811371
0.323454463481903
0.237809908390045
1.55989356637001
-5.57921854257583
8
9.23469884991646
-4.74439016580582
-0.00713448524474941
-6.2562219440937
-7.05893259644508
0.521671438217163
-0.190617144107818
-6.70490052103996
8
-3.94690387845039
1.14382317662239
-2.80211115479469
8.92175329923629
1.82258239388466
-1.18953857421875
-2.2961763381958
-1.93450679183006
8
1.83071775436401
4.46375758051872
5.95373140573502
8.1683860361576
-2.41285440325737
-3.0016527235508
-1.20044714212417
0.625416266918182
6
7
2.09397613406182
0.987140482664109
3.80314080119133
-7.61475449800491
6.63843625187875
7.92598087787629
-8.33385629057884
7
1.48934416174888
0.96298083662987
3.90003741979599
7.27566968798637
-3.70442204475403
-1.97720374464989
5.60968149900436
7
4.63315625190735
0.228569620847702
-3.90407565236092
-4.13140121102333
3.63183823823929
4.32780528664589
2.55386606454849
7
1.30488331317901
0.633982980251312
10.6507175564766
-0.901507437229156
-5.00763109922409
-2.78187629580498
0.526412725448611
7
0.588290268182753
-5.87066230177879
-6.31349847316742
3.73510829210281
1.25791298747063
-3.85946116447449
1.49804921746254
7
0.184746623039246
-2.86231569051743
2.25405546426773
-2.58505074381828
-5.00296614766121
2.32874727845192
6.03759523630142
2
7
7.4431421995163
-2.75438614487648
-1.59480077028275
-6.42417031526566
2.58386342525482
-3.35643516778946
3.35327806472778
7
4.88332162499428
3.34860030412674
5.60188310742378
-5.48441910147667
-3.18505588769913
0.171506690979004
0.971416980028151
|Explorer2Genome 30
3
6
8
-1.91345774531364
-1.3658611536026
-7.20189926624298
6.82447062134743
-9.0622464120388
-2.30972105264664
-4.88745752573013
0.242529636621475
8
1.4599647462368
5.07654874920845
2.07655311226845
-1.74284585118294
-2.11778039336204
-0.563027209043502
1.89991589188576
-0.495659404993058
8
5.67681737542153
6.03274667263031
-0.109854716062545
0.787717658281326
-1.00656220316887
-0.151675897836685
1.06346100568771
-6.68456674814224
8
9.14524090290069
-5.5005504488945
0.546644687652589
-6.8390413582325
-6.65013204216957
-0.232264810800552
-0.735055148601531
-6.22135531306267
8
-3.66980795860291
2.14873524308205
-2.6797329723835
8.8832643866539
3.02829306721687
-2.72731709480286
-2.62521829605103
-0.377229970693587
8
2.33894852995873
3.92141484618187
5.01899595856667
9.01291809678077
-1.5701550424099
-1.09053547382355
-1.48623771071434
-0.32796511054039
6
7
2.39786397814751
0.8063567340374
3.11764394044876
-6.81200780272484
7.62250061631204
7.896026968956
-7.89212536215782
7
0.291896641254421
2.80733799338341
3.67852516770363
8.18482181429863
-3.94854125976562
-1.5776174724102
6.51867879033089
7
5.25179274082184
0.817173165082931
-3.90407565236092
-3.99033868908882
3.63183823823929
4.37912910580635
2.38893955349922
7
1.67329596877098
-0.520255637168885
11.6504713058472
1.25118067860603
-2.17408720254898
-3.57314369082451
1.89296910762787
7
-0.452345049381258
-6.62583056092262
-7.07553926706314
2.45976276993751
2.65827907919884
-3.990761500597
1.81221814751625
7
0.154638290405274
-2.86231569051743
2.32046345472336
-2.58505074381828
-4.89897454380989
1.85023260712623
5.60039559602737
2
7
9.46974705457688
-1.7525162935257
-0.206224292516712
-9.67493214607239
1.58589159250259
-5.78812988400459
3.69303823709488
7
4.88332162499428
2.78892856836319
5.60188310742378
-5.48441910147667
-3.14017595052719
0.171506690979004
0.971416980028151
|Explorer2Genome 30
3
6
8
-2.43829212784767
-1.74020864367485
-6.69085193872451
7.78356474637985
-7.55709512233734
-1.6148553788662
-3.26017646193504
-0.462148755788803
8
0.153841626644135
1.625032299757
-0.657775318622589
-3.85236969590187
-1.86952088475227
-2.0916306078434
4.80111745595932
1.51729887127876
8
6.67994273304939
4.29596651792526
-0.06714693903923
1.04016600847244
0.88921924829483
0.469380247592926
1.19846802949905
-5.23388727903366
8
9.26203182935715
-2.57318989038468
-0.282080364227293
-5.89241242408752
-6.17180914878845
0.152062159776688
-0.321323460340499
-7.66648133993149
8
-3.7393126308918
1.58654530644417
-2.6797329723835
8.68387612104416
2.80755978226662
-2.01515512466431
-2.06194512248039
-0.770802730321883
8
1.12917926311493
5.40354275107384
4.89755647778511
8.59051845669746
-2.77751831412315
-2.42718713879585
-2.38390935659408
0.433937531709671
6
7
3.51165999770165
0.980625987052918
4.70767394900322
-6.75235003829002
6.86124134659768
7.40237986445428
-8.42625016570091
7
4.98887392282486
2.56763305068016
-0.741887199878692
8.85371817946434
-1.69711410999298
-3.04133081436157
8.05542789697647
7
5.26873634457588
0.359911745786667
-3.09172981381416
-4.71204510331154
3.63183823823929
3.70350504517555
3.2376139998436
7
1.71418485045433
0.486792665719985
12.3699740707874
-0.625564706325531
-4.9565951704979
-2.99915024638176
0.585070347785952
7
0.134051072597502
-5.56538131833077
-6.7388823390007
2.12209962010384
2.95884699225426
-4.46785925030708
1.21601193547249
7
6.83879638910294
0.416470664739609
-0.0758147299289711
1.58142196536064
-3.49136491417885
1.88301642537117
5.054904037714
2
7
7.60281585454941
-1.26107425093651
-2.11783478260041
-7.92069470882416
2.06233550906181
-2.84006724953651
2.25357703566551
7
3.73635125756264
3.35749474167824
3.69986276626587
-5.21559872627258
-2.96356022953987
0.817208725214005
-0.3694129049778
|Explorer2Genome 30
3
6
8
-1.96966688632965
-2.63943096399307
-6.67586573958397
6.08841279745102
-8.35919034481048
-1.64269286394119
-4.47549575567245
-0.14038491845131
8
0.926542037725449
3.12116966843605
0.815421277284622
-1.26752105951309
-2.13966462612152
-0.861710119247436
3.53709691762924
-0.406545460224152
8
7.03018336892128
4.5743327498436
-0.244887059926986
0.963879406452179
1.2237586081028
0.768633806705475
0.989430266618728
-6.14585272073746
8
9.96494776010513
-5.62009071111679
-0.579066705703734
-6.2562219440937
-7.45146594643593
0.740674537420273
-0.203152644634246
-5.79545814394951
8
-2.54395573139191
1.6629065990448
-2.64194236397743
9.43748351335525
2.56823446154594
-2.43825600147247
-2.09465448260307
-0.637455600500106
8
1.62607629299164
4.97330977320671
4.84328503608704
9.68516758084297
-3.11465653777122
-3.03334649205208
-1.47704790830612
0.655889451503754
6
7
3.62033194899559
1.34538581371307
5.65121718049049
-6.96007298231125
7.28671377897263
6.75692407488824
-7.98913077712058
7
1.14587658643722
1.42803389430046
3.85112889409065
8.37145671248436
-4.54491763114929
-1.03155540823936
6.31613102555275
7
4.29338191747665
0.752712333202362
-2.19599025249481
-5.59868915081024
3.17989814281464
2.86460517644882
0.0893410563468936
7
2.46338167190552
0.899377709627151
11.8688148319721
0.809445726871491
-4.01541389226914
-3.44554712772369
0.239285057783129
7
1.15970947146416
-6.04008573293686
-5.50569454431534
1.94467971920967
2.92798907160759
-3.53313594460487
1.78257299661636
7
1.16874457597733
-1.49157440066338
2.9697468817234
-0.863518857955934
-1.00615404844284
3.83714972734451
4.82242371439934
2
7
7.26583706140519
-3.07472174167633
-2.43079020977021
-8.24588029384613
2.13862599134445
-2.9611219227314
2.10439087152481
7
3.73635125756264
3.35749474167824
4.47422423362732
-4.66519663333893
-2.63481495976448
0.817208725214005
-0.593375909328462
|Explorer2Genome 30
3
6
8
-1.5002126455307
-3.31696019768715
-6.34279192090034
5.77983718514443
-8.53182870745658
-1.19223572611809
-4.17894364595413
0.560107278823852
8
0.241571176052094
1.46175994277
-0.716079103946686
-2.32129598259926
-0.931051141023636
-2.53407600522041
4.3671714246273
-0.101968842744828
8
6.69517866373062
5.97852610349655
-1.67034569978714
1.57544040679932
-0.58992709517479
1.68152014017105
1.09244681596756
-6.06396868824959
8
9.72600730061531
-4.99648612737656
-0.00713448524474941
-6.2562219440937
-7.05893259644508
0.521671438217163
-0.72155977487564
-6.22135531306267
8
-3.62492192387581
1.09086709022522
-3.27556095719337
8.52038117647171
2.86549108028412
-2.19518794417381
-2.93540949225426
-0.252105206251144
8
2.30502464771271
3.92141484618187
5.49039767980576
9.31453763246536
-1.5701550424099
-2.86758876442909
-2.53699581027031
-0.718118071556092
6
7
2.39786397814751
0.894185775518418
3.13788832426071
-7.12203670740127
7.01817625164986
7.54655888080598
-8.68031086325645
7
-0.360411942005161
1.76710845828057
3.67852516770363
7.33676261305809
-3.67540385127067
-1.87036456465721
6.44752307534218
7
4.29338191747665
0.752712333202362
-2.7092045545578
-5.73885939121247
2.62928197383881
2.34731577634811
-0.185331290960312
7
1.93274268507957
0.359370929002761
11.0041147768497
-0.0519559979438781
-5.60685626268387
-3.64200266599655
0.681045007705691
7
0.933582532405852
-8.20659722089768
-6.37133988142013
2.02193520665169
0.702587503194809
-3.65095244050026
3.16442095637321
7
0.0544598042964942
-2.64820072054863
2.85205038785934
-3.0708146750927
-4.05735815167427
2.20141187310219
5.44118510484695
2
7
7.66084081530571
-3.1476895570755
-1.80360312461853
-7.73801819682121
1.70545307993889
-3.20006619095802
2.05525020956993
7
3.28789542317391
3.05072234272957
4.58914093971253
-5.39833641052246
-2.80882292985916
0.912026745080948
0.0846491217613206
|Explorer2Genome 30
3
6
8
-1.5002126455307
-2.98215900063515
-6.84061649441719
5.77983718514443
-8.62925619482994
-0.955598121881487
-4.67783888578415
0.518651556968688
8
1.18340045809746
4.58996656537056
1.00509129166603
-1.44197536706924
-1.81375049948692
-0.800190275907516
1.52085373997688
-0.831238210201264
8
6.24909828305245
4.52879554629326
-0.606095069646835
1.04016600847244
-0.0547080934047701
1.46489707231522
0.595572263002395
-5.06648254990578
8
9.52989462018013
-5.40578113794327
0.0437831401824966
-6.1521352827549
-7.05893259644508
0.259338754415512
-0.735055148601531
-6.22135531306267
8
-3.62492192387581
0.50852861404419
-3.27556095719337
8.36006654500961
2.86549108028412
-2.37963256835938
-2.57807173132896
0.323093444108964
8
2.00844616293907
5.03538116812706
5.17636865377426
8.2602644264698
-1.91680473685265
-1.94726042747497
-1.50122596621513
0.0368129551410673
6
7
2.39786397814751
0.8063567340374
3.11764394044876
-6.81200780272484
7.3064369738102
7.56558725833894
-8.33385629057884
7
4.91058489084244
2.92136606574059
-0.362383663654327
8.85371817946434
-0.806167674064637
-3.63085988163948
8.13012028336525
7
4.29338191747665
0.763774961233139
-2.7092045545578
-5.57038040161133
1.61723995208741
2.34731577634811
0.69250894188881
7
2.4081228017807
1.35987845063209
11.8688148319721
1.71444021463394
-4.20351012945175
-2.85341258049011
0.413339823484423
7
0.933582532405852
-7.90234330892563
-6.37133988142013
1.7413802921772
1.29137601256371
-3.97932963967323
2.84459206461906
7
0.563945621252061
-2.60324918627739
1.86975306272507
-2.58505074381828
-4.05735815167427
3.03909147977829
5.69387580156326
2
7
8.1261078953743
-1.64400613307953
0.459235215187069
-7.82909562587738
2.57929447889328
-4.55884745717049
3.23419209718704
7
5.20550385117531
2.92861186265946
6.00099566578865
-5.03800596594811
-3.14017595052719
0.415854573249817
1.03877790570259
|Explorer2Genome 30
3
6
8
-1.5002126455307
-2.98215900063515
-6.34279192090034
5.77983718514443
-7.94908067584037
-0.70069896578789
-4.03908189535141
0.560107278823852
8
0.641841858625412
3.23180392384529
0.724272662401199
-0.591237676143646
-2.20450677871704
-0.861710119247436
3.53709691762924
0.463913547992706
8
5.64872220158577
6.03274667263031
-0.500739115476608
0.787717658281326
-1.1175912797451
-0.699025636911392
1.4619358420372
-6.68456674814224
8
9.30496083498001
-2.66796091794968
-0.658219122886656
-6.62066709399223
-5.20223177075386
0.105253678560257
-0.190519350767135
-7.95692437887192
8
-3.66980795860291
1.99896090626717
-2.6797329723835
9.08828264474868
2.63435824513435
-2.29773063659668
-2.31919384002686
-0.40535060763359
8
2.00844616293907
3.75132324099541
5.21452928185463
9.31453763246536
-1.5701550424099
-2.89860783219337
-2.53699581027031
-0.718118071556092
6
7
3.38765839934349
0.841811531782151
4.64867665171623
-6.75235003829002
7.22289374470712
7.0791859805584
-8.3480547606945
7
0.363924610614773
1.70207604765892
3.67852516770363
7.68862237334251
-4.00002672672272
-1.87036456465721
6.54924338459968
7
5.04349296092987
1.02998719215393
-3.44578691124916
-3.56312709450722
3.98823586702347
3.34418430924415
2.88212662339211
7
1.67329596877098
-0.520255637168885
11.6504713058472
1.25118067860603
-2.17408720254898
-3.57314369082451
2.26936857700348
7
-0.452345049381258
-6.23192148804665
-7.07553926706314
2.45976276993751
2.47281963229179
-4.57699483036995
1.21649852395058
7
5.83279813528061
-1.06700800061226
0.434517234563827
1.25136901140213
-3.47432230114937
1.56225970387459
5.49652345776558
2
7
10.0388797640801
-1.41377918720245
-0.206224292516712
-9.13089461326599
1.58589159250259
-5.63817029595375
3.69303823709488
7
5.0123672246933
5.8233992099762
4.29308530688286
-7.10628101229668
-1.2917568564415
-2.7240319788456
0.636674398183821
|Explorer2Genome 30
3
6
8
-1.5002126455307
-2.48909745812416
-6.84854117035866
5.26598351597786
-9.11248025298118
-1.1137056350708
-5.0381960272789
0.518651556968688
8
0.241571176052094
1.26800946593285
-0.716079103946686
-1.84653282761574
-1.35059440732002
-1.99293211102486
4.9568897664547
0.0827583253383631
8
6.31547980904579
6.60131690502167
-0.278331363201141
0.312145262956619
-1.16263973116875
-0.151675897836685
1.73097926974296
-6.68456674814224
8
9.55899978876114
-5.14047018289566
-0.00713448524474941
-6.2562219440937
-6.57478027939796
-0.107437163591385
-0.72155977487564
-5.71187539696693
8
-4.08497305512428
1.66275480389595
-2.60173154473305
9.08828264474868
3.25589237809181
-2.3367057800293
-1.98304467201233
-0.987807977199554
8
1.12917926311493
5.92495345473289
4.89755647778511
8.41144180893898
-2.68430312871933
-1.84752143025398
-2.05770610570907
0.433937531709671
6
7
3.04262503981591
2.11541311740875
4.93725330233574
-6.48272725343704
7.18538981080056
7.82366663813592
-7.7407855451107
7
0.22483247518539
2.2091216981411
4.33020681142807
8.13718399405479
-3.94854125976562
-1.45918006300926
6.13354726433754
7
4.83218408226967
-0.400696802139282
-2.33948800563812
-3.795524340868
3.45287368893624
3.46534433960914
1.9503104031086
7
1.67329596877098
-0.976629406213761
11.6504713058472
0.653805094957352
-3.04573832750321
-3.57314369082451
2.26936857700348
7
-0.328766399621965
-6.3831808924675
-6.37040475606918
2.45976276993751
2.65827907919884
-4.55447772145271
1.21649852395058
7
0.563945621252061
-2.17726761698723
1.83746289610863
-2.58505074381828
-3.60507405400276
2.69375923275947
5.46278961896896
2
7
8.95335143804551
-1.7525162935257
-0.206224292516712
-8.88417689204216
1.58589159250259
-5.77903011441231
3.44266775846481
7
3.73635125756264
2.90659602284432
4.1127525806427
-5.21559872627258
-2.18402932286262
1.05459893941879
-0.255301558971406
|Explorer2Genome 30
3
6
8
-2.25734480023384
-1.27006632685661
-7.31913359761238
8.04950662851334
-7.57949249744415
-2.03261730074883
-4.77998425364494
-1.45788459181786
8
1.4599647462368
4.628643232584
1.51583853363991
-1.74284585118294
-2.11778039336204
-0.946553772687911
1.81898992657661
-0.495659404993058
8
7.07210241556168
4.98271285891533
-1.11195239424705
1.04016600847244
0.320723778009414
1.1548457801342
0.606682831048964
-5.27691064476967
8
9.14524090290069
-5.98902963399887
0.242620658874513
-6.76183829903603
-6.58892911076546
-0.232264810800552
-0.735055148601531
-6.22135531306267
8
-3.22239745259285
1.25746953487396
-3.44270520806313
8.94804788827896
3.11646358966827
-1.67904965877533
-3.2031468629837
-2.57150970697403
8
1.83071775436401
4.25838131904602
5.5458718419075
7.93950927853584
-1.45009071230888
-3.46035645604133
-0.460141450166701
0.0280477821826933
6
7
3.23907245993615
0.641952985525132
4.59104157686233
-6.75235003829002
7.01860195398332
6.40793663859368
-8.42625016570091
7
4.39938696622848
2.55102452635765
-0.931996595859527
8.45144698023796
-0.34594869017601
-3.09421625137329
7.23337584137916
7
4.29338191747665
0.480369108915329
-3.01407630443573
-5.10816569328308
2.12703461647034
2.34731577634811
1.10802651643753
7
1.82856547236442
0.359370929002761
11.0041147768497
-0.392529755830765
-5.60685626268387
-3.64200266599655
0.719493651390078
7
-0.67756270170212
-5.62177301049233
-6.45130997896194
2.4884658396244
2.95884699225426
-4.64792203903198
1.80411751866341
7
1.34981426596642
-1.3449423968792
2.9697468817234
-0.863518857955934
-1.00615404844284
3.83714972734451
4.53111035227775
2
7
8.1261078953743
-2.07662642002106
0.0361841917037928
-7.96606652736664
2.57929447889328
-4.63164718747139
3.02275350689888
7
4.74592351913452
5.57488076090813
3.62197365164757
-7.57021963000297
-0.816886717081069
-1.84551847577095
0.359211695194243
|Explorer2Genome 30
3
6
8
-1.71661148071289
-1.42423723340034
-7.3846248626709
5.97231506109238
-8.64709304571151
-2.26024917364121
-4.45860077142715
0.583115464448928
8
0.0212895035743717
1.26691054701805
-1.48068346381187
-2.74311846494675
-1.07370861172676
-1.87413399815559
6.14968487024307
0.115138810873031
8
6.02583571076393
4.42100137472153
-1.39008044600487
0.638688170909882
0.320723778009414
0.955096757411957
0.245357304811477
-4.75611704587936
8
9.30724673867226
-1.84976793527603
0.475954246520998
-5.71827912330627
-5.76316788196564
0.0374666035175324
0.529868346452714
-6.9205172419548
8
-2.47887309193611
1.10086507797241
-1.9495296061039
9.34794250726699
3.02340050339699
-3.08686129450798
-3.51107783317566
-0.845871466398239
8
2.00844616293907
3.92141484618187
4.75094428658486
9.19347680807113
-1.5701550424099
-2.00958800911903
-2.03966175913811
-0.57783145904541
6
7
2.35057942271233
1.78039357066155
3.77665448784828
-7.85677627921104
7.08174832463265
7.73696918487549
-9.17078740000724
7
-0.196754634380344
1.49939667582512
3.60629054307938
9.38045372962951
-3.7903447329998
0.154310637712479
4.86463500261307
7
4.62512952685356
-1.08299641609192
-3.63807175755501
-3.95215955376625
4.21372397542
3.26869609355926
2.73475998044014
7
1.67329596877098
-0.677303248643876
11.6504713058472
0.653805094957352
-2.48699012994766
-3.57314369082451
2.26936857700348
7
0.588290268182753
-6.82289842963219
-5.97268011569976
4.42636991739273
1.23240475058556
-4.39176970124245
2.13528543114662
7
4.82633108496666
-1.24004263281822
2.23048338890076
1.66783617734909
-4.80680996179581
1.37282484769821
6.1520434319973
2
7
8.63461831808091
-1.7525162935257
-0.206224292516712
-9.13089461326599
2.17667537927628
-5.63817029595375
3.66491945981979
7
5.0123672246933
5.77565839290619
4.29308530688286
-7.61203963160515
-1.09008198976517
-1.89501583576202
0.657058686017989
|Explorer2Genome 30
3
6
8
-2.43829212784767
-1.74020864367485
-6.69085193872451
7.78356474637985
-7.55709512233734
-1.6148553788662
-3.26017646193504
-0.316254252195359
8
1.18340045809746
4.58996656537056
1.51583853363991
-1.44197536706924
-1.62931250929832
-0.930185502767562
2.3790637075901
-0.831238210201264
8
6.24909828305245
4.68939608335495
-0.338926023244857
0.900937116146088
1.08062161207199
-0.069300305843353
1.18930225968361
-5.70775586366653
8
9.73204588294029
-1.80659313201904
-3.34185752272606
-6.10374143719673
-5.6013302385807
0.137249374389649
-1.60839522480965
-5.91187774538994
8
-3.7393126308918
1.58654530644417
-2.6797329723835
8.67370325326919
2.91593738794327
-2.01515512466431
-2.06194512248039
-0.770802730321883
8
1.78979647159576
3.49599460959434
4.92270057797432
8.95039687752723
-2.59204606413841
-2.05946601033211
-2.16703503727913
0.255585867166519
6
7
3.51165999770165
0.625316691398621
5.06331755518913
-6.75235003829002
7.68657086491586
6.97845894694329
-7.98236588835716
7
4.71535133123398
2.88000524044037
-0.362383663654327
9.32722977995872
-1.53712863922119
-3.31965532898903
8.1224887907505
7
4.69241903424263
0.719553059339523
-3.28676653504372
-4.71204510331154
3.66666139364243
3.70350504517555
3.2376139998436
7
1.71418485045433
0.617592269182205
11.8518451035023
-1.21307619810104
-4.9565951704979
-3.39410201907158
0.585070347785952
7
-1.19418784379959
-6.11016089320183
-5.74905506968498
-0.290282779932023
1.97805123925209
-0.714535224437714
1.53010186553001
7
4.82633108496666
-1.05060893893242
2.23048338890076
1.90913454890251
-4.80680996179581
1.37282484769821
6.59186119437218
2
7
7.60281585454941
-1.26107425093651
-2.11783478260041
-8.06763734817505
2.06233550906181
-2.84006724953651
2.25357703566551
7
5.00670674443245
6.04336704611778
4.29308530688286
-6.87422186732292
-0.953031855821609
-1.23563916683197
0.725695484876631
|Explorer2Genome 30
3
6
8
-1.15937304496765
-2.39994667768478
-6.64636821746826
6.75939484834671
-8.7209451675415
-2.34629572629929
-4.87427645325661
-0.721053737401963
8
0.566256582736969
1.46036819815636
-1.1674232840538
-2.32129598259926
-1.33157311081886
-1.70514209866524
4.55629914999008
0.0719696938991541
8
7.27806802988052
5.94622021913528
-1.67034569978714
1.043421459198
-0.58992709517479
1.09854537248611
0.757831299304961
-6.25458854436874
8
9.14524090290069
-5.5005504488945
1.13422884941101
-7.14253645539284
-6.65013204216957
-0.232264810800552
-0.735055148601531
-6.22135531306267
8
-3.14162197709084
1.58654530644417
-3.79623373150825
9.36742720007896
3.02479323148727
-2.64403142929077
-2.50291149616241
-0.624040478467941
8
2.00844616293907
3.92141484618187
5.01899595856667
8.60950384736061
-1.5701550424099
-1.65965344905853
-1.29525564908981
-0.515300869941712
6
7
3.23907245993615
0.641952985525132
4.86131790876389
-6.75235003829002
6.81470144391061
6.40793663859368
-8.42625016570091
7
1.04023951888084
0.866409510374071
3.98329125642776
7.68015667796135
-3.95754203796387
-0.899097055196761
5.5902112364769
7
4.29338191747665
0.752712333202362
-2.17296001911163
-5.86521883010864
2.62928197383881
2.34731577634811
-0.185331290960312
7
1.82856547236442
0.359370929002761
11.0041147768497
-0.585823595523834
-5.60685626268387
-3.64200266599655
0.719493651390078
7
-0.151028120517732
-5.53995454907417
-6.0279160618782
1.83728478550911
2.95884699225426
-4.93981888890266
1.80411751866341
7
1.34981426596642
-1.43809215426445
2.9697468817234
-0.863518857955934
-1.38756073713303
3.83714972734451
4.76478361487388
2
7
7.50701678991318
-2.78473591208458
-1.00715413093567
-7.94569997787476
1.72227818369865
-2.9611219227314
1.79799534082413
7
3.28789542317391
3.53114975094795
5.36461362838745
-5.72404284477234
-2.80882292985916
0.912026745080948
0.0846491217613206
|Explorer2Genome 30
3
6
8
-1.91411225795746
-2.0323176920414
-7.42198719382286
6.49127417206764
-8.33323067426681
-2.85072776079178
-5.0302981197834
1.11350827813148
8
0.566256582736969
1.46036819815636
-1.1674232840538
-2.32129598259926
-1.41237304806709
-1.70514209866524
4.69441052675247
0.440169757604598
8
6.24909828305245
4.84852129817009
-0.834154719114303
2.23918980956078
0.573081576824188
1.15549709200859
0.595572263002395
-5.06648254990578
8
9.46332542896271
-3.84890764951706
0.840832215547563
-6.63559272885322
-5.71873492598534
-0.494134384393692
-0.678896272182464
-6.22135531306267
8
-3.14162197709084
1.07244201302528
-3.20014296174049
9.00373238921165
3.02479323148727
-2.44928567409515
-2.8472900390625
-0.285553354024886
8
1.61780351996422
3.65466601252556
5.55175254940987
9.56402779221534
-1.18931514024735
-2.76485837101936
-1.56341802477836
-0.60576605796814
6
7
3.28399495482445
1.24141897559166
5.15700484514236
-7.14117621779442
6.79902060627938
7.26108753085137
-8.94885248541831
7
1.07143833041191
0.866409510374071
3.96892470121384
7.68015667796135
-3.76768562793732
-1.01395618319511
5.5902112364769
7
4.49454814791679
0.891150653362274
-2.7092045545578
-5.59868915081024
2.62928197383881
2.42426849603653
-0.185331290960312
7
1.536671179533
0.399054604768752
11.2977922737598
-0.308969056606293
-4.99114245176315
-3.90796090960503
0.0496894836425808
7
0.99347161054611
-5.53995454907417
-5.70004326105117
1.90374699234962
2.95884699225426
-4.93981888890266
1.80411751866341
7
6.18096259832382
-1.06700800061226
0.434517234563827
1.25136901140213
-3.86730569005013
1.56225970387459
5.49652345776558
2
7
7.49912616014481
-2.57959749102592
-1.00715413093567
-7.94569997787476
1.54893382787704
-2.9611219227314
1.79799534082413
7
4.61951916217804
4.605851572752
3.93247532248497
-7.3318554341793
-0.580071336030959
-1.97156420350075
1.53692203760147
|Explorer2Genome 30
3
6
8
-3.59634638428688
-2.67115947604179
-6.321437728405
8.24916835427284
-7.41069350242615
-2.47552489638329
-4.53585802912712
-1.0499628007412
8
1.63844987750053
4.4087410569191
1.51583853363991
-2.00647436380386
-2.23695766329765
-1.31961757540703
1.79910145401955
-0.175182062387467
8
5.82340603470802
4.75069228410721
-1.67627865672111
1.12012029886246
-0.328124898672104
0.746411669254303
1.78640354275703
-6.07639065980911
8
9.96494776010513
-5.62009071111679
-0.579066705703734
-6.2562219440937
-7.45146594643593
0.259338754415512
-0.203152644634246
-6.22135531306267
8
-2.54395573139191
2.00095434188843
-2.64194236397743
9.43748351335525
2.00648576617241
-2.43825600147247
-2.21662182211876
-0.637455600500106
8
1.83071775436401
4.46375758051872
5.95373140573502
8.48766446709632
-1.9020532310009
-2.55711677670479
-0.983039170503615
0.0631689131259917
6
7
3.38765839934349
0.841811531782151
4.64867665171623
-6.75235003829002
7.22289374470712
6.5110547721386
-8.3480547606945
7
1.48934416174888
0.522669547796252
4.43411988019943
7.27566968798637
-3.76768562793732
-1.57380238771439
5.44056755900383
7
4.29338191747665
0.752712333202362
-3.27976849079132
-5.59868915081024
3.17989814281464
2.86460517644882
-0.185331290960312
7
2.54754016399383
0.899377709627151
11.8688148319721
1.22760754823685
-4.01541389226914
-3.44554712772369
0.239285057783129
7
0.588290268182753
-5.95180513262749
-6.53555040359497
3.76606377363205
1.25791298747063
-4.11626313328743
1.54342804551125
7
1.16874457597733
-1.15090381503105
2.42863245606422
-0.863518857955934
-1.00615404844284
3.83714972734451
4.82242371439934
2
7
7.51777534484864
-2.75438614487648
-1.64394863843918
-6.39277044534683
2.35561961531639
-3.15736563801765
3.17734811306
7
5.0123672246933
5.77565839290619
4.29308530688286
-7.10628101229668
-1.2917568564415
-2.7240319788456
0.636674398183821
|Explorer2Genome 30
3
6
8
-1.5002126455307
-2.98215900063515
-6.34279192090034
5.77983718514443
-8.01929919123649
-0.70069896578789
-4.17894364595413
0.560107278823852
8
0.241571176052094
1.9875250518322
-0.613277041912079
-2.32129598259926
-1.35059440732002
-1.99293211102486
4.02894887328148
0.0827583253383631
8
5.67681737542153
6.03274667263031
-0.428278917074203
0.787717658281326
-1.1175912797451
-0.151675897836685
1.4619358420372
-6.68456674814224
8
9.37183182835579
-2.77357965707779
-0.152986663579939
-6.79587390422821
-5.17276566624641
0.378370290994644
0.725364476442338
-7.08577951192856
8
-3.66980795860291
1.99896090626717
-2.6797329723835
9.08828264474868
2.63435824513435
-2.29773063659668
-2.31919384002686
-0.723404449224471
8
2.00844616293907
3.92141484618187
5.21452928185463
9.59824694991111
-1.5701550424099
-2.33348484635353
-2.53699581027031
-0.718118071556092
6
7
2.65305113196373
1.57386739253998
5.23856924772262
-6.41401333212852
6.79902060627938
7.57711727023125
-8.42625016570091
7
0.264772713184353
2.88421654105187
3.65475228428841
7.86738459467888
-3.71753756403923
-1.36280371546745
6.86146041750908
7
3.82133734226227
0.0847818851470946
-2.39493861794472
-3.90222333073616
4.28742542862893
3.43760085701942
2.39999325871468
7
1.67329596877098
-0.520255637168885
11.6504713058472
1.25118067860603
-2.17408720254898
-3.05781423449516
2.26936857700348
7
-0.452345049381258
-6.23192148804665
-7.23462365865707
2.45976276993751
2.65827907919884
-3.990761500597
1.7368324816227
7
-0.0300797760486596
-2.83783291578293
2.00510276556015
-2.90561779737473
-5.59007824063301
2.4729848921299
6.03759523630142
2
7
9.46974705457688
-2.33721554279327
-0.206224292516712
-9.13089461326599
1.58589159250259
-5.63817029595375
3.5743831038475
7
4.88332162499428
2.78892856836319
5.60188310742378
-5.23845754861832
-3.14017595052719
0.171506690979004
0.971416980028151
|Explorer2Genome 30
3
6
8
-2.35424321293831
-1.88228825926781
-6.99222322702408
8.09436625242233
-7.93337428569793
-2.03330780863762
-3.28982130885124
-0.00577854514122045
8
-0.142082130908966
0.662410801649094
-1.26489540338516
-2.18133724331856
-1.19796464443207
-1.79600282311439
4.69441052675247
0.982377237081527
8
6.24909828305245
4.68939608335495
-0.0606276154518123
1.04016600847244
0.320723778009414
0.469380247592926
0.913799268007278
-5.30975474119186
8
9.46332542896271
-4.67979592084885
0.546644687652589
-6.76183829903603
-6.65013204216957
-0.232264810800552
-0.735055148601531
-6.22135531306267
8
-3.7393126308918
1.58654530644417
-2.592261916399
8.93284384012222
2.67169359326363
-2.01515512466431
-2.06194512248039
-0.888167399168014
8
2.00844616293907
4.94079403281212
5.36594239473343
9.01291809678077
-1.94748663306236
-2.0334558069706
-2.07155515551567
-0.602590322494507
6
7
2.62704443335533
1.29647612571716
4.45485023260117
-6.75235003829002
6.86203542351724
7.57711727023125
-8.42625016570091
7
4.9291367650032
2.92136606574059
-0.455507600307464
8.85371817946434
-1.69711410999298
-3.04133081436157
8.03232334852218
7
3.53504028320312
-0.317956733703613
-2.39493861794472
-3.90222333073616
4.46378040313721
3.67709320783615
2.38459065556526
7
1.71418485045433
0.140758663415908
11.8518451035023
-0.955538070201874
-4.9565951704979
-3.8602138698101
0.579987525939944
7
0.501701247692106
-5.59056854844093
-6.38046168088913
1.84938741326332
2.95884699225426
-4.46785925030708
1.21601193547249
7
0.00053030848503182
-3.37079628705978
2.51241012811661
-2.61307188868523
-5.0349536716938
2.78291550278664
5.72237602472305
2
7
7.98875218629837
-2.25858013033867
-1.66962821483612
-7.54574770927429
-0.331659972667694
-2.59679661393166
1.90765155553818
7
3.42694900631905
3.08409336805344
4.88097515106201
-5.4570220708847
-2.70873547792435
1.25959253907204
0.616526305675505
|Explorer2Genome 30
3
6
8
-2.25734480023384
-0.916062659025192
-7.63037212491035
7.71317421197891
-7.57949249744415
-2.03261730074883
-4.77998425364494
-1.45788459181786
8
-0.0631945013999936
1.51710741519928
-1.71761337518692
-3.21576195955276
-1.06911647319794
-2.34210723042488
4.89567639231682
-0.0438063204288488
8
7.07210241556168
4.98271285891533
-1.11195239424705
1.04016600847244
0.320723778009414
1.1548457801342
1.15008850693703
-5.27691064476967
8
9.9964512348175
-3.87370272278786
-0.0436411559581741
-6.29710946679115
-6.10648600459099
-1.41395583748817
-0.678896272182464
-6.06248685717583
8
-2.74636707901955
1.10086507797241
-2.09176049828529
9.34794250726699
3.04250298142433
-2.58701805472374
-3.51107783317566
-0.845871466398239
8
1.83071775436401
3.97909957766533
5.5458718419075
7.93950927853584
-1.45009071230888
-3.46035645604133
-0.460141450166701
0.0280477821826933
6
7
3.04262503981591
1.57386739253998
4.45485023260117
-6.75235003829002
6.79902060627938
7.57711727023125
-8.42625016570091
7
4.91469103097915
3.00225696563721
-0.362383663654327
9.32722977995872
-1.53712863922119
-3.86773155331612
8.1224887907505
7
4.29338191747665
0.480369108915329
-3.01407630443573
-5.10816569328308
2.12703461647034
2.34731577634811
0.822553807497025
7
1.89264771938324
0.460116773843765
11.3456837236881
1.61250668764114
-3.74081004858017
-3.34678947925568
0.58096544146538
7
-0.174600589275362
-5.62177301049233
-6.45130997896194
2.09951019883156
2.52637805342674
-4.64792203903198
1.80411751866341
7
4.2716894030571
-1.02070398926735
1.41047778725624
1.00555526614189
-3.39499071240425
2.43079510331154
4.00525658726692
2
7
7.98875218629837
-2.40633413791657
-1.14376962184906
-7.93617634773254
-0.0382866024971009
-2.59679661393166
2.10439087152481
7
4.74592351913452
6.04336704611778
4.29308530688286
-6.87422186732292
-0.953031855821609
-1.23563916683197
0.725695484876631
|Explorer2Genome 30
3
6
8
-1.48820371627807
-2.94676870107651
-6.32870454788208
6.75939484834671
-8.26028456687927
-1.53024121522904
-4.87427645325661
0.281353002786636
8
0.0212895035743717
1.01245796084404
-1.48068346381187
-2.75352786779404
-1.07370861172676
-1.87413399815559
6.14968487024307
0.115138810873031
8
5.67482531666756
6.05170645713806
-0.150591534376144
0.511367803812027
-1.56098460555077
1.26404337286949
1.4619358420372
-6.68456674814224
8
9.72600730061531
-5.14047018289566
-0.374075269699095
-6.2562219440937
-7.05893259644508
0.292804926633835
-0.571208816766738
-6.18782848715782
8
-2.47887309193611
1.10086507797241
-2.46440415978432
9.34794250726699
3.02340050339699
-3.11232504248619
-3.51107783317566
-0.845871466398239
8
1.83071775436401
3.61619669795036
5.2989585518837
7.823005849123
-1.45057465434074
-2.89730942845344
-1.50989381074905
0.711100059747696
6
7
2.39786397814751
0.8063567340374
3.13788832426071
-7.40197548270225
7.3064369738102
7.56558725833894
-8.33385629057884
7
0.22483247518539
1.98047596812248
3.86987193822861
8.13718399405479
-4.49269380569458
-1.45918006300926
6.44752307534218
7
4.5811617910862
1.066899985075
-3.09172981381416
-4.71204510331154
3.87693504691125
4.08443637490272
3.2376139998436
7
2.28953061103821
1.35987845063209
11.8688148319721
1.30014621019363
-3.65986555814743
-2.97713165283203
0.865582507848742
7
0.588290268182753
-6.82289842963219
-5.97268011569976
4.28524931669235
1.50770503878593
-4.39176970124245
2.15358346104622
7
4.82633108496666
-1.24004263281822
2.23048338890076
1.66783617734909
-4.59515178799629
1.37282484769821
6.59186119437218
2
7
7.60281585454941
-1.85282291769981
-2.11783478260041
-7.92069470882416
2.06233550906181
-2.77819562554359
2.25357703566551
7
3.14643250107766
2.91425848603249
4.37479782104492
-6.02552120685577
-2.65332118272781
1.25959253907204
-0.440935814380647
|Explorer2Genome 30
3
6
8
-1.18063151836395
-2.39994667768478
-6.64636821746826
6.75939484834671
-9.23283081054687
-1.89396270513535
-4.87427645325661
-0.721053737401963
8
0.226639354228974
1.34539169669151
-2.0169223845005
-2.78187538385391
-0.650240612030029
-1.93309147357941
4.72631778120994
0.146578806638717
8
6.07626903653145
5.50009998083115
-1.69127306342125
1.54582048654556
-0.361556380987168
1.1518817782402
0.766419392824172
-5.57921854257583
8
9.21124718785286
-2.82140138745308
-0.448231410980223
-6.21091938018799
-5.74798965454101
0.155125313997269
-0.175632232427596
-7.02177835702896
8
-3.14162197709084
1.58654530644417
-3.23574402928352
9.68568281531334
3.02479323148727
-3.15457468032837
-2.50291149616241
-0.770802730321883
8
1.57767264842987
4.15021832585335
4.60217924714089
7.71047586202621
-1.35680065751076
-2.29305176138878
-0.87430132627487
-0.940098494291306
6
7
3.04262503981591
1.10737168192864
4.74974430799484
-6.75235003829002
6.79902060627938
8.06518682837487
-8.32670460939407
7
-0.319552260637287
2.16347026824951
3.22981227040291
8.51396217346191
-3.96097013354301
0.029176628589631
4.18078423142433
7
5.57964200973511
0.806033056974411
-3.44578691124916
-3.08836508393288
3.40577722787858
3.35239678621292
2.37591961026192
7
1.42855784296989
0.792360430955886
11.2977922737598
-0.374849188327789
-5.37699803113938
-4.39727308154106
0.474293094873431
7
-0.0728026747703569
-5.96668584942818
-6.98412572145462
1.46270027756691
2.95884699225426
-5.4695495903492
1.54327612519264
7
1.16874457597733
-1.0400926053524
2.03249993920326
-0.972270953655244
-1.29489670991898
3.9782079398632
4.76371659636497
2
7
7.30203129053116
-3.77110896110535
-1.16983046531678
-7.86068303585053
1.54893382787704
-3.11591935753822
1.31272264719009
7
4.32752013802529
2.76869725584984
6.19774276018143
-5.56705558300018
-3.14017595052719
0.415854573249817
0.13554566502571
|Explorer2Genome 30
3
6
8
-3.59634638428688
-2.67115947604179
-6.68346370458603
7.96290562748909
-7.41069350242615
-2.87992576956749
-4.73098708987236
-1.0499628007412
8
1.5113472878933
4.2187448322773
1.78883117437363
-2.00647436380386
-2.23695766329765
-1.70108434557915
1.42904186844826
-0.175182062387467
8
6.40922757387161
4.5655025601387
-1.72031945586204
1.41531842947006
0.320723778009414
0.818253028392792
1.17389693856239
-5.23388727903366
8
9.95962100028992
-5.15652631521225
0.0866364002227799
-6.29710946679115
-6.65120803713798
-0.188570338487625
-1.68685668706894
-6.20594090819359
8
-2.78729519248009
2.08422491550446
-3.12593126296997
8.41278103590011
2.1209687769413
-3.12911458015442
-2.14510053992271
-1.57853545546532
8
1.80674374103546
4.1364554643631
4.68812580704689
9.68444474339485
-2.13205401301384
-2.33348484635353
-2.48412360548973
-0.16492977142334
6
7
1.37542020678521
0.337960070371628
5.41825262904167
-7.27607731223106
8.19671078324319
6.66066157817841
-8.72088596224784
7
-0.196754634380344
1.25954875349999
3.68932121992111
9.28519253730774
-3.8279743373394
0.11677344441414
3.95284352898598
7
5.36850981712341
0.307247251272202
-2.56544128060341
-4.9889899790287
3.34951678514481
3.55629854798317
2.52643731236458
7
1.02754964232445
0.359370929002761
10.8430010616779
0.286517536640167
-5.33898413777352
-3.19862684607506
0.305346560478213
7
1.73441917300224
-6.3831808924675
-5.82721036672592
1.74144702553749
2.68498544096947
-3.9240280687809
1.85232824087143
7
1.26739865541458
-0.828888744115829
3.22670844197273
-0.606267189979555
-0.384322154521941
3.08541215658188
5.33311201930046
2
7
7.50701678991318
-2.96545185446739
-2.09766206741333
-7.94569997787476
1.54893382787704
-2.9611219227314
1.79799534082413
7
4.73984647393227
2.43498040437699
5.60188310742378
-4.93928779959679
-2.7622018456459
0.627733474969864
0.187972193956374
|Explorer2Genome 30
3
6
8
-1.97382724285126
-1.8399523973465
-6.34279192090034
5.77983718514443
-8.98380038142204
-1.54873881936074
-3.7950816988945
1.22710449695587
8
0.621496498584748
0.798888891935349
-1.71625317335129
-2.13929173946381
-1.67456985116005
-1.79600282311439
4.93895294070244
0.560040253400802
8
6.2911718249321
5.21089565753937
-2.72309133410454
1.7095305621624
0.176135188341141
1.04983929991722
0.726630359888076
-5.06666181087494
8
8.98146035671234
-4.67979592084885
-0.376325678825377
-5.83698287606239
-6.90763857364654
-0.0721385240554808
-1.17225807905197
-5.99677604436874
8
-3.62492192387581
1.09086709022522
-3.27556095719337
8.52038117647171
3.45421965122223
-3.26825363636017
-2.19358672499657
-0.845312136411666
8
2.14212508201599
4.04735414385796
4.98445874452591
9.68516758084297
-2.57073702216148
-3.03334649205208
-1.70712352395058
0.655889451503754
6
7
2.22915472984314
0.679336541891098
3.11764394044876
-5.75789250731468
7.70111194252969
6.95672073364258
-8.82868322730064
7
1.53157316446304
1.94294850230217
3.45969997048378
8.47110406756401
-3.17123579978943
-0.618303102254866
5.88415797352791
7
4.57349956035614
0.444922250509262
-3.33856494426727
-4.23416114449501
3.34666259288788
3.40211694836616
2.19997263550758
7
1.89264771938324
0.460116773843765
11.1935776531696
2.18811982870102
-3.20879682302475
-3.13161473274231
0.466770839691165
7
-0.466650754213335
-6.49719131588936
-5.96429111361503
-0.290282779932023
2.43410187363625
-0.793980538845063
1.38153802752495
7
5.9288970887661
-0.647177183628082
2.24200479984283
1.12111185789108
-4.78322747945786
2.05156999826431
6.98889117836952
2
7
7.49060751795769
-2.41100853085518
-1.24567863345147
-5.5993817448616
-0.604842978715897
-3.08498924970627
1.93459759950638
7
4.74592351913452
6.04336704611778
4.84024578928948
-6.71704858541489
-0.953031855821609
-1.54723832607269
0.542635095119475
|Explorer2Genome 30
3
6
8
-3.39834235310554
-2.30100075602531
-5.8646623969078
8.24916835427284
-8.00950489044189
-1.97195710539818
-4.71608087420463
-0.892546474933624
8
-0.488962137699127
0.477068799734116
-0.142816793918609
-2.93949773907661
-2.2879956305027
-2.30695949196815
4.01581522226333
0.557630985975265
8
6.0557866871357
4.09203079938889
-0.576337784528732
1.04016600847244
-0.181645673513413
0.469380247592926
0.595572263002395
-5.71527928113937
8
9.57543287873268
-2.77357965707779
-0.498050403594969
-7.14734170436859
-5.0317429125309
0.329066854715347
0.160354214906693
-6.64293693304062
8
-3.63414235711098
2.01128883957863
-2.13137872815132
9.11911224126816
3.85526795983314
-2.08804669380188
-2.68279259204865
-1.64184324145317
8
2.00844616293907
4.65599586367607
5.01899595856667
8.9543103814125
-1.37721854448318
-2.3022472679615
-1.57534677386284
-1.05018899440765
6
7
4.16354414820671
1.13785595297813
5.54634464979172
-7.04417167901993
7.28671377897263
7.07311746478081
-7.16440602540969
7
2.1388544678688
3.33691677451134
3.9981868326664
7.63248466849327
-3.95880669951439
-1.1399545609951
6.54936376214027
7
5.33625417947769
0.24504988193512
-3.84342768788338
-6.35495933294296
3.44090080857277
3.93549246788025
2.40870401859284
7
1.27133261561394
0.359370929002761
11.2534882605076
-0.308969056606293
-5.68129008412361
-3.43441311717033
0.229349708557132
7
0.187304526567457
-6.45115947723389
-6.03949179649353
0.34938975572586
3.41996846795082
-2.06715517044067
1.48100440502167
7
1.16709133386612
-1.4960097014904
3.22670844197273
-1.14664397239685
-0.694275653362273
3.33922129869461
5.3434300839901
2
7
7.50701678991318
-3.53011219501495
-1.51876440048218
-7.94569997787476
1.54893382787704
-3.08483906388283
2.10439087152481
7
3.73635125756264
3.48811810612679
4.28231689929962
-5.06776988506317
-2.63481495976448
0.817208725214005
-0.593375909328462
|Explorer2Genome 30
3
6
8
-1.61137883663177
-1.42423723340034
-7.3846248626709
6.39842566251755
-8.84438230395317
-2.26024917364121
-4.41373978853226
1.02321045994759
8
0.577736580371857
0.475552314519883
-0.58813065290451
-2.18133724331856
-1.7167008638382
-1.79600282311439
4.69441052675247
0.993457406759262
8
6.60773802399635
4.09203079938889
-0.576337784528732
1.04016600847244
0.320723778009414
0.469380247592926
0.145187455415725
-5.14661399126053
8
9.30724673867226
-2.32458251714707
0.475954246520998
-5.50415880680084
-5.24448029994965
0.0374666035175324
0.529868346452714
-6.9205172419548
8
-3.22239745259285
1.25746953487396
-3.79004426598549
8.94804788827896
3.11646358966827
-1.67904965877533
-3.71749842166901
-2.0956316113472
8
1.78979647159576
3.49599460959434
4.92270057797432
8.95039687752723
-2.59204606413841
-2.05946601033211
-2.16703503727913
0.255585867166519
6
7
3.34492129683495
0.450325530767441
4.28092208504677
-7.17357764244079
6.57262406945229
8.13901901245118
-7.91128942370414
7
1.70214148759842
1.62716044783592
3.9981868326664
8.58925465941429
-3.8802807033062
-1.95414518713951
6.76723230481148
7
3.6237184047699
-0.317956733703613
-2.39493861794472
-3.4133098423481
4.08224346637726
3.43760085701942
1.90090668797493
7
2.52345907688141
0.210125416517257
10.9501901447773
0.8120097219944
-2.42060245275498
-3.27980281114578
1.60161499381066
7
-0.619431507587434
-6.27823767662049
-5.74905506968498
-0.290282779932023
2.02628729939461
-0.841758978366852
1.53010186553001
7
-0.0628668129444115
-3.37079628705978
2.01673032045364
-3.18470842242241
-5.0349536716938
2.78291550278664
6.03759523630142
2
7
8.1261078953743
-2.61713044643402
0.402964472770687
-7.96606652736664
2.46334587335587
-4.63164718747139
3.02275350689888
7
4.74592351913452
5.57488076090813
4.21292337775231
-7.57021963000297
-1.36970766186714
-2.28520391583443
0.359211695194243
|Explorer2Genome 30
3
6
8
-2.34057440757751
-1.95533026456833
-6.41260207891464
7.90923920273781
-7.62434675693512
-2.63569962382317
-5.66587626338005
-0.122517919540406
8
0.932754892110825
2.15822051167488
0.302379351854324
-0.591237676143646
-2.64817161560058
-0.861710119247436
3.53709691762924
0.199063861370086
8
6.40922757387161
4.5655025601387
-1.18206363916397
1.02009328603745
0.320723778009414
0.818253028392792
0.625517016649245
-5.23388727903366
8
9.30496083498001
-2.66796091794968
-0.658219122886656
-6.62066709399223
-4.60655263066292
0.105253678560257
-0.190519350767135
-7.95692437887192
8
-4.05521970391274
1.14382317662239
-2.80211115479469
8.86361130475997
2.42162938714027
-1.18953857421875
-2.2961763381958
-2.08737975955009
8
1.62607629299164
4.72291325926781
4.56241270899773
9.68516758084297
-3.11465653777122
-3.03334649205208
-1.0999364733696
0.655889451503754
6
7
1.37542020678521
1.03527883887291
5.41825262904167
-7.27607731223106
8.19671078324319
7.11809566020966
-8.72088596224784
7
-0.196754634380344
1.25954875349999
3.68932121992111
9.28519253730774
-3.74161586165428
0.11677344441414
4.54176107048988
7
5.29534938335419
1.02998719215393
-3.44578691124916
-3.56312709450722
3.98823586702347
3.34418430924415
2.88212662339211
7
1.55768027901649
0.257568204402923
10.4060061275959
-0.861642444133758
-5.00763109922409
-2.74109734892845
0.43222362995148
7
0.966715896129607
-6.14589043855667
-5.50569454431534
2.27050517201424
2.92798907160759
-3.53313594460487
1.78257299661636
7
5.83279813528061
-1.06700800061226
0.434517234563827
1.22931903600693
-3.58475580215454
1.56225970387459
5.7540366768837
2
7
7.50701678991318
-2.96545185446739
-2.09766206741333
-7.94569997787476
1.54893382787704
-2.9611219227314
1.79799534082413
7
3.73635125756264
3.35749474167824
4.47422423362732
-4.89743409156799
-2.63481495976448
0.817208725214005
-0.593375909328462
|Explorer2Genome 30
3
6
8
-1.5002126455307
-2.98215900063515
-6.34279192090034
5.77983718514443
-8.53182870745658
-0.955598121881487
-4.67783888578415
0.518651556968688
8
0.0977167248725895
1.29421378970146
-1.75107838511467
-2.46860553026199
-1.07370861172676
-1.79600282311439
5.24815536737442
-0.086908775568009
8
5.98218651413918
4.68939608335495
-1.39008044600487
0.547407162189484
0.320723778009414
0.477165162563324
0.128681570291518
-5.23388727903366
8
9.65637565255165
-5.40578113794327
-0.482309913635252
-6.1521352827549
-7.05893259644508
0.259338754415512
-0.735055148601531
-6.22135531306267
8
-3.62492192387581
1.09086709022522
-3.27556095719337
8.52038117647171
2.86549108028412
-2.36478235721588
-2.57807173132896
0.323093444108964
8
1.15083191394806
4.15021832585335
4.60217924714089
8.85425955057144
-1.23675592541695
-2.29305176138878
-1.62958804965019
-0.910225677490234
6
7
2.39786397814751
0.8063567340374
3.11764394044876
-6.81200780272484
7.3064369738102
7.56558725833894
-8.33385629057884
7
0.291896641254421
1.7110018670559
3.51604660153389
8.41181528568267
-3.94854125976562
-1.45918006300926
6.47751024365425
7
4.62197861075401
-1.18882472515106
-3.18501625657082
-3.95215955376625
4.44565525054932
3.26869609355926
2.05486650466919
7
2.30072250366211
0.903962141275405
12.1486959576607
0.833422815799713
-3.65986555814743
-2.99684402942658
-0.235477381944654
7
0.933582532405852
-7.90234330892563
-6.37133988142013
1.89207931160927
1.29137601256371
-3.65095244050026
2.84459206461906
7
0.0544598042964942
-2.64820072054863
1.86975306272507
-2.58505074381828
-4.05735815167427
2.78291550278664
6.03759523630142
2
7
8.5239354968071
-1.7525162935257
-0.175894016027454
-8.88902981281281
2.17667537927628
-5.56654265522957
3.69303823709488
7
4.88332162499428
3.07663739919663
6.00099566578865
-5.48441910147667
-3.14017595052719
0.415854573249817
1.03877790570259
|Explorer2Genome 30
3
6
8
-1.5002126455307
-2.98215900063515
-6.34279192090034
5.77983718514443
-8.53182870745658
-0.955598121881487
-4.67783888578415
0.518651556968688
8
0.0977167248725895
1.29421378970146
-1.75107838511467
-2.46860553026199
-1.07370861172676
-1.79600282311439
5.24815536737442
-0.086908775568009
8
5.98218651413918
4.68939608335495
-1.39008044600487
0.547407162189484
0.320723778009414
0.477165162563324
0.128681570291518
-5.23388727903366
8
9.65637565255165
-5.40578113794327
-0.482309913635252
-6.1521352827549
-7.05893259644508
0.259338754415512
-0.735055148601531
-6.22135531306267
8
-3.62492192387581
1.09086709022522
-3.27556095719337
8.52038117647171
2.86549108028412
-2.36478235721588
-2.57807173132896
0.323093444108964
8
1.15083191394806
4.15021832585335
4.60217924714089
8.85425955057144
-1.23675592541695
-2.29305176138878
-1.62958804965019
-0.910225677490234
6
7
2.39786397814751
0.8063567340374
3.11764394044876
-6.81200780272484
7.3064369738102
7.56558725833894
-8.33385629057884
7
0.291896641254421
1.7110018670559
3.51604660153389
8.41181528568267
-3.94854125976562
-1.45918006300926
6.47751024365425
7
4.62197861075401
-1.18882472515106
-3.18501625657082
-3.95215955376625
4.44565525054932
3.26869609355926
2.05486650466919
7
2.30072250366211
0.903962141275405
12.1486959576607
0.833422815799713
-3.65986555814743
-2.99684402942658
-0.235477381944654
7
0.933582532405852
-7.90234330892563
-6.37133988142013
1.89207931160927
1.29137601256371
-3.65095244050026
2.84459206461906
7
0.0544598042964942
-2.64820072054863
1.86975306272507
-2.58505074381828
-4.05735815167427
2.78291550278664
6.03759523630142
2
7
8.5239354968071
-1.7525162935257
-0.175894016027454
-8.88902981281281
2.17667537927628
-5.56654265522957
3.69303823709488
7
4.88332162499428
3.07663739919663
6.00099566578865
-5.48441910147667
-3.14017595052719
0.415854573249817
1.03877790570259
|Explorer2Genome 30
3
6
8
-2.85987809300423
-2.58766288161278
-6.31723953485489
8.03115275502205
-7.50376672744751
-1.95576993823052
-4.27243155837059
-1.0499628007412
8
1.18340045809746
4.58996656537056
1.26444752812386
-1.44197536706924
-2.52171949744224
-0.930185502767562
2.3790637075901
-0.831238210201264
8
6.24909828305245
4.68939608335495
-0.478141701221466
1.46658216714859
0.320723778009414
0.0501785874366763
0.913799268007278
-5.65216025114059
8
9.46332542896271
-4.67979592084885
0.546644687652589
-7.19197550415993
-6.65013204216957
-0.232264810800552
-0.735055148601531
-6.22135531306267
8
-3.63414235711098
1.70640950798988
-2.6797329723835
9.04127296209335
3.18497427105904
-1.89472944736481
-2.32103340625763
-0.643659943342208
8
2.00844616293907
4.94079403281212
5.36594239473343
9.01291809678077
-2.13579265475273
-2.0334558069706
-2.07155515551567
-0.602590322494507
6
7
3.04262503981591
1.62134485244751
5.21223639249802
-6.48272725343704
7.26302917599679
7.71699216365815
-8.04919523596763
7
5.26070700883865
2.32500585913658
-0.774296581745147
8.66950456500053
-1.82104032039642
-3.2885220348835
7.03909664750099
7
4.29338191747665
0.173106634616852
-2.7092045545578
-5.34436375498772
2.31683766841889
2.67370420694351
0.507682406902313
7
1.536671179533
-0.0641849219799048
11.2977922737598
-0.651756083965301
-4.60943335294724
-3.90796090960503
0.233053374290469
7
0.443849360942839
-5.53995454907417
-6.45130997896194
1.90374699234962
2.95884699225426
-4.93981888890266
1.65565215349197
7
4.25597171187401
-1.05060893893242
2.23048338890076
1.73797279596329
-4.78026875257492
1.37282484769821
6.87050678730011
2
7
7.00066592097283
-2.60476088523865
-0.883055937290195
-5.65743789076805
-0.190456134080887
-3.62754756212234
1.93459759950638
7
3.76066129803658
3.08409336805344
4.56355736851692
-5.4570220708847
-2.33375035524368
1.13471482396126
0.127979886531828
|Explorer2Genome 30
3
6
8
-2.43829212784767
-1.74020864367485
-6.69085193872451
7.78356474637985
-7.55709512233734
-1.6148553788662
-3.26017646193504
-0.354175966978073
8
1.18340045809746
4.58996656537056
1.51583853363991
-1.44197536706924
-2.11778039336204
-0.930185502767562
2.01489453911781
-0.831238210201264
8
6.07626903653145
4.98966101408005
-1.69127306342125
1.54582048654556
-0.200967735052109
1.04292100667954
0.766419392824172
-5.59833582639694
8
9.61118150353431
-2.2149018406868
-0.498050403594969
-6.79587390422821
-5.17276566624641
0.329066854715347
0.160354214906693
-7.08577951192856
8
-2.88544576764107
0.764013242721558
-2.46440415978432
9.34794250726699
2.51178937554359
-2.58701805472374
-3.96938366889954
-0.845871466398239
8
2.00844616293907
4.94079403281212
4.81279751062393
9.01291809678077
-1.94748663306236
-2.0334558069706
-2.07155515551567
-0.602590322494507
6
7
3.51165999770165
0.980625987052918
5.06331755518913
-6.75235003829002
7.10524089932443
6.97845894694329
-8.42625016570091
7
5.09330090284347
2.97572800517082
-0.362383663654327
8.61938402056694
-1.69711410999298
-3.04133081436157
8.34106005430221
7
5.1516353905201
0.719553059339523
-3.34119792580604
-4.71204510331154
3.63183823823929
3.81242111325264
3.2376139998436
7
1.71418485045433
0.486792665719985
11.8518451035023
-0.625564706325531
-4.9565951704979
-2.99915024638176
0.585070347785952
7
0.501701247692106
-5.59056854844093
-6.7388823390007
1.85472078919411
2.95884699225426
-4.46785925030708
1.21601193547249
7
5.83279813528061
-1.06700800061226
0.434517234563827
1.25136901140213
-3.86730569005013
2.69563162922859
5.49652345776558
2
7
7.98875218629837
-2.28441774249077
-1.14376962184906
-7.93617634773254
-0.0382866024971009
-2.51472352147102
2.10439087152481
7
3.42694900631905
3.08409336805344
4.37479782104492
-6.04344093799591
-2.33375035524368
1.25959253907204
-0.0174056410789504
|Explorer2Genome 30
3
6
8
-1.15937304496765
-1.9407287478447
-6.64636821746826
6.75939484834671
-8.7209451675415
-2.34224380254746
-4.87427645325661
-0.721053737401963
8
1.39292711615562
3.23180392384529
0.980327332019805
-0.99766343832016
-1.54403669834137
-0.861710119247436
3.53709691762924
-0.668148744106293
8
6.07626903653145
4.98966101408005
-1.18575963377953
1.66128000020981
-0.0766562163829805
0.806244099140167
0.766419392824172
-5.87679160833359
8
9.00277435183525
-3.52741235494614
-2.62390112280846
-7.04661200642586
-5.01065416932106
0.691086876392365
-1.12870268821716
-6.63757051229477
8
-2.41758397221565
0.764013242721558
-2.46440415978432
9.08384684324264
2.51178937554359
-2.58701805472374
-3.16448521614075
-0.845871466398239
8
2.00844616293907
3.47799133658409
5.61309681534767
8.46636071801185
-1.64072403311729
-1.31467757821083
-1.76297273039818
-0.602590322494507
6
7
3.04262503981591
1.28775581717491
5.27942980527878
-6.43519219756126
6.5845704138279
7.57711727023125
-8.0122940480709
7
-0.764620429277424
2.76897487640381
3.72231004834175
8.02726992964744
-3.96097013354301
-0.302270305156707
3.63759012818336
7
5.26278564929962
0.477159452438355
-4.90538719296455
-4.01870458722115
3.50072821378708
5.37995455861091
2.0739756166935
7
1.82856547236442
0.499437528848647
11.0041147768497
-0.1566470682621
-6.07924104928971
-3.90796090960503
0.0766916751861599
7
0.501701247692106
-4.64365814328194
-6.45130997896194
1.91369476914406
2.60665592551231
-4.93981888890266
1.80411751866341
7
0.719375002384187
-1.74237496256828
2.59575381875038
-0.898306250572206
-0.599171960353851
4.28386040925979
4.82242371439934
2
7
8.69676687121392
-2.11130044460297
-0.64817509055138
-8.66634302139282
2.17667537927628
-5.11661897301674
2.9110144495964
7
3.27036028504372
3.06567553281784
4.16161162853241
-5.99695031642914
-2.67791045904159
1.67171044945717
-0.435536777973176
|Explorer2Genome 30
3
6
8
-1.92364025115967
-2.0323176920414
-7.42198719382286
6.49127417206764
-8.65104182958602
-2.85072776079178
-5.08632059693336
1.11350827813148
8
0.226639354228974
1.34539169669151
-2.18415702581406
-2.78187538385391
-0.686760067939758
-1.93309147357941
4.72631778120994
0.146578806638717
8
6.24909828305245
4.84852129817009
-0.834154719114303
1.99035149812698
0.320723778009414
0.864332664012909
0.595572263002395
-5.06648254990578
8
9.21124718785286
-2.82140138745308
0.0603072643280044
-6.21091938018799
-5.74798965454101
0.155125313997269
-0.175632232427596
-7.02177835702896
8
-3.14162197709084
1.07450359463692
-3.20014296174049
9.00373238921165
3.02479323148727
-2.44928567409515
-2.8472900390625
-0.285553354024886
8
1.61780351996422
3.65466601252556
5.55175254940987
9.56402779221534
-1.18931514024735
-2.76485837101936
-2.14491235613823
-0.60576605796814
6
7
3.04262503981591
1.10737168192864
4.74974430799484
-6.75235003829002
6.79902060627938
7.59796990752221
-8.59053940176963
7
-0.319552260637287
2.16347026824951
3.22981227040291
8.51396217346191
-3.96097013354301
0.029176628589631
4.18078423142433
7
4.49454814791679
0.42026332616806
-2.7092045545578
-5.59868915081024
2.62928197383881
2.42426849603653
-0.185331290960312
7
1.42855784296989
0.792360430955886
11.2977922737598
-0.374849188327789
-5.37699803113938
-4.39727308154106
0.474293094873431
7
-0.0728026747703569
-5.96668584942818
-6.98412572145462
1.46270027756691
2.95884699225426
-5.4695495903492
1.54327612519264
7
1.16874457597733
-1.15090381503105
2.03249993920326
-0.411892259120942
-1.29489670991898
3.79152220487594
4.82242371439934
2
7
7.30203129053116
-3.77110896110535
-1.16983046531678
-7.94569997787476
1.54893382787704
-2.9611219227314
1.31272264719009
7
4.74592351913452
5.17916924357414
3.33741173148155
-7.3318554341793
-0.580071336030959
-1.97156420350075
1.53692203760147
|Explorer2Genome 30
3
6
8
-1.91345774531364
-1.81056654453278
-7.20189926624298
6.82541633248329
-9.0622464120388
-2.85072776079178
-5.02467869520187
0.253771740198135
8
-0.0631945013999936
1.34539169669151
-1.71761337518692
-2.88865419626236
-1.55936949253082
-2.34210723042488
4.89567639231682
-0.337435322999955
8
7.27806802988052
5.94622021913528
-1.67034569978714
1.57544040679932
-0.58992709517479
1.68152014017105
1.39049329161644
-6.13029433488846
8
10.3870455980301
-4.15908845663071
-0.0436411559581741
-6.29710946679115
-6.10648600459099
-1.82452707886696
-0.678896272182464
-6.6020806491375
8
-3.49812276363373
1.80748342275619
-2.59426169991493
9.13842729330062
2.65776606202125
-2.01515512466431
-1.53482639193535
-0.497914516925811
8
2.00844616293907
3.92141484618187
5.01899595856667
9.01291809678077
-1.5701550424099
-1.65965344905853
-1.28939055204391
-0.515300869941712
6
7
3.34492129683495
0.450325530767441
4.28092208504677
-7.17357764244079
6.57262406945229
8.20152751803399
-8.17144545912742
7
1.70214148759842
1.62716044783592
3.80911048054695
8.77436897754669
-3.8802807033062
-1.95414518713951
6.76723230481148
7
4.29338191747665
0.752712333202362
-2.7092045545578
-5.86521883010864
2.62928197383881
2.34731577634811
-0.185331290960312
7
2.22702907919884
0.210125416517257
10.9501901447773
0.8120097219944
-2.42060245275498
-2.87621046304703
1.60161499381066
7
-1.20067061781883
-6.51137680411339
-5.28033566474914
-0.296481758356095
3.1064157307148
-1.0563086271286
0.707979339361191
7
4.2716894030571
-1.02070398926735
1.63222893476486
1.00555526614189
-3.73852489590645
2.29090817570686
4.00525658726692
2
7
7.50701678991318
-3.1476895570755
-1.24777216911316
-7.94569997787476
1.54893382787704
-3.20006619095802
1.3466166138649
7
3.28789542317391
3.05072234272957
4.93215756416321
-5.72404284477234
-2.80882292985916
0.912026745080948
0.0846491217613206
|Explorer2Genome 30
3
6
8
-1.15937304496765
-2.39994667768478
-6.64636821746826
7.27626467943192
-8.7209451675415
-1.89396270513535
-5.25381675362587
-0.721053737401963
8
-0.433541619777679
1.29421378970146
-1.75107838511467
-2.46860553026199
-1.07370861172676
-1.79600282311439
5.24815536737442
-0.086908775568009
8
5.98218651413918
4.68939608335495
-1.20183631181717
0.547407162189484
0.320723778009414
0.477165162563324
0.128681570291518
-5.10918451547623
8
9.65637565255165
-5.40578113794327
-0.482309913635252
-6.1521352827549
-7.03419254422188
-0.262960869073868
-0.735055148601531
-6.22135531306267
8
-3.62492192387581
1.09086709022522
-3.04269344806671
8.52038117647171
2.86549108028412
-2.77733356952667
-2.57807173132896
0.323093444108964
8
1.62607629299164
4.41699743270874
4.130374532938
8.95365951657295
-2.41421510577202
-3.00886895656586
-2.0912057518959
0.896588617563248
6
7
2.23661150336266
0.8063567340374
3.11764394044876
-6.81200780272484
7.3064369738102
7.56558725833894
-8.33385629057884
7
0.575157493352886
0.866409510374071
4.10243861079216
7.53554834723472
-3.76768562793732
-0.235806292295455
5.68032151460647
7
4.64509973526001
0.165543055534363
-3.8996944963932
-3.84839497208595
3.00997051000596
2.82413159012794
2.79381085038185
7
2.30072250366211
0.903962141275405
12.1486959576607
0.833422815799713
-3.65986555814743
-2.99684402942658
-0.235477381944654
7
-1.18931795358658
-6.84833598136902
-6.22818979620933
-0.290282779932023
2.00503297448158
-0.841758978366852
1.87669784426689
7
-0.263843446969985
-2.64820072054863
1.86975306272507
-2.58505074381828
-4.60287411808967
2.78291550278664
6.03759523630142
2
7
8.5239354968071
-1.61761913299561
-0.175894016027454
-8.88902981281281
2.35713638663292
-5.56654265522957
3.69303823709488
7
4.88332162499428
3.07663739919663
6.00099566578865
-5.48441910147667
-2.6991784453392
0.415854573249817
1.03877790570259
