50
2676
|Explorer2Genome 30
3
6
8
-5.6833859860897
-2.50971112847328
-6.91359108686447
4.30297397375108
-10.4675425112247
-5.99911659359932
-2.92960916757584
-0.222159910202026
8
6.57038671970368
4.86339427828788
-8.25909002423286
-2.36958450675011
4.3508978843689
-3.6796443104744
-2.96646794080734
0.805251359939573
8
9.15879889130593
7.2983910381794
-0.500498038530349
-1.61288483738899
-1.54451691508293
1.83566973209381
1.4104198873043
-6.07607748508452
8
12.8152499556541
-1.52714049816132
2.49655887484551
-9.04507083296776
-2.6728443145752
1.41808997392655
-2.0770976960659
-4.22401874065399
8
-7.66111562848091
6.6162670314312
4.46684865355492
12.0114017009735
-1.20427025556564
-10.7710693120956
-3.49949428439141
-0.962572056055068
8
5.49651230573654
2.08703944087029
7.05157994031906
8.30102365016937
3.6664887547493
2.82929908633232
4.0209783911705
-2.77318904995918
6
7
6.46529449224472
5.48914725780487
6.15310388803482
-6.51524170637131
12.9102866292
6.24239824414255
-8.09364895224571
7
-0.546647834777834
0.957179504632949
-4.88932723999023
7.38086467385292
2.3650849878788
0.742526888847351
6.27340078949928
7
6.06270565390587
-5.04179319143295
-2.47937341332435
0.052027547359464
2.01632103919984
2.70426969528198
16.4578626930714
7
0.228471869230269
-1.64492193460464
11.6862752377987
-1.62619011998177
-7.3108623623848
-7.7160888671875
5.46146420240403
7
-6.1572469830513
-14.3567249119282
3.94531119465828
4.70913531184197
3.48707896471024
-21.5493115961552
0.194170516729357
7
7.01646046042442
-2.71789584755898
5.96275100111962
-3.81710033416748
-9.22566378712654
1.15119790434836
3.83330597877503
2
7
9.34789708852768
-8.75530428290367
-0.170116430521016
-17.8693354964256
3.64243079423904
-3.46719310879708
4.88614546060562
7
6.89865410327913
-3.74293051958084
4.76468746066093
-2.895095038414
0.799977505207063
-2.68537448048592
6.08174875974655
|Explorer2Genome 30
3
6
8
-5.24076477885245
-2.50971112847328
-7.44089707136154
4.42849777936936
-10.4675425112247
-5.99911659359932
-2.92960916757584
-0.799964165687561
8
5.75006976723671
4.76834025979042
-7.90503149628639
-1.83133489489556
4.3508978843689
-3.05411862134934
-3.8967293381691
0.165683180093763
8
10.9686258435249
7.49090340733528
-1.14252271056175
-1.28082362413406
-1.6067399084568
1.37908392548561
1.80066161155701
-5.9076458454132
8
12.9163826823235
-2.06957771778107
2.57873768210411
-9.21718203425408
-2.0534081697464
2.01677511930466
-2.25087193846702
-3.19487647414207
8
-5.42044485211372
6.02638625502587
6.2290674507618
10.6693808078766
-2.0280935883522
-10.4619049549103
-3.31069294810295
-0.568165469169616
8
4.85164738893509
1.69489163160324
8.14637266993523
8.48300123214722
1.46866465806961
3.71970672011376
4.83685830831528
-2.06357437372208
6
7
6.23954483270645
5.48914725780487
6.15310388803482
-6.67328439950943
12.9102866292
6.24239824414255
-8.09364895224571
7
1.12640260457992
1.30443997383118
-4.99905367493629
5.03716833591461
3.47959762215614
1.16970853209496
5.54740740060806
7
6.58544802069664
-5.45244761705398
-2.47937341332435
-0.20847581624985
1.95813369750977
2.70426969528198
16.4528175652027
7
0.368911743164061
-2.15984238982201
11.3351840376854
-3.56100068092346
-8.01359005570412
-5.5017314195633
5.55872979164124
7
-6.1572469830513
-14.3567249119282
4.10560342073441
5.63788730502129
3.48707896471024
-21.9395086348057
0.194170516729357
7
7.65249770879745
-2.62823212146759
6.83707475066185
-2.92694540023804
-8.3433787047863
0.677398198842994
3.41692214012146
2
7
9.03243862390518
-8.9873392701149
-2.06781514286995
-16.4462532579899
3.97559697031975
-3.99338595867157
7.64592438936233
7
7.17763359546663
-2.77155457735061
4.54640335440635
-2.58258357048034
1.12120386362076
-1.33042308688164
7.18489197492599
|Explorer2Genome 30
3
6
8
-5.7062544286251
-2.98073800206184
-7.17541132569313
4.44705222845078
-10.4675425112247
-5.99911659359932
-2.92960916757584
-0.799964165687561
8
6.21340199112892
4.64660094380378
-7.69617483615875
-1.83133489489556
4.3508978843689
-3.05411862134934
-3.8967293381691
0.165683180093763
8
10.9686258435249
7.78457995653153
-1.14252271056175
-1.35098828077316
-1.71412804722786
1.37908392548561
1.80066161155701
-5.81625525951385
8
12.9163826823235
-2.39570257663727
2.48852011561394
-8.36517771482468
-2.0534081697464
2.74483050107956
-2.243174213171
-3.19487647414207
8
-5.38279579281807
5.8886246919632
6.2290674507618
10.5126682043076
-2.0280935883522
-10.8598133087158
-3.31069294810295
0.0813540995121008
8
4.85164738893509
2.38511840701103
8.14637266993523
8.84181528091431
1.68422984480858
3.71970672011376
4.28008621931076
-2.21183995008469
6
7
5.79430028200149
5.48914725780487
6.16107763051987
-6.67328439950943
13.3029146790505
6.24239824414255
-8.09364895224571
7
0.788833367824553
1.61896452903747
-4.99905367493629
4.57550623416901
2.90869651436806
1.16970853209496
5.54740740060806
7
6.58544802069664
-5.55837606191635
-2.47937341332435
-0.20847581624985
2.20296115875245
2.44575121998787
16.4528175652027
7
0.368911743164061
-2.15984238982201
11.2313341259956
-3.56100068092346
-8.01359005570412
-5.61105718612671
5.55872979164124
7
-4.44007708430291
-15.8801081776619
2.39769873023033
3.82805255651474
4.55537452697754
-18.439529389143
-2.15944395065307
7
7.78562990427017
-1.67976875305176
5.1903217971325
-3.24298939108849
-8.8588833630085
0.85228307247161
2.45386739373207
2
7
9.03243862390518
-8.9873392701149
-2.06781514286995
-16.842022138834
3.89815521240234
-4.49378294944763
8.0176005244255
7
7.24047124385835
-3.7076679110527
3.72587625980377
-2.18029899597167
0.323287111520769
-1.12823518514633
7.18793259859085
|Explorer2Genome 30
3
6
8
-5.7062544286251
-2.98073800206184
-7.17541132569313
4.44705222845078
-10.4675425112247
-5.99911659359932
-2.92960916757584
-0.799964165687561
8
6.21340199112892
4.64660094380378
-7.69617483615875
-1.83133489489556
4.3508978843689
-3.05411862134934
-3.8967293381691
0.165683180093763
8
10.9686258435249
7.78457995653153
-1.14252271056175
-1.35098828077316
-1.71412804722786
1.37908392548561
1.80066161155701
-5.81625525951385
8
12.9163826823235
-2.39570257663727
2.48852011561394
-8.36517771482468
-2.0534081697464
2.74483050107956
-2.243174213171
-3.19487647414207
8
-5.38279579281807
5.8886246919632
6.2290674507618
10.5126682043076
-2.0280935883522
-10.8598133087158
-3.31069294810295
0.0813540995121008
8
4.85164738893509
2.38511840701103
8.14637266993523
8.84181528091431
1.68422984480858
3.71970672011376
4.28008621931076
-2.21183995008469
6
7
5.79430028200149
5.48914725780487
6.16107763051987
-6.67328439950943
13.3029146790505
6.24239824414255
-8.09364895224571
7
0.788833367824553
1.61896452903747
-4.99905367493629
4.57550623416901
2.90869651436806
1.16970853209496
5.54740740060806
7
6.58544802069664
-5.55837606191635
-2.47937341332435
-0.20847581624985
2.20296115875245
2.44575121998787
16.4528175652027
7
0.368911743164061
-2.15984238982201
11.2313341259956
-3.56100068092346
-8.01359005570412
-5.61105718612671
5.55872979164124
7
-4.44007708430291
-15.8801081776619
2.39769873023033
3.82805255651474
4.55537452697754
-18.439529389143
-2.15944395065307
7
7.78562990427017
-1.67976875305176
5.1903217971325
-3.24298939108849
-8.8588833630085
0.85228307247161
2.45386739373207
2
7
9.03243862390518
-8.9873392701149
-2.06781514286995
-16.842022138834
3.89815521240234
-4.49378294944763
8.0176005244255
7
7.24047124385835
-3.7076679110527
3.72587625980377
-2.18029899597167
0.323287111520769
-1.12823518514633
7.18793259859085
|Explorer2Genome 30
3
6
8
-4.9073455274105
-2.02431085109711
-6.91878105401993
2.57152558565141
-10.4458683133125
-5.14179247021675
-1.3227595448494
-0.279387181997299
8
5.75006976723671
4.76834025979042
-7.33206730484962
-1.83133489489556
4.3508978843689
-3.05411862134934
-3.8967293381691
0.165683180093763
8
10.8397856116295
7.37833824753761
-1.29029361605644
-1.57667936086655
-1.6067399084568
1.37908392548561
1.80066161155701
-5.9076458454132
8
12.9163826823235
-1.48940703868866
2.57873768210411
-8.7502535045147
-2.0534081697464
2.05853482484818
-2.64132303595543
-3.19487647414207
8
-5.42044485211372
6.02638625502587
6.21303578019142
10.6693808078766
-1.40648944973946
-11.0549914360046
-3.31069294810295
-0.568165469169616
8
5.33972152471542
0.322102010250094
7.61301478147507
8.84454262256622
2.46188458204269
4.5226092517376
4.05835543870926
-1.88786665201187
6
7
6.7838607430458
5.48914725780487
6.15310388803482
-6.67328439950943
12.5111417412758
5.92503026127817
-8.09364895224571
7
1.12640260457992
1.30443997383118
-5.13787479996681
5.03716833591461
3.19326007962227
1.16970853209496
5.54740740060806
7
6.58544802069664
-5.45244761705398
-2.50863774418831
-0.20847581624985
1.95813369750977
2.70426969528198
16.3215357363224
7
0.368911743164061
-2.15984238982201
11.7081226706505
-3.55253541469574
-7.62942648530006
-5.76160292625427
5.55872979164124
7
-5.73997093439103
-14.4595175325871
4.10560342073441
6.06025854945183
3.48707896471024
-22.2351735413074
0.194170516729357
7
7.85595876574516
-2.62823212146759
6.83707475066185
-2.92694540023804
-8.3433787047863
0.677398198842994
3.49132869243622
2
7
9.52194362878799
-9.34767738580704
-2.06781514286995
-16.308345156908
3.97559697031975
-3.99338595867157
7.64592438936233
7
7.2664230823517
-3.77575474977493
4.02807585000991
-2.66746790409087
0.575915294885637
-1.75347491502762
6.82526446580887
|Explorer2Genome 30
3
6
8
-4.65954671502112
-1.8521582365036
-6.56391173005104
4.86582952737809
-11.9830336809158
-5.62414420247078
-1.95860630273819
-0.359388875961304
8
6.05857172608376
4.76834025979042
-8.16596987843513
-1.83133489489556
4.06121108531952
-2.52501648664475
-3.8967293381691
0.165683180093763
8
9.37085345983506
7.07290931344033
-0.500498038530349
-1.69921241402626
-1.10242421030998
1.73173470497132
1.1877203643322
-6.07607748508452
8
12.7016655564308
-2.06957771778107
2.49655887484551
-9.04507083296776
-2.6728443145752
2.01673384904862
-2.0770976960659
-4.22401874065399
8
-7.66111562848091
6.58977145552635
4.34279734492302
11.5514647960663
-0.478939211368562
-10.7710693120956
-3.17447458505631
-0.623434191942214
8
5.65568088293075
1.85472909808159
6.88797518610954
7.87686389088631
3.08243788480759
4.1865392446518
3.54682241678238
-1.89500806927681
6
7
8.20006833672523
4.09283398389816
4.33914018273354
-6.96808706521988
12.0443978190422
9.48576771020891
-9.11050181984901
7
0.00997948646545244
0.920856815576552
-5.13548600673675
6.56080701947212
2.17164285778999
0.794732189178466
6.46021400094032
7
5.48066688776016
-1.18853266835213
-3.45200464725494
0.171877890825269
0.289250195026404
-0.02552514076233
17.302208250761
7
0.854054135084151
-1.64492193460464
11.6862752377987
-1.62619011998177
-7.3108623623848
-6.93311514854431
5.46146420240403
7
-4.01687251329422
-15.2448037445545
2.43484664559364
4.77472243905068
4.4879550755024
-19.2005886733532
-2.00877375602722
7
7.08021565675735
-2.82046795487404
5.96275100111962
-2.5568295955658
-9.30935455560684
1.51590022444724
3.83330597877503
2
7
8.67635313272476
-9.06073462963104
-1.25505801439286
-15.5499074995518
3.50137941241264
-4.79058995842934
6.94354806542396
7
6.86100711822511
-3.36217861175537
4.76684946417808
-2.13315801024436
1.03037967085838
-2.45810568928719
5.99764240980148
|Explorer2Genome 30
3
6
8
-5.04443739652633
-3.38209374547005
-6.28242269158363
2.38093353509904
-10.3219027996063
-5.57459382414818
-1.55450986027718
-1.04281151294708
8
5.78665173649788
4.86394656300544
-7.97976441979408
-1.66000548601151
3.78515105247498
-3.64293688535691
-3.8967293381691
-0.295649904012682
8
11.2925521492958
7.49090340733528
-2.00512399077415
-1.28082362413406
-1.70100331902504
1.37908392548561
1.80066161155701
-5.9076458454132
8
14.6979528307915
-2.16094892024994
2.68599106669426
-10.2085645020008
-1.02639706134796
0.478989839553834
-3.15306224822998
-3.17314226627349
8
-5.4523556470871
7.26568160057068
5.4974626660347
12.6161424696445
-2.32163590192795
-11.9293609619141
-4.29599642157555
-0.482910203933715
8
4.76531780958175
2.26480196714401
8.27554993033409
8.48300123214722
1.46866465806961
3.52003020644188
4.83685830831528
-2.06357437372208
6
7
9.2593680024147
6.94393973350525
5.11304402947426
-6.51249389052391
13.5298121631146
6.28072184324266
-6.96978520750999
7
0.262428641319273
0.907144612073897
-4.30596564412117
5.76397134065628
2.65573809742928
1.48926040530205
5.54394298791885
7
5.85204599499702
-0.840967446565627
-1.78767689466476
-0.966525143384936
1.16124437451363
0.189819461107253
17.5853209197521
7
-0.752097576856614
-2.06382529735565
11.323087400198
-2.71126749515534
-6.82729678750038
-6.3350423514843
5.84949970245362
7
-5.73589926958085
-14.3567249119282
4.10560342073441
5.63788730502129
3.48707896471024
-21.6189072668552
0.291245955228807
7
7.65249770879745
-3.15052473545074
6.83707475066185
-2.92694540023804
-8.3433787047863
0.677398198842994
3.41692214012146
2
7
9.53650451898574
-8.9873392701149
-2.13414674401284
-16.4462532579899
3.7337582051754
-3.99338595867157
7.64592438936233
7
7.03607647418977
-3.49803596735
5.05522827506065
-2.43215820789337
0.799977505207063
-2.89423924088478
6.08174875974655
|Explorer2Genome 30
3
6
8
-4.90506042838096
-1.64188272356987
-5.80261297821998
5.43721894025803
-9.36501663327216
-6.49791706204414
-0.700979149341585
-1.48119685053825
8
6.89657999277115
3.79862347841263
-8.64294932484627
-3.59390361309052
3.16942982077599
-4.59997016191483
-3.58980925679207
1.30354337096214
8
9.25430727601053
7.45595563650131
-1.06557896733284
-1.88687111139297
-1.18819867968559
2.37657072544098
1.26750776767731
-5.61883966922759
8
14.9068805873394
-0.418656682968141
1.75511882305145
-8.43079059123993
1.38737509846687
0.232127976417543
-3.0256877720356
-3.53898513317108
8
-6.0034440100193
5.51579264998436
6.09272590279579
11.0129822254181
-2.80461392998696
-10.6462295949459
-3.59931238889695
-0.178581547737121
8
4.63732919692993
2.44684562087059
6.12000926733017
9.46344427466392
1.83170381188393
2.51941949129105
4.38071479797363
-2.3618486225605
6
7
9.36391249895096
6.73738991618156
5.96522346138954
-7.08501948714256
13.5298121631146
6.76239701509477
-7.54769074320793
7
1.59393835067749
0.819415259361266
-5.05284646749496
5.28837357163429
2.44759116768837
2.51097822785377
4.88616507649421
7
5.43465677499771
-0.728586393594741
-2.49713940024376
-0.966525143384936
1.01205783486367
1.02012467384338
17.627873557806
7
0.458130204677581
-1.91804888248444
11.2961680710316
-1.90103942155838
-6.00321851968765
-8.59403524398804
4.93528213500977
7
-5.28856792449951
-15.7721878170967
1.92124592661858
3.38001203536988
3.96242503523827
-19.030946803093
-3.37010725140571
7
7.26047583818435
-1.96577890515327
6.74830545186997
-2.16891458034515
-8.30472193956375
1.75644780993461
4.11140620708466
2
7
9.24794932603836
-8.75560138225555
-1.00591305494309
-15.7050003886223
3.32486633062363
-4.79058995842934
6.4652084171772
7
6.69435167312623
-3.13296757936478
3.59917968511581
-3.46940224766731
1.30355067849159
-2.07025939226151
6.48719555139542
|Explorer2Genome 30
3
6
8
-4.90506042838096
-1.64188272356987
-5.80261297821998
5.43721894025803
-9.36501663327216
-6.49791706204414
-0.700979149341585
-1.48119685053825
8
6.89657999277115
3.79862347841263
-8.64294932484627
-3.59390361309052
3.16942982077599
-4.59997016191483
-3.58980925679207
1.30354337096214
8
9.25430727601053
7.45595563650131
-1.06557896733284
-1.88687111139297
-1.18819867968559
2.37657072544098
1.26750776767731
-5.61883966922759
8
14.9068805873394
-0.418656682968141
1.75511882305145
-8.43079059123993
1.38737509846687
0.232127976417543
-3.0256877720356
-3.53898513317108
8
-6.0034440100193
5.51579264998436
6.09272590279579
11.0129822254181
-2.80461392998696
-10.6462295949459
-3.59931238889695
-0.178581547737121
8
4.63732919692993
2.44684562087059
6.12000926733017
9.46344427466392
1.83170381188393
2.51941949129105
4.38071479797363
-2.3618486225605
6
7
9.36391249895096
6.73738991618156
5.96522346138954
-7.08501948714256
13.5298121631146
6.76239701509477
-7.54769074320793
7
1.59393835067749
0.819415259361266
-5.05284646749496
5.28837357163429
2.44759116768837
2.51097822785377
4.88616507649421
7
5.43465677499771
-0.728586393594741
-2.49713940024376
-0.966525143384936
1.01205783486367
1.02012467384338
17.627873557806
7
0.458130204677581
-1.91804888248444
11.2961680710316
-1.90103942155838
-6.00321851968765
-8.59403524398804
4.93528213500977
7
-5.28856792449951
-15.7721878170967
1.92124592661858
3.38001203536988
3.96242503523827
-19.030946803093
-3.37010725140571
7
7.26047583818435
-1.96577890515327
6.74830545186997
-2.16891458034515
-8.30472193956375
1.75644780993461
4.11140620708466
2
7
9.24794932603836
-8.75560138225555
-1.00591305494309
-15.7050003886223
3.32486633062363
-4.79058995842934
6.4652084171772
7
6.69435167312623
-3.13296757936478
3.59917968511581
-3.46940224766731
1.30355067849159
-2.07025939226151
6.48719555139542
|Explorer2Genome 30
3
6
8
-4.57293151617049
-2.35534885525703
-6.50370563268661
2.8054091334343
-10.0052306711674
-4.95377235412598
-1.3524250805378
-0.197285389900207
8
6.57038671970368
4.21375225782394
-7.69732387661934
-1.86709174513817
4.23721535205841
-3.36138526201249
-3.12281896471977
0.805251359939573
8
8.21938830018045
7.52408803701401
-0.808337044715881
-2.50290478467941
-0.191463023424148
1.85307190418244
0.417073345184325
-5.92367860674857
8
12.6539189457893
-2.71718728542328
2.49090949892998
-8.90168882608414
-2.47070889472961
1.53841065168381
-2.5794911801815
-3.34297065734863
8
-5.94956787228584
6.22063680291176
4.35736127495766
11.58820977211
-2.72681012749672
-9.59629675745964
-4.38941418528557
-1.05087640285492
8
2.1777754843235
1.34237090349198
7.51048714518547
6.4602203309536
3.07425480484962
2.61853787899017
5.27026208639145
-2.6663961648941
6
7
9.24886676073074
6.39556433558464
5.23551576733589
-7.08684603571892
13.5298121631146
7.94387924075128
-7.95371969938278
7
0.625877761840818
1.42688828706741
-4.21472340226173
6.12825271487236
2.67991037964821
1.06294901371002
5.70142520666122
7
3.61362333893776
-0.909646892547606
-4.93519150614738
0.827025216817853
0.73598178029061
0.159175133705138
19.1117089211941
7
1.49282215833664
-2.71454679965973
12.2675226092339
-2.14431522488594
-6.19295299649239
-6.96168113946915
5.30244019627572
7
-5.79398761987687
-15.4280659079552
2.95155339837074
5.62960965037346
3.66065164804459
-21.0348741352558
1.35968152880669
7
6.81832494735718
-1.90518966317177
6.60682037472725
-3.92359683513641
-9.92705255746841
1.20832466483115
3.62154829502106
2
7
10.1480574905872
-8.74601375460625
-2.31509800553322
-15.5438572585583
2.89072247743607
-4.80217890739441
6.26851251721382
7
5.98540921211244
-3.31191555261612
4.45521001815795
-2.22546989917754
0.665348511934282
0.205260109901427
6.70295065641403
|Explorer2Genome 30
3
6
8
-4.65954671502112
-1.8521582365036
-6.56391173005104
4.86582952737809
-12.2684948027134
-5.62414420247078
-1.95860630273819
-0.153759932518005
8
6.05857172608376
4.76834025979042
-8.16596987843513
-1.83133489489556
4.3508978843689
-3.05411862134934
-3.8967293381691
0.165683180093763
8
9.15879889130593
7.77213395237923
-0.109307652711868
-1.96494220495224
-0.99042996764183
1.73173470497132
0.95570334792137
-5.9576844215393
8
14.5414151787758
-1.17324125766754
3.54127992987633
-10.2085645020008
-1.26537566184998
0.478989839553834
-3.15306224822998
-2.56616496443748
8
-7.66188016533852
6.71159467101097
4.55336205363274
11.8191867351532
-1.08179458379746
-10.7710693120956
-3.49949428439141
-0.402630811929702
8
5.65568088293075
1.85472909808159
6.88797518610954
7.59343481063843
3.08243788480759
4.1865392446518
3.54682241678238
-1.95350547432899
6
7
8.20006833672523
4.09283398389816
4.33914018273354
-6.9505941271782
12.0443978190422
8.96113477945329
-9.11050181984901
7
0.00997948646545244
0.659971022605895
-5.13548600673675
6.56080701947212
2.17164285778999
0.794732189178466
6.46021400094032
7
4.69994327425957
-1.6265934407711
-1.31179608106613
0.790239381790159
0.964319324493414
0.523119461536407
19.4282485306263
7
0.728659862279891
-1.64492193460464
11.6862752377987
-1.62619011998177
-7.3108623623848
-6.93311514854431
5.46146420240403
7
-6.1572469830513
-14.3567249119282
4.00453256368637
5.80796480178833
3.48775995969772
-21.9395086348057
-0.391114383935927
7
7.08021565675735
-2.47932901978493
5.96275100111962
-2.98487739562988
-9.35600403547287
1.51590022444724
3.83330597877503
2
7
9.03243862390518
-8.57422404289246
-2.40882232785225
-16.4462532579899
3.97559697031975
-3.97548990249634
7.13017536401748
7
7.03607647418977
-3.36217861175537
4.76684946417808
-2.43215820789337
1.03037967085838
-2.91841180920601
5.9017375588417
|Explorer2Genome 30
3
6
8
-5.02365733981132
-2.86509211063385
-7.29536098241806
4.42819091677666
-11.1877488195896
-6.3501672565937
-1.85708898305893
-1.54158523082733
8
6.36198068857193
4.31873170137405
-8.07320135235786
-3.47135448455811
3.05096923708916
-4.71061614751816
-3.04023450016975
1.57839404940605
8
8.92632797360422
7.50872420072556
0.644281196594239
-1.61201694607735
-2.28197572827339
3.08151626586914
1.73884590268135
-7.09691037535666
8
14.4039139509201
-0.311861008405686
1.79652955532074
-8.61773748397827
0.60599747300148
0.282473915815355
-1.82456358671188
-3.8227329313755
8
-5.96593936085701
5.6705426633358
5.60649483799935
11.5789844036102
-2.73936844468117
-10.7853502511978
-3.81107043027878
0.135871481895447
8
6.1783963561058
0.503092736005786
7.80084664225578
9.1303181707859
2.62909492254257
4.5226092517376
4.23185037374496
-2.99544094800949
6
7
9.27551010847091
6.73738991618156
5.39741161465645
-6.51249389052391
13.5298121631146
6.74058579206468
-7.54769074320793
7
0.149472022056578
-0.384328031539918
-4.42182491421699
6.41360397338867
2.20938366651535
0.706465983390808
3.81164564490318
7
5.85424638986588
-1.26003022193909
-2.24154741168022
-0.30805227160454
1.10304451584817
0.646033746004104
16.6864176928997
7
0.731993454694747
-3.18716475963593
11.3724155306816
-2.27563362121582
-6.2282717525959
-7.42525202631951
5.71286418437958
7
-5.59437412023545
-15.5031075358391
2.92287564873695
5.99655901789665
3.6659656226635
-21.690944391489
1.12433791160584
7
7.26047583818435
-2.07978301644325
6.74830545186997
-2.16891458034515
-8.98455327749252
1.74621613025664
4.11140620708466
2
7
9.2104936003685
-8.75560138225555
-0.953513348102574
-16.2558980822563
3.32486633062363
-5.19820261597634
6.4652084171772
7
6.59850246906282
-3.23961457014084
4.62853989005088
-3.35563490390777
2.54848123788834
-2.35484700798988
5.15348392724991
|Explorer2Genome 30
3
6
8
-3.95550314784049
-1.64188272356987
-6.31232022047043
5.43721894025803
-9.68161342740058
-6.02185714840889
-0.700979149341585
-1.48119685053825
8
6.06519869565964
4.44315682053566
-6.8752710878849
-2.34567837119103
4.34503185749054
-3.54734867811203
-3.68646813035011
-0.434307163953783
8
9.25430727601053
7.45854924321175
-1.06557896733284
-1.96494220495224
-1.49068977236748
2.53222060203553
1.18467907905578
-5.61883966922759
8
14.9068805873394
-0.436746430397035
1.75511882305145
-8.43079059123993
1.29999972581863
0.333482432365419
-2.82117248177528
-2.77346449494361
8
-5.83245955109596
5.51579264998436
6.09272590279579
11.0129822254181
-2.97325147390366
-10.8808406114578
-3.59931238889695
-1.10850813388824
8
4.19409433603286
1.8035167336464
7.22815555334091
6.91324457526207
3.42276877760887
2.8626227080822
5.01310683488846
-1.7776226580143
6
7
10.0576785743237
6.13863818049431
3.95685051083565
-6.31206008195877
13.0056031644344
7.09942394495012
-7.44436568617821
7
1.46149322986603
0.819415259361266
-5.62222291827202
5.28837357163429
3.02340622544289
2.51097822785377
4.95269930958748
7
5.40336467623711
-5.13149963617325
-2.54059007763862
0.0835720956325505
2.59503610134125
2.70426969528198
16.4578626930714
7
0.479026114940642
-1.3232962846756
11.1121621668339
-1.80335043668747
-6.04610718488693
-8.57356970310211
5.0097549200058
7
-4.84162678718567
-15.7721878170967
2.41376931071281
3.46812860965729
4.23381836414337
-19.379679608345
-3.37010725140571
7
6.92033640146255
-1.96577890515327
6.74830545186997
-2.73701374530792
-8.39318183660507
1.22429453730582
4.11140620708466
2
7
9.42795149683952
-8.31124045848846
-0.953513348102574
-15.7894620776176
3.32486633062363
-5.39530041813851
6.03580778241157
7
6.69435167312623
-3.15430215597153
4.15909739732742
-3.23078585267066
1.30355067849159
-2.07025939226151
7.12900897264481
|Explorer2Genome 30
3
6
8
-5.74019610285758
-2.50971112847328
-8.50909618139267
5.21683076620103
-10.4675425112247
-5.99911659359932
-2.92960916757584
-0.799964165687561
8
6.34361635446549
4.31873170137405
-8.64294932484627
-3.47135448455811
3.05096923708916
-4.59997016191483
-3.58980925679207
1.57839404940605
8
9.47071853876115
7.2983910381794
-0.500498038530349
-1.6139905333519
-0.99042996764183
1.58545453548432
1.4104198873043
-5.5349571943283
8
14.9068805873394
-0.436746430397035
1.60073609352112
-8.43079059123993
1.50089133381844
0.698603320121767
-2.41035376191139
-3.69559636712074
8
-5.42044485211372
6.02638625502587
5.93275967240334
10.605563044548
-2.0280935883522
-10.6261624336243
-3.31069294810295
-0.568165469169616
8
5.23669415712356
1.69489163160324
8.14637266993523
8.48300123214722
1.46866465806961
3.71970672011376
4.27862423658371
-2.06357437372208
6
7
6.23954483270645
5.48914725780487
6.15310388803482
-6.73527368307114
12.663381421566
6.30027838349344
-8.09364895224571
7
-0.546647834777834
0.659971022605895
-4.88932723999023
8.00482545495033
2.3650849878788
1.15727894306183
5.71684520840645
7
5.25620892643928
-0.728586393594741
-2.49713940024376
-1.47284938693047
1.01205783486367
0.553489685058593
17.5853209197521
7
0.247074097394942
-2.99815735816956
11.4137801289558
-2.14846179485321
-6.2282717525959
-7.59444469809532
5.22035961151124
7
-6.31885479688645
-14.0316622078419
4.10560342073441
5.63788730502129
3.28858469724655
-21.9395086348057
0.157618159055712
7
6.78544059991836
-2.07978301644325
7.2796815276146
-2.33992400169373
-8.39318183660507
1.97790384292602
4.14577360153198
2
7
8.998723757267
-8.62285823225975
0.508330529928203
-17.6244797110558
2.8271290898323
-4.47022757530213
4.89721740484237
7
6.56880984306337
-3.60821624994278
4.48530799746513
-2.78917889595031
0.799977505207063
-2.85088372826576
5.91551245450973
|Explorer2Genome 30
3
6
8
-4.43337280154227
-2.42754535675049
-8.49414619207382
4.15842880010606
-10.7759794890881
-6.20249772071838
-1.54019752144814
-2.65487127304077
8
6.30438395142556
4.54917399287223
-5.64354400634765
-1.69867176413536
4.4472320318222
-3.06988664865494
-3.97018992900848
0.289393186569212
8
11.300298011303
7.37833824753761
-0.814016550779342
-1.57667936086655
-1.74781787991524
1.37908392548561
1.36534209251404
-5.87696804404258
8
13.4585339426994
-2.06957771778107
1.67015168070793
-7.74905733466149
-1.54182658195496
1.7130546271801
-2.62999066710472
-4.33737668991088
8
-7.24503520131111
5.84799773693085
5.469012850523
10.709143358469
-2.54482873678208
-10.1906419992447
-4.95334714651108
-1.00968970656395
8
5.33972152471542
0.901580035686496
9.37690314650536
7.93241925239563
1.25446044206619
3.29445993304253
5.02130731344223
-1.38066729307175
6
7
6.7838607430458
5.48914725780487
6.15310388803482
-7.06861082315445
12.5111417412758
5.92503026127817
-8.09364895224571
7
1.12640260457992
0.87681860923767
-5.13787479996681
5.03716833591461
3.19326007962227
1.16970853209496
5.54740740060806
7
5.80745119452476
0.393943774700166
-1.94908926486969
-2.31833221912384
1.12499732375146
1.12390520572662
19.0097953677177
7
0.368911743164061
-2.15984238982201
11.7081226706505
-3.55253541469574
-7.62942648530006
-5.72600815296173
5.68507807254792
7
-5.95253902077675
-13.8280045807362
4.40629019141197
5.62180669307709
3.55547837018967
-22.0671231329441
0.55604586005211
7
8.675641644001
-2.31474112868309
7.09530031085015
-2.17551031112671
-8.25389677882194
0.872745394706718
3.06936814785004
2
7
9.52194362878799
-8.69005230665207
-2.06781514286995
-16.7054548561573
3.61162735819816
-3.99338595867157
7.64592438936233
7
7.23623185157777
-0.803283673524855
3.05895165801048
-3.29340772628784
1.15146704912186
-0.355059522390367
7.26928090453148
|Explorer2Genome 30
3
6
8
-5.6450729548931
-5.04633005261421
-8.28710669279098
2.91945524811745
-9.01942988038062
-7.04706611633301
-1.56973407864571
-3.05684778690338
8
5.30741710662842
4.64810010194778
-6.95179753303527
-2.05301174521446
4.29527108669281
-3.90593550801278
-3.36382606625557
0.785122740268705
8
9.25430727601053
7.45854924321175
-1.06557896733284
-1.96494220495224
-1.23517884016037
2.6023020029068
1.26750776767731
-5.61883966922759
8
14.9068805873394
-0.436746430397035
1.75511882305145
-8.43079059123993
0.731959515810013
0.698603320121767
-2.82117248177528
-3.69559636712074
8
-5.94956787228584
6.04535975456238
4.43536928296089
11.7854832947254
-3.09476171135903
-10.6067876577377
-4.90382782816887
-0.782016134262084
8
4.63732919692993
1.87511540651322
6.12000926733017
9.69750783443451
1.83170381188393
2.55668579936028
4.77141795158386
-2.33889799714088
6
7
9.69835292100906
6.50316876769066
5.01921485066414
-7.08684603571892
13.5298121631146
6.44889332652093
-7.95371969938278
7
1.59393835067749
0.819415259361266
-5.23303238749504
5.28837357163429
2.44759116768837
2.92931242585182
4.88616507649421
7
3.95592347383499
-0.909646892547606
-4.93519150614738
0.519611448049543
0.147857457399375
0.159175133705138
19.064158219099
7
1.90852578878403
-2.71454679965973
12.2675226092339
-2.01749752163887
-6.19295299649239
-6.96168113946915
5.11452901363373
7
-4.99621087908745
-15.7721878170967
1.92124592661858
3.46812860965729
3.96242503523827
-19.030946803093
-3.37010725140571
7
7.26047583818435
-1.96577890515327
6.78716408014298
-2.05727996826172
-8.39318183660507
1.75644780993461
4.11140620708466
2
7
9.48767485022545
-8.75560138225555
-0.953513348102574
-16.2558980822563
3.32486633062363
-4.79058995842934
6.4652084171772
7
6.69435167312623
-2.77589732408523
3.58339720964431
-2.83040772080421
1.05458667874336
-2.07025939226151
6.82526446580887
|Explorer2Genome 30
3
6
8
-4.85134364962577
-1.90994043946266
-6.28462503552437
2.50488942861558
-9.89313813447951
-4.27182484269142
-1.60326181650162
-0.276176899671554
8
6.89657999277115
4.31873170137405
-9.24271171689033
-3.47135448455811
3.08685018420219
-5.02000294923783
-3.58980925679207
1.57839404940605
8
10.9686258435249
7.4139968931675
-1.0382093667984
-2.29177881479263
-1.6067399084568
1.74169760942459
1.64845654964447
-5.92084746360778
8
11.7781248986721
-2.26775476932526
3.05073358416557
-9.04507083296776
-3.36467463970184
0.877357137203218
-1.4950619161129
-3.7985627412796
8
-5.47196279168129
5.38574184775353
5.50039237141609
12.297111749649
-4.01922488808632
-10.7091496229172
-3.634664529562
-0.400033593177795
8
4.63732919692993
1.83653694391251
6.12000926733017
9.79339360594749
1.5167101919651
2.16298209428787
4.81633307933808
-2.33889799714088
6
7
9.27551010847091
6.22400037646294
5.63738232851028
-6.51922065615654
13.5813569962978
6.72341813445093
-8.10777260661125
7
1.70692908763885
1.21153454780579
-5.07419676184654
5.02975462079048
2.44759116768837
2.08171942830086
4.88616507649421
7
5.03710885643959
-0.590477591753005
-2.11491088271141
-0.966525143384936
1.01205783486367
0.0040266513824454
17.5853209197521
7
0.883276069164275
-2.71454679965973
11.8761491179466
-2.45458515286446
-6.90357237458229
-7.51949793100357
5.11452901363373
7
-4.25604702234268
-14.9983249008656
2.88561994433403
4.16636794805527
3.86208851337433
-19.9352405905724
-3.81382274627685
7
6.47295894026756
-2.66715102791786
5.96275100111962
-4.15955634117126
-9.55096874833107
1.58050562739371
4.44248406887055
2
7
8.66743460893631
-8.81831732988357
0.0236080825328784
-17.8994282364845
3.33344775438309
-4.99978559613228
5.79027498960495
7
6.36898963451387
-1.9028951883316
3.94379070401191
-2.72198757529258
1.08577545881271
-0.279986637830735
6.39583901166916
|Explorer2Genome 30
3
6
8
-4.45248550772666
-1.64188272356987
-5.96947411298752
5.43721894025803
-9.36501663327216
-6.02185714840889
-0.700979149341585
-1.48119685053825
8
7.13091420531273
4.31873170137405
-8.64294932484627
-3.29774877429009
3.16942982077599
-4.59997016191483
-3.58980925679207
1.86190481185913
8
8.21938830018045
7.10653532743454
-0.698762655258178
-2.14158118963242
-0.191463023424148
1.85307190418244
0.417073345184325
-5.92367860674857
8
12.6539189457893
-2.44942230582237
2.49090949892998
-8.90168882608414
-2.47070889472961
1.53841065168381
-2.5794911801815
-3.34297065734863
8
-5.94956787228584
6.22063680291176
4.35736127495766
11.58820977211
-3.26703963875771
-9.59629675745964
-4.38941418528557
-1.05087640285492
8
2.1777754843235
1.34237090349198
7.51048714518547
6.4602203309536
2.63538962006569
2.08348295688629
5.27026208639145
-2.83742561340332
6
7
9.24886676073074
6.39556433558464
5.23551576733589
-7.08684603571892
13.5298121631146
7.94387924075128
-7.95371969938278
7
1.17126111984253
0.819415259361266
-4.97198265790939
5.28837357163429
2.44759116768837
2.51097822785377
4.88616507649421
7
3.61362333893776
-0.909646892547606
-4.71872223615646
0.827025216817853
0.365342980623252
0.159175133705138
18.9943242251873
7
1.49282215833664
-2.93680143356323
12.2675226092339
-2.14431522488594
-5.68686764836311
-6.58921886682511
5.30244019627572
7
-5.79398761987687
-15.4280659079552
2.41454654335976
5.62960965037346
3.66065164804459
-21.0348741352558
1.35968152880669
7
6.81832494735718
-1.90518966317177
6.60682037472725
-3.92359683513641
-9.92705255746841
1.20832466483115
3.62154829502106
2
7
10.1480574905872
-8.74601375460625
-2.31509800553322
-15.4643247544765
2.89072247743607
-4.80217890739441
6.26851251721382
7
5.86584355831148
-3.31191555261612
4.42846896648406
-2.22546989917754
0.665348511934282
0.205260109901427
6.70295065641403
|Explorer2Genome 30
3
6
8
-5.70777579545974
-2.35534885525703
-6.50370563268661
1.94613801240922
-10.0513625025749
-5.38579211235046
-0.821952229738237
0.0608627080917359
8
6.6709754049778
5.49710365533828
-7.1655045568943
-2.05725449919701
4.31660795211792
-3.07335606813431
-3.79714320898056
0.663444721698759
8
9.06375306248666
7.19942732453347
-0.411348778009414
-1.96494220495224
-0.757380640506744
1.73173470497132
1.07765545248985
-6.07607748508452
8
14.3059855341911
-0.243902415037156
3.56257352232933
-10.0723946154118
-0.927969950437546
0.258105278015138
-3.47953035831451
-2.29643363952636
8
-7.66111562848091
6.51315998435021
4.46684865355492
12.0037945985794
-1.06861020326615
-10.2001447439194
-3.49949428439141
-0.450393015146255
8
6.10909172296524
2.55809133052826
6.69098333120346
7.57234070301056
3.21138082742691
3.63331732749939
4.08261777162552
-2.19042492508888
6
7
6.99718097448349
6.78821977972984
5.90700219869614
-6.56592665910721
12.9601312279701
6.85666638016702
-8.04526419043541
7
-0.75002808570862
0.659971022605895
-4.82438323497772
7.0032753765583
2.18715267777443
1.15727894306183
5.96881821751594
7
4.68487124443054
-1.14698778986931
-1.48341066241264
0.790239381790159
1.38409762382508
0.710874539613723
20.204949170351
7
0.779127806425093
-1.07094379663467
11.8608069181442
-1.62619011998177
-6.86641904115677
-7.31122722625733
5.46146420240403
7
-5.45112767219544
-14.6287976264954
4.81534843444824
5.39767116904259
3.65447267889977
-22.3697618544102
0.387524312734606
7
6.74138728380203
-3.33538571000099
5.74450230002404
-3.96657454967499
-9.09758664369583
2.20951218008994
3.83330597877503
2
7
9.18199623823165
-8.9340371966362
-1.72170189023018
-16.4019543230534
4.37938000559807
-4.96922495365143
7.1463852584362
7
6.888041138649
-3.85602546930313
4.83330537676811
-2.895095038414
0.746763408184053
-2.59935038685799
5.34311059713364
|Explorer2Genome 30
3
6
8
-5.70777579545974
-2.35534885525703
-6.50370563268661
1.94613801240922
-10.0513625025749
-5.38579211235046
-0.821952229738237
0.0608627080917359
8
6.6709754049778
5.49710365533828
-7.1655045568943
-2.05725449919701
4.31660795211792
-3.07335606813431
-3.79714320898056
0.663444721698759
8
9.06375306248666
7.19942732453347
-0.411348778009414
-1.96494220495224
-0.757380640506744
1.73173470497132
1.07765545248985
-6.07607748508452
8
14.3059855341911
-0.243902415037156
3.56257352232933
-10.0723946154118
-0.927969950437546
0.258105278015138
-3.47953035831451
-2.29643363952636
8
-7.66111562848091
6.51315998435021
4.46684865355492
12.0037945985794
-1.06861020326615
-10.2001447439194
-3.49949428439141
-0.450393015146255
8
6.10909172296524
2.55809133052826
6.69098333120346
7.57234070301056
3.21138082742691
3.63331732749939
4.08261777162552
-2.19042492508888
6
7
6.99718097448349
6.78821977972984
5.90700219869614
-6.56592665910721
12.9601312279701
6.85666638016702
-8.04526419043541
7
-0.75002808570862
0.659971022605895
-4.82438323497772
7.0032753765583
2.18715267777443
1.15727894306183
5.96881821751594
7
4.68487124443054
-1.14698778986931
-1.48341066241264
0.790239381790159
1.38409762382508
0.710874539613723
20.204949170351
7
0.779127806425093
-1.07094379663467
11.8608069181442
-1.62619011998177
-6.86641904115677
-7.31122722625733
5.46146420240403
7
-5.45112767219544
-14.6287976264954
4.81534843444824
5.39767116904259
3.65447267889977
-22.3697618544102
0.387524312734606
7
6.74138728380203
-3.33538571000099
5.74450230002404
-3.96657454967499
-9.09758664369583
2.20951218008994
3.83330597877503
2
7
9.18199623823165
-8.9340371966362
-1.72170189023018
-16.4019543230534
4.37938000559807
-4.96922495365143
7.1463852584362
7
6.888041138649
-3.85602546930313
4.83330537676811
-2.895095038414
0.746763408184053
-2.59935038685799
5.34311059713364
|Explorer2Genome 30
3
6
8
-3.93404354453086
-2.42754535675049
-8.49414619207382
3.54312983751298
-10.8753175675869
-5.78891825675964
-2.54420714974404
-2.65487127304077
8
7.0080743432045
4.38212074041366
-8.91313124299049
-3.10815938711167
3.05096923708916
-4.58039110898972
-3.58980925679207
1.90798990130424
8
10.924031150341
7.4139968931675
-2.36304981708527
-1.78329035043716
-2.01823053956032
1.79856017231941
1.95729982852936
-5.97566516399383
8
12.135905277729
-1.84345383644104
2.6649641752243
-9.41504136919975
-2.09587955474854
1.5278235077858
-2.34650034308433
-3.85051527023315
8
-7.24503520131111
6.14840457439423
5.469012850523
11.0219278395176
-3.02263630628586
-9.64238474369049
-4.6321259379387
-1.84207756519318
8
5.9215953707695
0.949760735034945
9.26543933749199
8.48300123214722
1.25446044206619
3.29445993304253
5.33462773561478
-1.47087441682815
6
7
8.63409796357155
4.90235627889633
4.09365139603615
-7.1223497748375
10.8727050483227
8.15786587595941
-9.11050181984901
7
1.40016641616821
-0.372331047058107
-3.49055758118629
7.49962239265442
1.85669708848
0.1155766248703
5.29216324090958
7
6.39442354440689
0.200422894954683
-1.73564286231994
-2.11150743961334
0.327043861150748
1.19320361614227
18.8265898346901
7
0.897802734374999
-2.99815735816956
11.9631704211235
-2.1239278793335
-6.41532772183418
-7.17145282626152
5.79665630459786
7
-5.95253902077675
-13.8280045807362
4.18600903749466
5.17504737377167
3.48663057088852
-22.0671231329441
0.293142098188402
7
7.1728630900383
-1.80897254943848
5.62115510702134
-4.1127623796463
-8.92787557244301
0.696273654699317
3.14606850743294
2
7
8.36947773694992
-9.76797515749931
0.287766760587688
-17.8994282364845
3.41265424489975
-4.0657467186451
6.18419863581657
7
6.83996987342836
-0.803283673524855
2.8251540839672
-2.98739457130432
1.15146704912186
0.204820924997329
6.43635887503624
|Explorer2Genome 30
3
6
8
-4.57293151617049
-1.92444961667061
-6.50370563268661
2.8054091334343
-10.0052306711674
-4.95377235412598
-1.3524250805378
-0.197285389900207
8
6.57038671970368
4.21375225782394
-7.69732387661934
-1.86709174513817
4.23721535205841
-3.36138526201249
-3.12281896471977
0.805251359939573
8
9.25430727601053
7.45854924321175
-1.06557896733284
-1.96494220495224
-1.57575435042381
2.6023020029068
1.26750776767731
-5.61883966922759
8
14.7645125806332
-0.436746430397035
1.75511882305145
-8.43079059123993
1.03201773762703
0.698603320121767
-2.82117248177528
-3.69559636712074
8
-5.85345774292946
5.51579264998436
6.09272590279579
11.0129822254181
-2.97325147390366
-10.8808406114578
-3.59931238889695
-0.178581547737121
8
4.63732919692993
2.26726924180985
6.22062178850174
9.46344427466392
1.83170381188393
2.40200160741806
4.38071479797363
-2.33889799714088
6
7
9.30072079896927
6.73738991618156
5.39741161465645
-6.04087643027306
13.2340196549893
6.76239701509477
-7.54769074320793
7
0.625877761840818
1.42688828706741
-4.21472340226173
6.12825271487236
2.67991037964821
1.04319415092468
5.70142520666122
7
5.25620892643928
-0.728586393594741
-2.49713940024376
-0.966525143384936
1.01205783486367
0.553489685058593
17.5853209197521
7
0.597498428821563
-1.3232962846756
11.3177329599857
-1.80335043668747
-6.00321851968765
-8.57356970310211
5.0097549200058
7
-5.29608275890351
-15.7721878170967
1.92124592661858
3.46812860965729
3.63176531195641
-19.138742351532
-2.99967315793037
7
7.26047583818435
-1.96577890515327
6.74830545186997
-2.16891458034515
-8.39318183660507
1.75644780993461
4.11140620708466
2
7
8.79926825761795
-8.75560138225555
-0.953513348102574
-16.2558980822563
3.32486633062363
-4.79058995842934
6.4652084171772
7
6.69435167312623
-3.13296757936478
3.58339720964431
-2.83040772080421
1.30355067849159
-1.56626473665238
6.82526446580887
|Explorer2Genome 30
3
6
8
-5.24076477885245
-2.50971112847328
-7.44089707136154
4.74372128248215
-10.4675425112247
-5.99911659359932
-3.166830098629
-0.757088375091553
8
4.75930333137512
5.2203317284584
-6.82006902694702
-2.15808402895928
3.86163535118103
-4.05470405220986
-3.36382606625557
0.785122740268705
8
8.6574935257435
7.10758798718453
-1.48127208352089
-2.34010356664658
-0.191463023424148
1.85307190418244
0.414816999435423
-5.61598932147025
8
12.0276198863983
-1.5689457654953
2.05681907534599
-9.04507083296776
-3.24577031135559
1.31477922201157
-1.71031448245048
-4.08079037070274
8
-6.57772992253304
6.12818617224694
7.37239752411843
11.2798743963242
-2.94112197160721
-9.28598128557205
-3.1982843220234
-0.124779939651489
8
3.98730716109275
1.88507212400437
6.79494689702988
7.49745802283287
2.96167923808098
2.55308176875115
5.01310683488846
-2.33535261750221
6
7
8.00314013957977
5.63878199458122
3.58600936532021
-5.0876981317997
11.5053183853626
7.61449884176256
-9.66091673374176
7
1.83927278518677
-0.325322508811952
-3.81237488389015
7.79148333668709
2.52836964726448
1.25442499518394
5.36103171110153
7
6.65221249461174
-5.45244761705398
-2.47937341332435
-0.543091332912448
1.95813369750977
2.6139987707138
16.6522026658058
7
0.421599376201629
-2.15211297869682
12.1941764771938
-2.17645747661591
-5.82473190426826
-7.88824192881584
5.38913512825966
7
-4.28992643356324
-14.1964781403542
3.48475804328918
3.56006563305855
3.7152973651886
-19.5333537518978
-2.17219309806824
7
7.74300352334976
-2.62823212146759
6.40992831587792
-3.22305920124054
-8.3433787047863
0.677398198842994
3.82290644645691
2
7
8.24709047079086
-8.10428117513656
-0.119328910112385
-17.8378531575203
3.33344775438309
-4.22722716331482
5.41049779653549
7
7.17763359546663
-2.84794038534164
4.13984634280204
-2.70515072345733
1.12120386362076
-1.33042308688164
7.18489197492599
|Explorer2Genome 30
3
6
8
-5.14395241141318
-2.50971112847328
-7.80412660837173
3.50579527616502
-10.4675425112247
-6.47324503064156
-2.92960916757584
-0.34983491897583
8
7.34475966691971
4.3343493103981
-8.79211111664772
-3.28054158091545
3.05096923708916
-4.58039110898972
-3.58980925679207
1.57839404940605
8
9.24261034131051
7.2983910381794
-1.04132679104805
-1.53858977556229
-0.99042996764183
1.58545453548432
1.4104198873043
-5.9111173570156
8
11.8485652148724
-2.03353404998779
2.49655887484551
-8.95090190768242
-3.41134593486786
1.39844719171524
-1.4950619161129
-3.05535861849784
8
-8.15089042782783
5.7943304002285
7.37239752411843
11.3267619848251
-3.00723978281021
-9.62174421548843
-3.44403787851334
-0.412455582618713
8
4.97860941290855
1.88507212400437
6.27458060979843
7.8120851457119
3.22428488135338
1.97855224013329
4.5489971280098
-2.33535261750221
6
7
8.40279672145843
4.02424196004868
4.21221540570259
-7.10722604990006
11.8506733596325
8.15786587595941
-8.80164967179299
7
1.41190454959869
-0.372331047058107
-3.12534156441689
7.49962239265442
1.76581090092659
0.1155766248703
5.01478742361069
7
5.75086275339127
-0.739869159460066
-1.86695358753204
-0.667959660291674
1.8756996691227
-0.0954488277435311
17.3424531161785
7
0.539177334308623
-2.15211297869682
12.1941764771938
-1.74538772106171
-5.49012776017189
-7.75187076926232
5.15714209079743
7
-6.1572469830513
-14.3567249119282
4.10560342073441
5.68590320944786
3.28858469724655
-21.9395086348057
0.194170516729357
7
7.65249770879745
-2.62823212146759
6.83707475066185
-2.92694540023804
-7.78635684847831
0.677398198842994
3.41692214012146
2
7
8.13297592401504
-8.53871442079544
-0.119328910112385
-17.3039413571358
2.9174113869667
-4.86831107735634
5.8835657954216
7
6.4821443796158
-2.73016916513443
3.85866341590881
-3.13631432056426
0.175478583574296
-0.102781367301942
6.02867599725723
|Explorer2Genome 30
3
6
8
-4.9073455274105
-2.02431085109711
-6.91878105401993
2.57152558565141
-10.7188048243523
-5.14179247021675
-1.3227595448494
-0.629180282354355
8
5.634391528368
4.76834025979042
-7.33206730484962
-1.83133489489556
4.3508978843689
-2.96512056589127
-3.8967293381691
0.165683180093763
8
7.93765013813974
6.95290978550911
-1.02932689189911
-2.34010356664658
-0.191463023424148
1.82612028121948
0.417073345184325
-5.3018760383129
8
12.9163826823235
-1.48940703868866
2.57873768210411
-8.7502535045147
-2.17406973838806
2.05853482484818
-2.64132303595543
-3.19487647414207
8
-5.73463910222053
6.02638625502587
6.21303578019142
10.6693808078766
-1.40648944973946
-10.5080945968628
-3.31069294810295
-0.568165469169616
8
5.33972152471542
0.322102010250094
7.61301478147507
8.84454262256622
2.46188458204269
4.5226092517376
4.05835543870926
-1.67106178402901
6
7
7.47122586965561
5.71254914402962
6.4578897356987
-6.58800209760666
12.7463978648186
7.63192513585092
-7.5072981774807
7
0.149472022056578
-0.760839223861695
-4.5160494863987
5.97470252513885
2.06887382268906
0.744208240509033
3.58082398176193
7
6.58544802069664
-5.45244761705398
-2.50863774418831
-0.20847581624985
1.95813369750977
2.70426969528198
16.3215357363224
7
0.897802734374999
-2.99815735816956
12.3295628905296
-2.1239278793335
-5.82001021504402
-7.17145282626152
5.79665630459786
7
-5.54112642407418
-14.4595175325871
4.10560342073441
6.06025854945183
3.48707896471024
-22.2351735413074
0.194170516729357
7
7.85595876574516
-2.62823212146759
6.83707475066185
-2.92694540023804
-8.3433787047863
0.677398198842994
3.49132869243622
2
7
7.48251606225967
-7.75158969759941
-0.637997466325764
-17.3152236580849
2.63637666106224
-4.89428229928017
5.25914657115936
7
7.2664230823517
-4.355741751194
4.02807585000991
-2.66746790409087
0.0388361990451827
-1.75347491502762
6.82526446580887
|Explorer2Genome 30
3
6
8
-5.15871693491935
-4.96375070214271
-8.10924748182296
3.11362035870553
-9.01942988038062
-7.04706611633301
-1.56973407864571
-2.92632691860199
8
5.30741710662842
5.10600353479385
-6.98536441326141
-2.02722527384758
4.33117785453796
-3.90593550801278
-3.36382606625557
0.265050137042997
8
9.15879889130593
7.2983910381794
-0.271511131525039
-1.96494220495224
-0.99042996764183
2.06199545860291
1.09653949141502
-5.56593964099883
8
14.6979528307915
-2.05970118045807
2.94484705328941
-10.1115121662617
-1.02639706134796
0.478989839553834
-3.15306224822998
-2.77983801364898
8
-7.66111562848091
7.26226963400841
4.65312955379486
12.1275451421738
-1.06861020326615
-10.7211541175842
-3.49949428439141
-0.402630811929702
8
4.80171395540237
2.08703944087029
7.05157994031906
7.83818387985229
3.75565432310104
3.70278117656708
4.0209783911705
-2.77318904995918
6
7
6.73834716081619
5.62599830031395
5.90700219869614
-6.21794859170914
12.6703307032585
6.73100331425668
-8.04526419043541
7
-0.546647834777834
0.659971022605895
-5.44378247261047
7.02146025300026
2.3650849878788
1.15727894306183
5.9049579679966
7
5.18366681337356
-0.510350173711775
-1.57653429508209
-2.11150743961334
1.4029150903225
1.25147657394409
19.2144515633583
7
0.779127806425093
-1.45104035139084
11.6862752377987
-1.24748938679695
-6.79853926897049
-7.31122722625733
5.46146420240403
7
-6.11346514225007
-14.2015746593475
4.66776649951935
5.39767116904259
3.05735473036766
-22.1027193367481
0.569234156608583
7
6.74138728380203
-2.76992076039314
5.96275100111962
-3.34511594772339
-9.45024133920669
1.51590022444724
3.83330597877503
2
7
9.40036064982414
-9.07546469569206
-1.52952104210854
-14.6706528306007
3.22508348822593
-5.25881388783455
6.29267550110817
7
7.03607647418977
-3.59043191671371
5.77522163391113
-2.43215820789337
0.799977505207063
-3.00371134877205
6.08174875974655
|Explorer2Genome 30
3
6
8
-5.15871693491935
-4.96375070214271
-8.06314889192581
3.11362035870553
-9.01942988038062
-7.04706611633301
-1.56973407864571
-2.92632691860199
8
5.30741710662842
5.17431052923202
-6.54817607402801
-2.05301174521446
4.33117785453796
-3.90593550801278
-3.36382606625557
0.265050137042997
8
9.15879889130593
7.20564175248146
-0.271511131525039
-1.96494220495224
-0.99042996764183
2.06199545860291
1.4104198873043
-5.56593964099883
8
14.6979528307915
-1.87742877006531
2.7933898627758
-9.86206350922585
-1.02639706134796
0.478989839553834
-3.15306224822998
-2.82702550888061
8
-7.2532138645649
6.74726919531822
5.05087010860443
12.1275451421738
-1.06861020326615
-10.7710693120956
-3.49949428439141
-0.402630811929702
8
5.34897085428238
1.60517665743828
6.62227042913437
8.24670119285583
3.6664887547493
3.70278117656708
4.0209783911705
-2.77318904995918
6
7
6.73834716081619
5.62599830031395
5.90700219869614
-6.21794859170914
12.6703307032585
6.73100331425668
-8.04526419043541
7
-0.546647834777834
0.659971022605895
-5.44378247261047
7.02146025300026
2.87988772988319
1.15727894306183
5.9049579679966
7
5.18366681337356
-0.510350173711775
-1.84231510162353
-2.11150743961334
1.4029150903225
1.25147657394409
18.7970347523689
7
1.23300492167473
-1.84019669294357
11.6862752377987
-1.2766017973423
-7.69830051660538
-7.31122722625733
5.88893121480942
7
-6.11346514225007
-14.1314597129822
5.18840451240539
5.72620000243187
3.05735473036766
-22.1027193367481
0.387524312734606
7
6.74138728380203
-2.76992076039314
6.07148882746697
-3.34511594772339
-9.45024133920669
1.791876912117
3.83330597877503
2
7
9.26253895163535
-8.96172267198562
-2.17226479649544
-15.7761177122593
3.74640457034111
-3.16934762001038
7.10322881937027
7
7.24979910850526
-2.77155457735061
4.54640335440635
-2.58258357048034
1.12120386362076
-1.42950889468193
7.05951701402664
|Explorer2Genome 30
3
6
8
-5.6833859860897
-2.50971112847328
-6.91359108686447
4.30297397375108
-10.4825326263905
-5.99911659359932
-2.92960916757584
-0.571772766113281
8
6.36198068857193
4.31873170137405
-8.65319293141365
-3.47135448455811
3.05096923708916
-4.93967801332474
-3.04023450016975
1.71674060225487
8
9.15879889130593
7.2983910381794
-0.723426872491836
-1.69921241402626
-1.10242421030998
1.73173470497132
1.42642652392387
-6.07607748508452
8
14.2843863487244
-0.311861008405686
1.79652955532074
-8.61773748397827
0.60599747300148
0.282473915815355
-1.82456358671188
-3.8227329313755
8
-5.92536354660988
5.6705426633358
5.60649483799935
11.5789844036102
-2.73936844468117
-10.7853502511978
-3.81107043027878
0.0990541934967047
8
6.1783963561058
0.503092736005786
7.80084664225578
9.1303181707859
2.62909492254257
4.39834164977074
4.23185037374496
-2.99544094800949
6
7
9.27551010847091
6.73738991618156
5.39741161465645
-6.51249389052391
13.5298121631146
6.74058579206468
-7.54769074320793
7
-0.546647834777834
0.659971022605895
-4.88932723999023
7.38086467385292
2.3650849878788
1.15727894306183
5.9049579679966
7
5.56185569167137
-4.59056788682937
-2.47937341332435
0.245060461759565
2.18225357532502
2.96603968739509
16.4578626930714
7
0.731993454694747
-2.91077079176903
11.3724155306816
-2.46269567012787
-6.2282717525959
-7.42525202631951
6.07737882137299
7
-5.9566524386406
-15.5031075358391
2.92287564873695
5.99655901789665
3.6659656226635
-21.690944391489
1.12433791160584
7
7.26047583818435
-2.07978301644325
6.74830545186997
-2.16891458034515
-8.3862052321434
1.74621613025664
4.11140620708466
2
7
9.2104936003685
-8.75560138225555
-1.15471571683884
-16.7471016764641
3.56480657458305
-5.19820261597634
6.4652084171772
7
6.89865410327913
-3.59043191671371
4.6929246366024
-2.895095038414
0.799977505207063
-2.40779381394386
5.85736709833145
|Explorer2Genome 30
3
6
8
-4.9073455274105
-1.90994043946266
-6.53859081864357
2.08835159540177
-10.290410643816
-4.96939881443977
-1.63266197443009
-0.276176899671554
8
6.82755960226059
4.38212074041366
-8.22627323269844
-3.28054158091545
3.05096923708916
-4.59832264184952
-3.58980925679207
2.161875218153
8
8.08332784771921
7.10758798718453
-1.43315432667732
-1.84475835561752
0.0407995223999026
1.85307190418244
1.08528871536255
-5.61598932147025
8
12.135905277729
-1.84345383644104
2.42571057677269
-9.41504136919975
-1.62937252521515
1.5278235077858
-2.34650034308433
-3.85051527023315
8
-5.46691877245903
5.48792371153832
6.15583892464638
11.8878356933594
-1.52808240652084
-10.9116654157639
-3.31069294810295
-0.300525087118148
8
6.11545406579971
1.13466812968254
6.98819204568863
8.09066479206085
3.18832606077194
3.67199113368988
4.53452342748642
-2.32017716169357
6
7
8.51441767215729
5.28703231215477
3.09671679139137
-4.88236893415451
11.8214074909687
7.61449884176256
-9.66091673374176
7
0.753709197044371
-0.78157470226288
-3.81237488389015
7.49962239265442
2.42086570858955
1.25442499518394
4.62622610330582
7
5.96095546483993
-0.739869159460066
-1.86695358753204
-0.667959660291674
1.8756996691227
-0.0954488277435311
17.3424531161785
7
0.432784044742583
-2.58550495505333
12.1941764771938
-2.3154586315155
-5.63975461125374
-7.77386166453362
5.0587980747223
7
-6.32511321306229
-15.1910047650337
2.91485477089882
5.74582931995392
3.66065164804459
-20.4915125191212
0.516478699445726
7
6.68445321321487
-1.80897254943848
5.15203603506089
-4.21431925296783
-8.92787557244301
0.696273654699317
3.14606850743294
2
7
8.13297592401504
-8.51935151815414
-0.119328910112385
-17.3039413571358
2.9174113869667
-4.86831107735634
5.8835657954216
7
5.91075446605684
-2.16880170106888
3.85866341590881
-2.6492659330368
0.175478583574296
0.139392352104186
6.55679222345352
|Explorer2Genome 30
3
6
8
-4.24673563241958
-1.86974394321442
-7.37224162220955
4.2934382557869
-12.05567689538
-6.68695278763771
-1.44613186120987
-0.665359544754028
8
7.3036092877388
4.27582823038101
-7.57155954837799
-3.4765228509903
3.64819318652153
-4.70039457082749
-5.3389984190464
2.15742661356926
8
8.38473311066629
7.10758798718453
-1.43315432667732
-1.84475835561752
-0.549915868043899
1.85307190418244
1.50597639083862
-5.78690618872642
8
11.9280543744564
-2.03353404998779
2.49655887484551
-9.04507083296776
-3.41134593486786
1.39844719171524
-1.4950619161129
-3.06281551718711
8
-7.01593542695045
5.62421941161156
5.7861060500145
11.0106045007706
-2.92929280400276
-10.8268935203552
-3.23964774012566
-0.178581547737121
8
4.85164738893509
1.69489163160324
8.47793118357658
8.95076489448547
1.83560708761215
3.71970672011376
4.27064327001572
-2.06357437372208
6
7
8.00314013957977
5.23233305811882
3.09671679139137
-4.88236893415451
11.5666627943516
7.61449884176256
-9.66091673374176
7
0.947448015213011
-0.325322508811952
-3.81237488389015
7.49962239265442
2.20387735962868
1.25442499518394
5.14392448663711
7
5.81906853914261
-1.02962962985039
-1.71949696540832
-1.10551692843437
0.975292402505881
-0.0954488277435311
17.3424531161785
7
0.171913039684295
-1.34494035243988
11.7991128563881
-2.01409640908241
-6.88284819722176
-5.42204409837723
4.82511222362519
7
-4.80561909675598
-14.0544008135796
3.48475804328918
3.47133422493935
3.7152973651886
-19.0143832147121
-2.13232309818268
7
6.8551610827446
-2.6406043112278
4.97183927893639
-2.33689376711845
-10.333436280489
2.03178146481513
5.63428845405579
2
7
8.13297592401504
-8.51935151815414
-0.119328910112385
-17.3039413571358
2.80479344129562
-4.86831107735634
5.8835657954216
7
6.04686634540559
-2.29334006309509
4.25928537845611
-2.81790328025817
1.58378843069077
-0.139858007431031
6.8814239680767
|Explorer2Genome 30
3
6
8
-4.74075618982314
-2.01892690658569
-7.37224162220955
3.69771748781205
-12.5977085649967
-6.68695278763771
-1.44613186120987
-0.193337821960449
8
6.80549904108048
4.42444499731064
-7.86690593361854
-3.57862439155579
3.64819318652153
-4.70039457082749
-5.3389984190464
2.50321242213249
8
10.924031150341
7.4139968931675
-1.39592535495758
-1.37839995622635
-1.43788691163063
1.73452125191689
1.95729982852936
-5.51948421001433
8
11.8485652148724
-2.03353404998779
2.49655887484551
-9.04507083296776
-3.41134593486786
1.39844719171524
-1.4950619161129
-2.60312866568565
8
-7.64512694478035
6.12818617224694
7.22028244137764
11.3267619848251
-3.00723978281021
-9.62174421548843
-3.44403787851334
-0.412455582618713
8
4.97860941290855
1.88507212400437
6.27458060979843
8.19933819174766
3.22428488135338
1.61688124537468
5.01310683488846
-2.33535261750221
6
7
8.48778877258301
4.87730959653854
4.09365139603615
-7.1223497748375
11.8506733596325
8.15786587595941
-9.13852832913399
7
1.41190454959869
-0.372331047058107
-3.12534156441689
7.49962239265442
1.85669708848
0.211899042129516
5.35468496084213
7
5.48877252340317
0.200422894954683
-1.73564286231994
-2.11150743961334
1.24760460257531
1.12255544662476
18.8265898346901
7
0.539177334308623
-2.15211297869682
11.8759783685207
-1.74538772106171
-5.49012776017189
-7.75187076926232
5.15714209079743
7
-4.80561909675598
-13.829965364933
3.87091059684753
4.02318399548531
3.7152973651886
-19.0143832147121
-2.13232309818268
7
7.10896722078323
-2.6406043112278
4.97183927893639
-2.69248594641685
-9.8195755302906
1.73982617855071
5.15086977481842
2
7
8.36947773694992
-9.76797515749931
0.287766760587688
-17.8994282364845
3.63436056375503
-4.39188852906227
5.88637388944626
7
6.41889173984529
-1.47178852558136
4.84520814418792
-2.66434933543205
1.15716713666916
-0.496405124664308
6.8275716483593
|Explorer2Genome 30
3
6
8
-4.9073455274105
-1.47114395499229
-6.28462503552437
3.12360731363297
-10.4458683133125
-5.12488082051277
-1.37814925312996
0.180114847421646
8
6.36198068857193
4.02019575834274
-7.7190170109272
-3.47135448455811
3.05096923708916
-4.71061614751816
-3.04023450016975
1.57839404940605
8
8.92632797360422
7.50872420072556
0.644281196594239
-1.61201694607735
-2.28197572827339
3.08151626586914
1.73884590268135
-7.09691037535666
8
14.4039139509201
-0.311861008405686
1.79652955532074
-8.61773748397827
0.60599747300148
0.0967202126979843
-1.82456358671188
-3.8227329313755
8
-5.90490437150001
5.77544957995415
5.45192471146584
11.8504810333252
-3.45297739505768
-10.6450657844543
-4.1037189424038
-0.278782796859741
8
6.1783963561058
0.503092736005786
7.80084664225578
9.10889461636543
2.62909492254257
4.36680831313133
4.23185037374496
-2.99544094800949
6
7
9.27551010847091
6.73738991618156
5.39741161465645
-6.51249389052391
13.5298121631146
6.74058579206468
-7.70052894949913
7
0.850151634216307
-0.430873012542726
-4.14999139904976
7.16713025569916
2.93422220349312
0.389206129312515
5.44987734556198
7
5.48066688776016
-1.35514169335365
-2.41338579654693
0.171877890825269
0.128886711597449
-0.02552514076233
17.2828122317791
7
0.731993454694747
-2.73778560161591
11.2318531155586
-2.27563362121582
-5.65657828450203
-7.42525202631951
5.16126940250397
7
-5.59437412023545
-15.5031075358391
2.92287564873695
5.99655901789665
3.6659656226635
-21.5986464321613
1.25689289569855
7
7.13516153097152
-2.57318244576454
6.47339111566544
-2.16891458034515
-8.98455327749252
1.74621613025664
4.11140620708466
2
7
8.36947773694992
-9.14349211454391
0.287766760587688
-17.8994282364845
3.2546976685524
-4.49336479306221
5.98147135972976
7
6.52744817733766
-2.73016916513443
3.50162849426269
-2.6492659330368
0.503957134485246
0.399473625421523
6.28809193968773
|Explorer2Genome 30
3
6
8
-4.74075618982314
-1.80683457255363
-7.37224162220955
4.37202647924424
-12.5977085649967
-6.68695278763771
-1.57448443174362
-0.193337821960449
8
5.75006976723671
4.76834025979042
-7.97976441979408
-1.66000548601151
3.78515105247498
-3.64293688535691
-3.8967293381691
-0.295649904012682
8
11.2925521492958
7.09594920277596
-2.00512399077415
-1.28082362413406
-1.22059493660927
1.37908392548561
1.80066161155701
-5.9076458454132
8
13.1375839948654
0.518442773818969
1.39242107868195
-9.00572996139526
0.790804213285446
0.507906430959703
-1.90362464785576
-4.87657113671302
8
-5.4523556470871
6.90708184242249
5.4974626660347
12.6161424696445
-2.32163590192795
-11.5632528781891
-4.29599642157555
-0.482910203933715
8
4.97860941290855
1.88507212400437
5.85928839445114
7.8120851457119
3.22428488135338
2.02246014475823
5.01310683488846
-2.33535261750221
6
7
8.00314013957977
5.23233305811882
3.09671679139137
-5.42492517232895
11.8214074909687
7.61449884176256
-9.66091673374176
7
0.262428641319273
0.663740241527556
-4.30596564412117
6.32985092401504
3.61046231389046
1.07696654200554
5.37467707395554
7
5.96095546483993
-0.739869159460066
-1.86695358753204
-1.1938847720623
1.8756996691227
-0.0954488277435311
17.3424531161785
7
0.539177334308623
-2.15211297869682
12.1941764771938
-1.74538772106171
-5.78179696202278
-7.75187076926232
4.91868863105775
7
-4.80561909675598
-14.1964781403542
3.48475804328918
4.02318399548531
3.7152973651886
-19.0402961432934
-2.13232309818268
7
7.10896722078323
-2.93663972020149
4.97183927893639
-2.69248594641685
-9.62643218040466
1.82900176048278
4.6753853559494
2
7
7.67321954965591
-8.51935151815414
-0.119328910112385
-16.8730880379677
2.9174113869667
-4.86831107735634
5.8835657954216
7
6.41889173984529
-1.83720481395721
4.36786935329437
-2.81790328025817
1.15716713666916
-0.264083212614061
6.8275716483593
|Explorer2Genome 30
3
6
8
-4.98529075384139
-2.50971112847328
-7.44089707136154
4.42849777936936
-11.0034491598606
-5.99911659359932
-2.92960916757584
-0.427090907096863
8
7.3036092877388
4.42444499731064
-7.86690593361854
-3.57862439155579
3.64819318652153
-4.70039457082749
-5.3389984190464
2.83581477999687
8
8.6574935257435
7.10758798718453
-1.43315432667732
-1.84475835561752
-0.191463023424148
1.85307190418244
1.50597639083862
-5.61598932147025
8
11.8485652148724
-2.03353404998779
2.49655887484551
-9.04507083296776
-3.41134593486786
1.39844719171524
-1.4950619161129
-3.06281551718711
8
-7.71844487786293
6.12818617224694
7.37239752411843
11.3267619848251
-3.00723978281021
-9.55526784658432
-3.43196786642075
-0.740486025810241
8
4.85164738893509
2.26480196714401
8.52721287608147
8.76622002720833
1.46866465806961
3.52003020644188
4.83685830831528
-2.06357437372208
6
7
8.09426302313804
7.70344612598419
5.02660966515541
-6.72012111544609
14.7501236557961
6.01108339428903
-7.34976397752762
7
0.947448015213011
-0.325322508811952
-3.81237488389015
7.49962239265442
2.42086570858955
1.25442499518394
5.14392448663711
7
5.34309461712837
-0.840967446565627
-1.78767689466476
-0.966525143384936
1.16124437451363
0.189819461107253
17.4735089242458
7
-0.752097576856614
-2.06382529735565
11.2366389453411
-2.71126749515534
-6.82729678750038
-5.78842031359673
5.84949970245362
7
-5.73589926958085
-14.3567249119282
4.10560342073441
6.21907607913018
3.48707896471024
-21.6189072668552
0.291245955228807
7
7.65249770879745
-3.15052473545074
6.83707475066185
-2.81131308078766
-8.3433787047863
0.677398198842994
3.41692214012146
2
7
9.53650451898574
-8.9873392701149
-2.13414674401284
-16.4462532579899
3.7337582051754
-3.99338595867157
7.64592438936233
7
6.22617371678353
-3.56647480130195
6.33366035819053
-3.41210260987281
0.690419924259187
-2.35125687122345
6.58014730811119
|Explorer2Genome 30
3
6
8
-4.74075618982314
-2.01892690658569
-7.37224162220955
4.37270396947861
-12.5977085649967
-6.68695278763771
-1.44613186120987
-0.193337821960449
8
7.3036092877388
4.42444499731064
-8.31386695504188
-3.57862439155579
3.64819318652153
-4.70039457082749
-5.3389984190464
2.50321242213249
8
8.6574935257435
7.10758798718453
-1.43315432667732
-1.84475835561752
-0.657462435960769
1.85307190418244
1.46538827419281
-5.61598932147025
8
12.461090862751
-1.84345383644104
2.42571057677269
-9.17161902785301
-1.93583664894104
0.602955782413484
-1.86635982394218
-3.85051527023315
8
-5.72408208847046
6.02638625502587
6.2290674507618
11.064389872551
-1.96045664548874
-10.9116654157639
-3.31069294810295
-0.300525087118148
8
4.43879119157791
1.88308112025261
7.57246598601341
8.20481445789337
1.15141783952713
3.71970672011376
4.83685830831528
-2.21183995008469
6
7
8.00314013957977
4.63282315135002
3.09671679139137
-4.88236893415451
11.6686063349247
7.61449884176256
-9.66091673374176
7
0.947448015213011
-0.325322508811952
-3.81237488389015
7.49962239265442
2.42086570858955
1.25442499518394
5.14392448663711
7
6.58544802069664
-5.86541296243667
-2.51550119519233
-0.20847581624985
2.00879204273225
2.70426969528198
16.4528175652027
7
0.361878097057341
-2.58550495505333
12.1941764771938
-2.17645747661591
-5.6347775042057
-7.77386166453362
5.0587980747223
7
-4.80561909675598
-14.1964781403542
3.48475804328918
4.02318399548531
3.7152973651886
-19.0143832147121
-2.6810355424881
7
7.10896722078323
-2.6406043112278
4.97183927893639
-2.69248594641685
-9.8195755302906
1.82900176048278
4.6753853559494
2
7
8.36947773694992
-9.76797515749931
0.287766760587688
-17.914161002636
4.07438127994537
-4.49336479306221
5.88637388944626
7
6.62207456231118
-1.83720481395721
4.84520814418792
-2.62390891909599
1.15716713666916
-0.496405124664308
6.8275716483593
|Explorer2Genome 30
3
6
8
-4.74383879899978
-1.64188272356987
-5.80261297821998
5.43721894025803
-9.36501663327216
-6.49791706204414
-0.700979149341585
-1.48119685053825
8
6.89657999277115
3.79862347841263
-8.64294932484627
-3.59390361309052
3.16942982077599
-4.59997016191483
-3.58980925679207
1.30354337096214
8
9.25430727601053
7.45595563650131
-1.06557896733284
-1.88687111139297
-1.24360203146934
2.37657072544098
0.928036522865294
-5.61883966922759
8
14.9068805873394
-0.418656682968141
1.75511882305145
-8.43079059123993
1.38737509846687
0.232127976417543
-3.0256877720356
-3.53898513317108
8
-6.0034440100193
5.51579264998436
6.09272590279579
11.0129822254181
-2.80461392998696
-10.6462295949459
-3.46116124391556
-0.178581547737121
8
4.63732919692993
2.44684562087059
6.12000926733017
9.46344427466392
1.71193774342537
3.08393179178238
4.38071479797363
-2.3618486225605
6
7
8.40279672145843
4.02424196004868
4.51673768162727
-7.10722604990006
11.4036206424236
8.15786587595941
-9.11050181984901
7
1.41190454959869
-0.915996503829957
-3.12534156441689
7.49962239265442
1.85669708848
0.1155766248703
5.01478742361069
7
6.58544802069664
-5.39503017663955
-2.51550119519233
-0.20847581624985
2.18937821984292
2.70426969528198
16.4528175652027
7
0.458130204677581
-1.91804888248444
11.2961680710316
-1.90103942155838
-6.00321851968765
-8.59403524398804
4.93528213500977
7
-6.1572469830513
-14.123594045639
4.10560342073441
6.1370248734951
3.28858469724655
-21.9395086348057
0.194170516729357
7
7.26047583818435
-1.96577890515327
6.74830545186997
-2.16891458034515
-8.30472193956375
1.75644780993461
4.69934055805206
2
7
9.24794932603836
-8.75560138225555
-1.12593647241593
-15.7050003886223
3.65317257642746
-4.79058995842934
5.94457820057869
7
5.91075446605684
-2.73016916513443
3.85866341590881
-2.6492659330368
0.175478583574296
0.44882400035858
6.02867599725723
|Explorer2Genome 30
3
6
8
-5.6450729548931
-3.98527212738991
-7.93691133260726
3.47173488736153
-9.86151163578033
-6.76594657897949
-1.56973407864571
-2.25826754570007
8
4.82812699079514
3.19297202825546
-9.27354474663734
-2.20463301539421
3.26498489379883
-5.10483878850937
-4.89341957569122
0.850061577558515
8
9.45878093838693
7.64858680963516
-0.83520483970642
-0.435675531625747
-1.61162669658661
3.02785184383393
1.24555749893188
-6.86686760783194
8
12.2183998703957
-2.28470947742462
2.31360246539116
-8.41655210256577
-2.47070889472961
1.95989540815354
-2.5794911801815
-3.82061500549316
8
-5.32288477420807
6.75664911270142
5.14613319635391
13.1369017004967
-2.32163590192795
-11.326971077919
-4.29599642157555
-0.170444583892822
8
5.50701753497123
0.603900164365771
7.01384905576706
8.54638869762421
2.83697275519371
3.97126066088677
4.05835543870926
-1.88786665201187
6
7
8.98723840713501
4.06956342458725
4.09365139603615
-7.17209059000016
11.8506733596325
8.53961960673334
-9.10431950688362
7
-0.546647834777834
0.891893392801284
-4.86269419193268
7.02146025300026
2.51142023205757
1.15727894306183
5.94888690114021
7
5.35090597867966
-0.20334259867668
-1.55122303962707
-2.51834547519684
1.27865147590638
1.60093092918396
19.2144515633583
7
0.72986100912094
-2.0270799100399
12.1941764771938
-2.13973474502563
-5.63975461125374
-7.37945284247399
5.0587980747223
7
-3.79514436125756
-15.2448037445545
2.7642362177372
4.44769964814186
4.37913329601288
-18.7226989924908
-1.65498631000519
7
6.07698170542717
-1.89626477360725
7.02487991452218
-4.05999846458435
-9.31070746183395
1.47179877161979
3.5140153169632
2
7
10.1480574905872
-8.96485046744347
-2.31509800553322
-15.9958820581436
2.34878407716751
-4.89367120265961
5.57224417328834
7
7.55580725669862
-3.59043191671371
4.71016709208488
-2.87010021209716
1.04103912711144
-2.23208058476448
5.99086343050003
|Explorer2Genome 30
3
6
8
-5.02365733981132
-2.86509211063385
-7.29536098241806
4.13195180296899
-11.1877488195896
-6.3501672565937
-1.85708898305893
-1.11084570884705
8
6.57038671970368
4.69411028623581
-7.89811633229255
-2.36958450675011
4.63676226735115
-3.6796443104744
-2.96646794080734
0.244660091400145
8
8.92632797360422
7.50872420072556
0.644281196594239
-1.02440031170845
-2.00602407455444
3.08151626586914
2.26247876286507
-7.09691037535666
8
12.8152499556541
-2.06957771778107
1.92106410861015
-9.04507083296776
-2.6728443145752
1.35402830839157
-2.53928164839744
-3.9024310350418
8
-8.16607301831245
6.66815776228905
4.9057365834713
12.0114017009735
-1.24660223722458
-10.7710693120956
-3.49949428439141
-0.402630811929702
8
5.12781299352646
2.13052763342858
7.05157994031906
8.30102365016937
3.89311837553978
2.83109416365624
4.0209783911705
-2.77318904995918
6
7
5.96172226667404
5.48914725780487
5.62543140649795
-6.94423893690109
12.9102866292
6.24239824414255
-7.30684477090836
7
0.149472022056578
0.194382524490355
-4.42182491421699
6.41360397338867
2.39082443118095
0.706465983390808
3.81164564490318
7
5.85424638986588
-1.7081901550293
-2.24154741168022
-0.30805227160454
1.65394836068154
0.646033746004104
16.6864176928997
7
0.228471869230269
-1.64492193460464
11.6862752377987
-1.62619011998177
-7.3108623623848
-7.7160888671875
5.46146420240403
7
-6.5248832821846
-14.3567249119282
3.94531119465828
4.70913531184197
3.48707896471024
-21.5493115961552
0.194170516729357
7
7.35176119208336
-2.76992076039314
5.81989304423333
-3.81710033416748
-9.22566378712654
1.15119790434836
3.83330597877503
2
7
8.82876490354538
-8.45291818976402
0.276889652013774
-17.8693354964256
3.64243079423904
-3.46719310879708
4.88614546060562
7
6.95334198474885
-3.23961457014084
4.49290758967399
-3.89783823490142
2.7232086122036
-1.92179828286171
5.15348392724991
|Explorer2Genome 30
3
6
8
-5.6450729548931
-5.04633005261421
-8.28710669279098
3.13444293737412
-9.01942988038062
-7.04706611633301
-1.56973407864571
-2.60206801891327
8
5.30741710662842
4.64810010194778
-6.49677872657776
-2.05301174521446
4.5432844221592
-3.90593550801278
-3.36382606625557
0.806193530559538
8
8.3211566746235
7.71273816823959
-0.808337044715881
-2.50290478467941
-0.133720445632934
1.51453063488007
0.417073345184325
-5.70310133695601
8
12.1420144200325
-2.17397215366364
2.94962345957756
-8.88253005743027
-2.47070889472961
1.53841065168381
-2.5794911801815
-3.34297065734863
8
-7.66111562848091
6.6162670314312
4.46684865355492
12.0114017009735
-1.0818472981453
-10.7710693120956
-3.95894023776055
-0.402630811929702
8
5.49651230573654
2.08703944087029
7.05157994031906
7.51027753353119
3.6664887547493
3.70278117656708
4.0209783911705
-2.77318904995918
6
7
8.18221889734268
6.92359576821327
5.23076224923134
-5.81768570542336
13.8895928263664
5.93598116636278
-8.55825121998787
7
0.625877761840818
0.960099661350249
-4.21472340226173
6.2043125808239
2.91058486104012
1.63194983005524
6.16810582876205
7
4.83697692155838
-1.94221280217171
-1.72182984352112
0.725388127565382
1.6435856461525
2.25834347009659
18.3913245856762
7
1.90852578878403
-2.71454679965973
12.2675226092339
-2.01749752163887
-6.19295299649239
-6.96168113946915
5.11452901363373
7
-5.59437412023545
-15.8254320263863
2.95155339837074
5.62960965037346
3.66065164804459
-20.638700991869
0.846814697980882
7
6.81832494735718
-1.90518966317177
6.60682037472725
-3.92359683513641
-9.92705255746841
1.29883763194083
3.84158191680908
2
7
9.61603882908821
-8.41204118132591
-2.31509800553322
-15.4637502610683
2.81256154775619
-4.80217890739441
6.46537070870399
7
5.58738985061647
-3.4387735247612
4.28237805366516
-3.22877056598663
0.778214865922929
0.205260109901427
7.545265853405
|Explorer2Genome 30
3
6
8
-5.04443739652633
-2.47248221039772
-6.50370563268661
2.8144070506096
-10.787275326252
-4.95377235412598
-1.3524250805378
-0.655148196220398
8
7.00345346927643
4.69411028623581
-7.69732387661934
-1.86709174513817
3.91621923446655
-3.36138526201249
-3.42684399485588
0.494118690490721
8
8.3211566746235
7.20057615041733
-0.808337044715881
-2.50290478467941
-0.00769681930541971
1.85307190418244
0.417073345184325
-6.1250463426113
8
12.6625464320183
-2.71718728542328
2.59045063853264
-8.90168882608414
-2.47070889472961
1.53841065168381
-2.5794911801815
-3.34297065734863
8
-5.94956787228584
5.93971683979035
4.43536928296089
12.1793654918671
-3.09476171135903
-10.3310094356537
-4.90382782816887
-0.782016134262084
8
3.15567341446876
1.32042177915573
7.16754505038261
6.4602203309536
3.04855588078499
2.63638179302216
5.27026208639145
-2.6663961648941
6
7
9.69835292100906
6.39556433558464
5.01921485066414
-7.08684603571892
13.5298121631146
6.44889332652093
-7.95371969938278
7
0.738848257064817
0.978031909465788
-4.21472340226173
6.56085912585258
2.91058486104012
1.63194983005524
5.70142520666122
7
3.95592347383499
-0.909646892547606
-4.93519150614738
0.519611448049543
0.73598178029061
0.159175133705138
19.1117089211941
7
0.994597434997557
-1.64492193460464
11.6862752377987
-1.75720201134682
-7.57318662405014
-6.76192355155945
5.40238951444626
7
-6.1578939318657
-15.5169649720192
3.61559439301491
5.62960965037346
3.22062116861343
-20.638700991869
0.846814697980882
7
6.66728446483612
-1.90518966317177
6.60682037472725
-3.92359683513641
-9.92705255746841
1.83852674961089
3.84158191680908
2
7
9.61603882908821
-8.96485046744347
-2.31509800553322
-15.5438572585583
2.89072247743607
-4.80217890739441
6.46537070870399
7
5.79691751003267
-3.4387735247612
4.28237805366516
-2.16441895961761
1.20599988102913
0.314627504348754
7.18561738729477
|Explorer2Genome 30
3
6
8
-4.9073455274105
-1.90994043946266
-6.53859081864357
2.08835159540177
-10.4458683133125
-5.03810570836067
-1.63266197443009
-0.276176899671554
8
6.53211429715157
5.14263083338737
-5.64354400634765
-1.17102474570275
4.72301788926125
-3.43339964151383
-3.81559514403343
-0.192073488235476
8
8.92632797360422
7.50872420072556
0.644281196594239
-1.61201694607735
-2.28197572827339
3.08151626586914
1.73884590268135
-7.09691037535666
8
14.4039139509201
-0.0528328776359566
1.79652955532074
-8.61773748397827
0.60599747300148
0.669212263822557
-1.82456358671188
-3.8227329313755
8
-5.72408208847046
5.48792371153832
6.31023114919663
11.3212910652161
-1.52808240652084
-10.9116654157639
-3.31069294810295
-0.300525087118148
8
6.11545406579971
1.46587459445
6.98819204568863
8.09066479206085
3.18832606077194
3.67199113368988
4.53452342748642
-2.78793495893478
6
7
9.25771790742874
6.73738991618156
5.76858957409859
-7.04134811758995
13.618772739172
6.74058579206468
-7.54769074320793
7
0.170710325241087
0.0821686267852772
-4.5160494863987
5.88075432777405
2.30401641726494
0.744208240509033
3.3640018582344
7
5.50358795523643
0.27510839700699
-1.88458356857299
-2.310085105896
1.01979815363885
1.34108724594116
19.1429588913918
7
0.432784044742583
-2.58550495505333
12.1941764771938
-1.90496034622192
-5.44852843284607
-8.56824120879173
5.0587980747223
7
-5.74640551805497
-15.1974586069584
2.91485477089882
5.52211222052574
3.66065164804459
-20.9003717958927
0.516478699445726
7
8.675641644001
-2.29384380578995
7.09530031085015
-2.17551031112671
-8.25389677882194
0.872745394706718
3.06936814785004
2
7
7.70516837835311
-8.04785536527634
-0.637997466325764
-17.3152236580849
2.63637666106224
-4.89428229928017
5.25914657115936
7
6.14853234887124
-2.73016916513443
4.31556305885314
-2.6492659330368
0.27816420197487
0.471204352378844
6.02867599725723
|Explorer2Genome 30
3
6
8
-4.48881420493125
-1.19063603281975
-5.96947411298752
5.74391909837724
-9.05204032063483
-6.02185714840889
-0.700979149341585
-1.93558594584465
8
4.86121983528137
6.04313288927078
-6.78677201271057
-2.05301174521446
4.79753732681274
-3.94005478024483
-3.42056794762611
0.67079848051071
8
8.91216791272165
7.68648028969765
-0.109307652711868
-1.94105330705643
-0.429732143878936
2.42744777798653
1.45428473353386
-6.07607748508452
8
12.9163826823235
-2.06957771778107
2.57873768210411
-8.81885353922844
-2.0534081697464
2.53842371702194
-2.25087193846702
-3.12833558917045
8
-5.96593936085701
6.02638625502587
6.09272590279579
11.0129822254181
-2.97325147390366
-11.0977818965912
-3.82871105074883
-0.661824917793273
8
4.19153854846954
1.85518637895584
6.12000926733017
9.47219192385673
1.52978392243385
2.40200160741806
4.38071479797363
-2.23904364705086
6
7
10.0641782462597
6.47809662222862
5.23785558342934
-6.73626114726067
13.5298121631146
6.69039207696916
-7.96389161944389
7
1.12640260457992
1.30443997383118
-4.99905367493629
5.03716833591461
3.47959762215614
1.00586254000664
5.54740740060806
7
6.04145912528038
-5.86541296243667
-2.51550119519233
-0.20847581624985
1.95813369750977
2.85222856998443
16.4528175652027
7
0.804745960235595
-2.15984238982201
11.0897750020027
-3.82246420383453
-8.51164830327034
-5.5017314195633
5.63349440097809
7
-6.36393164396286
-14.3567249119282
3.94313824772835
4.79348118305206
4.09814733266831
-21.8440034687519
0.52988631129265
7
7.98895972967148
-2.62823212146759
6.83707475066185
-2.92694540023804
-7.78031772971153
0.677398198842994
3.41692214012146
2
7
9.56458753347397
-8.60401439070702
-0.953513348102574
-16.2558980822563
3.58329235911369
-4.79058995842934
6.4652084171772
7
7.07500684261323
-2.91773684620857
3.6349110007286
-2.83040772080421
1.30355067849159
-2.07025939226151
6.81284497976303
|Explorer2Genome 30
3
6
8
-4.57300109267234
-1.29149367213249
-5.47103499174118
5.43721894025803
-9.05204032063483
-6.02185714840889
-0.700979149341585
-1.48119685053825
8
6.89657999277115
5.00386456847191
-8.47915606498718
-3.47135448455811
3.09580239653587
-4.59997016191483
-3.58980925679207
1.57839404940605
8
9.15879889130593
7.77213395237923
-0.109307652711868
-1.96494220495224
-0.99042996764183
1.73173470497132
0.95570334792137
-5.9018975496292
8
14.7992807328701
-1.17324125766754
3.54127992987633
-10.2085645020008
-1.5027987241745
0.478989839553834
-3.65778903961181
-2.56616496443748
8
-7.66188016533852
6.71159467101097
4.20256301760674
11.8191867351532
-1.49609373807907
-10.7710693120956
-3.49949428439141
-0.402630811929702
8
5.49651230573654
2.08703944087029
7.27275788187981
8.19526600837707
4.230191385746
2.83109416365624
4.0209783911705
-2.77318904995918
6
7
9.38208632469177
4.9695777118206
4.60253847241402
-5.29935959577561
11.4925803244114
7.61449884176256
-10.2393122911453
7
1.29038224220276
-0.803431773185731
-3.66640313267708
7.88624386787414
2.42086570858955
1.32062928080559
5.55396005511284
7
4.69994327425957
-1.6265934407711
-1.31179608106613
0.790239381790159
1.13877618908883
0.23266133069992
19.4282485306263
7
1.09736877679825
-1.3232962846756
10.6444037973881
-1.75080338716507
-6.19553655385971
-8.57356970310211
5.0097549200058
7
-6.1572469830513
-14.8693216621876
3.55437349081039
5.35242743492127
3.05140017271042
-21.9395086348057
0.190312856435778
7
6.95146626234054
-2.6406043112278
4.97183927893639
-2.18551596999168
-10.2166308701038
2.15466699600219
5.32856290340424
2
7
9.03243862390518
-8.57422404289246
-2.40882232785225
-16.4462532579899
4.33749234080314
-4.21533725261688
7.13017536401748
7
6.62012543678285
-4.04577487707138
4.6929246366024
-3.40533802509307
0.799977505207063
-2.80039396882057
6.08174875974655
|Explorer2Genome 30
3
6
8
-5.14395241141318
-2.50971112847328
-7.39487730264663
3.90183008909226
-10.4675425112247
-5.99911659359932
-2.92960916757584
-0.214247965812683
8
7.34475966691971
4.3343493103981
-8.64294932484627
-3.28054158091545
3.05096923708916
-4.58039110898972
-3.01662405133247
1.57839404940605
8
9.24261034131051
7.2983910381794
-1.04132679104805
-1.41824206113815
-0.99042996764183
1.58545453548432
1.4104198873043
-6.5698521375656
8
12.135905277729
-1.84345383644104
2.47222701907158
-9.0166051030159
-1.45846881866455
1.07339006662369
-1.79409903883934
-3.85051527023315
8
-5.72408208847046
6.02638625502587
6.2290674507618
11.1391328811645
-1.96045664548874
-10.9116654157639
-3.50189761519432
-0.300525087118148
8
4.48351792097091
1.69489163160324
7.78250762820244
8.25421874523163
1.46866465806961
3.71970672011376
4.83685830831528
-2.04154730439186
6
7
9.36391249895096
6.73738991618156
5.96522346138954
-6.69490541815758
13.5298121631146
6.76239701509477
-7.44726304411888
7
1.59393835067749
0.819415259361266
-5.05284646749496
5.28837357163429
2.44759116768837
2.51097822785377
4.88616507649421
7
5.43465677499771
-0.728586393594741
-3.07355527281761
-0.966525143384936
1.01205783486367
1.02012467384338
18.0440679967403
7
0.361878097057341
-2.4202521443367
12.1941764771938
-2.04640417098999
-6.14152789711952
-7.77386166453362
5.0587980747223
7
-5.28856792449951
-15.7721878170967
1.92124592661858
3.38001203536988
3.77702638506889
-19.030946803093
-3.22922440171242
7
7.65249770879745
-2.62823212146759
6.83707475066185
-2.92694540023804
-7.78635684847831
0.677398198842994
3.41692214012146
2
7
8.36947773694992
-9.76797515749931
0.287766760587688
-17.914161002636
4.03314893245697
-4.49336479306221
5.88637388944626
7
6.69435167312623
-3.34718588590622
3.59917968511581
-3.46940224766731
1.30355067849159
-2.07025939226151
6.48719555139542
|Explorer2Genome 30
3
6
8
-5.6450729548931
-3.98527212738991
-7.93691133260726
3.47173488736153
-10.1205459177494
-6.76594657897949
-1.56973407864571
-2.25826754570007
8
4.8467409491539
2.92613058686256
-9.27354474663734
-2.20463301539421
3.26498489379883
-5.10483878850937
-4.53011844158173
0.850061577558515
8
9.51373224854471
7.73400286436081
-0.83520483970642
-0.435675531625747
-1.0729843378067
2.85692903995514
1.4591254234314
-6.86686760783194
8
12.2183998703957
-2.28470947742462
2.31360246539116
-8.54935613870621
-2.47070889472961
1.53841065168381
-2.5794911801815
-3.82061500549316
8
-5.32288477420807
6.75664911270142
5.14613319635391
12.9784239351749
-2.32163590192795
-11.326971077919
-4.29599642157555
-0.268816709518432
8
5.44581746459007
0.322102010250094
6.4894887804985
8.54638869762421
2.83697275519371
4.86246673464775
4.05835543870926
-1.88786665201187
6
7
8.98723840713501
4.19355050325394
4.09365139603615
-7.17209059000016
11.6463261544705
8.15786587595941
-8.87091720104218
7
-0.546647834777834
0.582260185480117
-4.86269419193268
7.02146025300026
2.51142023205757
1.15727894306183
5.94888690114021
7
5.35090597867966
0.0459394037723558
-1.55122303962707
-2.51834547519684
1.66835756301881
0.840898752212524
19.2144515633583
7
0.72986100912094
-2.0270799100399
12.7613605439663
-2.17645747661591
-5.63975461125374
-7.37945284247399
5.0587980747223
7
-3.79514436125756
-15.1139700949192
2.7642362177372
4.84696784615517
4.37913329601288
-18.7226989924908
-1.65498631000519
7
6.07698170542717
-1.90518966317177
7.18059965372086
-4.05999846458435
-9.31070746183395
1.47179877161979
3.5140153169632
2
7
10.1480574905872
-8.49415926337242
-1.733570343256
-15.6295543909073
2.89072247743607
-4.80217890739441
6.01834817528724
7
7.55580725669862
-3.59043191671371
4.94756624698638
-2.87010021209716
1.04103912711144
-2.59935038685799
5.99086343050003
|Explorer2Genome 30
3
6
8
-5.02365733981132
-2.86509211063385
-7.29536098241806
4.85353412032128
-11.1877488195896
-6.3501672565937
-1.95066939592362
-1.54158523082733
8
5.87139893770218
4.31873170137405
-8.07320135235786
-3.47292754650116
3.05096923708916
-5.25653680562973
-3.04023450016975
1.82948441505432
8
7.93765013813974
7.48973739743233
-0.611478495597839
-2.209467202425
0.0911230564117434
1.82612028121948
0.417073345184325
-5.82211329340934
8
13.2523933589458
-1.69893977642059
1.67015168070793
-7.27293556928635
-1.1750636100769
1.6463549554348
-2.62999066710472
-3.80485706329345
8
-5.96593936085701
6.20439338088036
5.60649483799935
11.2412409305572
-2.73936844468117
-10.7171973228455
-3.27115634679795
0.135871481895447
8
5.58484123945236
0.503092736005786
7.80084664225578
9.1303181707859
3.08380931615829
4.5226092517376
4.35281791090965
-3.49538840055466
6
7
6.49589914083481
5.71254914402962
6.4578897356987
-7.56020759344101
12.7463978648186
7.63192513585092
-8.07899765372276
7
0.149472022056578
-0.384328031539918
-4.79042237401008
6.54979646205902
2.20938366651535
0.706465983390808
3.81164564490318
7
5.85424638986588
-1.26003022193909
-2.24154741168022
-0.30805227160454
1.26397446393967
0.646033746004104
16.6864176928997
7
0.731993454694747
-3.18716475963593
11.3724155306816
-2.27563362121582
-6.2282717525959
-7.42525202631951
5.71286418437958
7
-5.24327868223191
-15.3064269602299
2.92287564873695
5.99655901789665
3.36591541171074
-21.690944391489
1.12433791160584
7
7.26047583818435
-2.43680191636086
6.74830545186997
-2.16891458034515
-8.98455327749252
1.74621613025664
4.11140620708466
2
7
9.15078984498977
-8.75560138225555
-0.953513348102574
-16.2558980822563
3.32486633062363
-4.8807307779789
6.4652084171772
7
6.59850246906282
-3.23961457014084
4.62853989005088
-3.35563490390777
2.54848123788834
-2.35484700798988
4.64215911626816
|Explorer2Genome 30
3
6
8
-4.28897212743758
-2.00660705566406
-7.98876052498817
4.04000553488732
-12.207993465662
-6.68695278763771
-1.44613186120987
-0.193337821960449
8
7.3036092877388
4.42444499731064
-7.86690593361854
-3.57862439155579
3.64819318652153
-5.12568291425705
-5.3389984190464
2.50321242213249
8
8.94403319954874
8.02351671457291
-0.595897865295409
-0.565023380517959
-1.35924549102783
2.41166574954987
1.32238790988922
-7.00579087138175
8
12.9163826823235
-2.06957771778107
2.78796412944794
-9.21718203425408
-2.0534081697464
2.08134490251541
-2.25087193846702
-2.63071107268333
8
-7.64512694478035
6.12818617224694
7.37239752411843
11.3267619848251
-3.00723978281021
-9.62174421548843
-3.95543485879898
-0.412455582618713
8
4.97860941290855
1.88507212400437
6.27458060979843
7.8120851457119
3.22428488135338
2.02246014475823
5.01310683488846
-2.33535261750221
6
7
8.96529557704926
3.72305907011032
3.94681232571602
-6.5179144024849
11.9649991214276
8.15786587595941
-9.54306488633156
7
1.09436476230621
0.679912781715392
-4.14999139904976
7.23329747319221
3.09453240036964
0.615065026283264
5.05590661764145
7
5.96095546483993
-0.739869159460066
-1.86695358753204
-0.516758048534396
2.1923114836216
-0.0954488277435311
17.3424531161785
7
0.539177334308623
-2.15211297869682
12.1941764771938
-2.19047448635101
-5.49012776017189
-7.75187076926232
4.66580646038056
7
-5.75331195592881
-14.3567249119282
4.10560342073441
5.92893571853638
3.55741356611252
-21.9395086348057
0.146049755811693
7
7.10896722078323
-2.6406043112278
4.97183927893639
-2.95359656214714
-9.8195755302906
1.82900176048278
4.6753853559494
2
7
8.06763130426406
-9.46659537553787
-2.79452498555184
-16.2525701761246
4.1710363805294
-4.53914833068848
7.64592438936233
7
6.41889173984529
-1.83720481395721
4.84520814418792
-2.81790328025817
1.15716713666916
-0.496405124664308
6.8275716483593
|Explorer2Genome 30
3
6
8
-4.98529075384139
-2.50971112847328
-7.44089707136154
3.85419920682908
-11.0034491598606
-5.99911659359932
-2.92960916757584
-0.286174154281616
8
7.48336750268936
4.21390160322189
-8.10323038101196
-3.71450552940369
4.48928658366203
-4.70039457082749
-4.37486415505409
3.44251286387443
8
9.25430727601053
7.45854924321175
-1.06557896733284
-1.96494220495224
-2.44065896868706
2.83232595920563
0.993595880270003
-5.61883966922759
8
13.1375839948654
0.518442773818969
1.39242107868195
-8.58367171287536
0.559937560558319
0.507906430959703
-1.90362464785576
-4.87657113671302
8
-7.3304503262043
6.44395997524262
4.53011325597763
11.0599217951298
-1.80432840585709
-9.89869821071625
-4.54879921674729
-1.42815656661987
8
5.00661863088608
2.08703944087029
7.47503272294998
8.24670119285583
3.6664887547493
3.70278117656708
4.0209783911705
-2.77318904995918
6
7
7.530461114645
7.70344612598419
5.02660966515541
-6.336644333601
14.2033848881722
6.01108339428903
-7.55280140638351
7
1.59393835067749
0.419619345664977
-5.1092648923397
5.28837357163429
2.63786099553108
2.51097822785377
4.88616507649421
7
5.85424638986588
-0.421852403879164
-1.89099805355072
-0.30805227160454
0.993889695405967
0.646033746004104
16.3957841813564
7
0.597498428821563
-1.3232962846756
11.2961680710316
-1.70141497850418
-6.00321851968765
-8.57356970310211
5.00195541381837
7
-5.09078948497772
-15.2219500184059
2.41186730265617
3.53448724746704
3.96242503523827
-18.7967311799526
-3.37010725140571
7
7.64087487459182
-2.76992076039314
5.96275100111962
-3.34511594772339
-9.45024133920669
1.51590022444724
3.65452215671539
2
7
8.76945110559463
-8.16561042070389
0.0438526093959766
-18.319729745388
2.8271290898323
-4.41398413777352
5.02399510741234
7
6.22617371678353
-3.56647480130195
6.53723943233489
-3.41210260987281
0.690419924259187
-2.30548987388611
7.0514544904232
|Explorer2Genome 30
3
6
8
-3.92153200507163
-1.64188272356987
-5.96947411298752
5.43721894025803
-9.36501663327216
-6.02185714840889
-0.700979149341585
-1.48119685053825
8
6.89657999277115
4.31873170137405
-8.64294932484627
-3.90187606811524
3.16942982077599
-4.59997016191483
-3.58980925679207
1.57839404940605
8
8.3211566746235
7.20057615041733
-1.35292732715607
-2.50290478467941
-0.00769681930541971
1.40360291004181
0.445150208473204
-5.92367860674857
8
12.6539189457893
-2.71718728542328
2.94962345957756
-8.90168882608414
-2.47070889472961
0.958674132823946
-2.5794911801815
-2.76088109016418
8
-5.96593936085701
5.51579264998436
6.09272590279579
11.0129822254181
-2.97325147390366
-10.8808406114578
-3.0774022936821
-0.178581547737121
8
3.15567341446876
1.28655792474747
7.16754505038261
5.99156703352928
3.07425480484962
2.63638179302216
5.27026208639145
-2.6663961648941
6
7
9.27551010847091
6.73738991618156
5.22688685059547
-6.22811537981034
13.5298121631146
6.76239701509477
-7.31389540433884
7
0.625877761840818
0.960099661350249
-4.21472340226173
6.13043467402458
2.64730873703957
1.63194983005524
5.70142520666122
7
5.25620892643928
-0.728586393594741
-2.49713940024376
-0.966525143384936
1.01205783486367
0.553489685058593
17.5853209197521
7
0.597498428821563
-1.3232962846756
11.2961680710316
-1.55849352478981
-6.00321851968765
-8.57356970310211
5.14681487083436
7
-5.32395024895668
-15.5169649720192
2.95155339837074
5.62960965037346
3.66065164804459
-21.1582186996937
0.846814697980882
7
6.23809461593628
-1.90518966317177
6.60682037472725
-3.99861578941345
-9.92705255746841
1.20832466483115
3.84158191680908
2
7
9.61603882908821
-8.96485046744347
-2.31509800553322
-15.5438572585583
2.32434922456741
-4.80217890739441
6.46537070870399
7
5.98540921211244
-3.4387735247612
4.28237805366516
-2.6492659330368
1.54538729786873
0.205260109901427
7.18561738729477
|Explorer2Genome 30
3
6
8
-6.52142202258109
0.0587051689624794
-6.04567125439644
4.01411449313164
-10.0432209432125
-4.70006331205368
0.500598150491712
-1.27467278242111
8
5.75006976723671
4.35565000176429
-8.60470538735389
-1.83133489489556
4.3508978843689
-2.90043621659279
-3.8967293381691
0.157906848192213
8
7.73501597046853
7.39499827027321
-0.414156299829482
-1.86003807783127
0.48953230381012
2.57134900689125
0.402544909715651
-7.10243858695029
8
12.9163826823235
-2.44919283390045
2.57873768210411
-9.69720661044121
-2.0534081697464
2.688700735569
-2.25087193846702
-3.31591340899467
8
-5.41339579224586
5.61042456030846
6.2290674507618
10.0736032485962
-2.0280935883522
-10.4619049549103
-2.78455511927605
-0.568165469169616
8
4.06381025314331
2.26726924180985
6.12000926733017
10.0152918279171
1.83170381188393
2.50181719064713
4.38071479797363
-2.33889799714088
6
7
6.23954483270645
5.48914725780487
6.35965470671654
-6.67328439950943
12.9102866292
6.16571474671365
-8.09364895224571
7
1.12640260457992
0.795682287216185
-4.99905367493629
5.09669914245605
3.77492998838425
1.18617672324181
5.82295164465904
7
6.58544802069664
-6.01106735467911
-2.47937341332435
-0.20847581624985
1.95813369750977
2.70426969528198
16.8571936905384
7
-0.0719250440597544
-2.15984238982201
11.3351840376854
-3.56100068092346
-8.01359005570412
-5.6011812210083
5.55872979164124
7
-4.9283917427063
-15.2219500184059
2.00732545256615
3.27104711532593
3.49591750502586
-19.030946803093
-2.81042850613594
7
6.07612713575363
-3.75597932934761
5.96275100111962
-3.54033593535423
-10.1999591708183
1.20337400436401
3.16801671981812
2
7
9.53764962553977
-8.79550666213035
-1.1122345507145
-14.6706528306007
3.22508348822593
-5.25881388783455
6.37389672398567
7
7.03607647418977
-3.59043191671371
4.90558710098266
-2.43215820789337
0.799977505207063
-3.00371134877205
6.08174875974655
