50
2718
|Explorer2Genome 30
3
6
8
5.7813494861126
-5.77404984235764
1.71571772098541
2.66510103940964
-9.35375418663025
-11.5629223167896
-0.914971554279327
-18.821398973465
8
-9.93389245867729
11.8666720032692
-1.76665967106819
-4.86336443424225
-4.62113376855851
1.70619076490402
-1.27924183607101
-3.77704377174378
8
-2.20389079451561
-12.544290214777
0.677641922235489
6.35203491449356
2.22231723070145
-9.06532328128814
-5.38173921704293
6.40182136297226
8
0.701427268981932
-1.34223127365112
-2.18894525766373
2.28637582063674
2.7288476884365
-4.19565146565437
-6.43397773504256
-1.38176103830337
8
2.01580560803413
9.06893349289894
-4.03573521971702
-14.779046857357
3.51333094835281
11.3789590537548
5.36516297459602
-3.02831419110298
8
18.8528929591179
-3.48991760611534
-5.38460038304329
-4.71945266723633
4.86674302220345
6.09090909957886
0.0368294358253461
4.88576250076294
6
7
0.824115985631942
0.818603247404097
-1.62934410572052
4.73785154819488
-10.5978054225445
-0.228027194738388
1.49095166921616
7
-8.48068869113922
-4.67277225255966
-2.02642788887024
2.0084153354168
-2.67357823252678
2.29353309869766
4.71547405719757
7
5.46999884843826
0.958791887760162
-3.46069161295891
-0.362010776996611
-1.40294966697693
-9.49290640950203
7.24862425327301
7
2.50415344238282
-0.66270757913589
1.28217887282371
-2.22852475047112
0.144844079017636
-6.23316397070885
5.96234073638916
7
7.45518758893012
2.0462263405323
-11.9752420246601
6.90360587239265
-8.3223601102829
-0.980439412593842
0.943313372135163
7
-4.36641453504562
-2.34552151560783
3.92771136164665
-6.1394068300724
5.43182508945465
1.78336550593376
-4.56224839687347
2
7
11.4003161013126
3.80422098636627
5.63416205644607
2.76691873073578
-4.05583263635635
-5.07533477544784
-2.59227682948113
7
-6.95114956498147
4.81416442990302
-2.51261591911316
2.63119123578071
4.80011832714081
17.8825806736946
9.7542427778244
|Explorer2Genome 30
3
6
8
5.69124965071679
-5.79233503341675
1.39721446633339
3.4697193801403
-9.35168859958649
-11.4818481504917
-0.850922906398772
-19.2202165067196
8
-9.58568010926246
11.7353457391262
-2.21249348521233
-4.65624103546143
-2.99331454634667
2.71165563464164
0.203159511089327
-3.4893481373787
8
-1.62173263430595
-12.8573590815067
0.636334258317948
5.55026105642319
2.85254735350609
-10.8118792295456
-4.78655918240548
6.95704764127731
8
0.882645231485365
-1.63541538715362
-1.82379520535469
3.12077234983444
3.06644839644432
-5.83719871640205
-7.25100828409194
-1.39747043251991
8
2.44589875340462
8.63589850068093
-3.22804977297783
-14.9390665888786
4.14640964865684
11.4951718747616
5.3159962952137
-3.06258888840676
8
19.3460756659508
-3.48991760611534
-4.77527466416359
-4.81528007388115
4.25632038712502
5.74960350990296
0.378784388303755
5.75270459651947
6
7
-0.128478753566743
0.717764133214949
-1.6920013666153
3.90220975875854
-10.1550234615803
-0.658892387151718
1.64966870546341
7
-5.8247100353241
-6.18774135708809
-1.74865050911903
2.42366377711296
-2.38887900114059
2.23059536814689
1.96424584984779
7
5.38944544196129
0.91601026058197
-4.03594097495079
-0.152244740724562
-1.58448150157928
-9.02666609883308
7.36164009571076
7
2.1252163887024
-0.787709605693813
2.00365288257599
-1.962074893713
0.872700458765027
-6.6510031402111
4.86451258659363
7
7.54356365799903
2.24216516017914
-11.9147660076618
7.11565888524055
-10.1813517034054
-0.617129981517793
0.771208393573762
7
-4.88380228281021
-2.61117082238197
1.77522695064544
-4.82297129631042
5.33208589553833
1.8669194817543
-4.77374476194382
2
7
12.4323480010033
3.3267706155777
8.31808527112007
1.73118236064911
-4.64079939126968
-4.55869502425193
-1.05582167506219
7
-4.65938320755959
5.34702872037887
0.211637955904008
5.15918666124343
6.85346992015839
17.1276382744312
9.79003767967224
|Explorer2Genome 30
3
6
8
7.78575439453126
-5.42572634220123
1.09137408137322
4.06226822137833
-8.98908004760742
-11.8773858428001
-0.514117062091827
-19.7958449006081
8
-10.0226800143719
11.3706080317497
-3.2871277153492
-3.75297848582268
-3.62271314859391
2.11295596957206
-1.22085863947868
-1.96772114634514
8
-1.62173263430595
-12.1466448605061
0.636334258317948
5.55026105642319
2.85254735350609
-10.8118792295456
-4.78655918240548
6.95704764127731
8
1.37940621972084
-1.34223127365112
-1.49792324304581
2.18735045194625
3.16032957434654
-4.15995641350746
-7.0299879670143
-1.65736473798752
8
2.37305317521095
8.50782852768898
-3.65243582129478
-14.3477875590324
4.15107783675194
11.6805644273758
5.3647344648838
-2.75612798333168
8
18.9512461304664
-3.12246500253677
-5.44753723740578
-5.11677222251893
4.31181743741036
5.80982410907746
-0.00957542657852339
5.65969903469086
6
7
1.10618962049484
0.648609542846679
-2.38892386555672
4.45102641582488
-11.0678313314915
0.183616554737091
1.74328881502152
7
-5.18145287036896
-5.00288369655609
-1.48266127705574
2.80581926703453
-3.39571131467819
1.48125944733619
2.5495865046978
7
5.44807245135307
0.406964147090911
-5.36774615645409
-0.0188279449939712
-1.85135200023651
-8.52167133688927
7.45575607419014
7
1.47599227428437
-1.18713487386703
1.23746272921562
-2.46978637576103
0.116618371009824
-5.9617380797863
5.48495037555694
7
6.93073204159736
0.335860204696657
-11.5039275467396
6.32225602269172
-9.65652481317521
-0.873791205883027
1.34216706156731
7
-3.8678814291954
-3.87507221698761
2.33649064898491
-5.09810655713081
6.44928501248359
1.99958468675613
-4.25498765707016
2
7
13.4100689053535
3.36950557231903
7.82773184776306
2.06375460624695
-3.97851327657699
-4.75897276401519
-0.994213980436333
7
-5.50369797348977
5.07865734696388
0.418737250566483
4.17567425966262
7.04154591560364
17.1720583021641
9.88298825621604
|Explorer2Genome 30
3
6
8
5.7813494861126
-5.98321458101273
1.77696442604065
2.88553792238235
-9.28222224712372
-10.9229516088963
-1.47013746500015
-18.9306417167187
8
-9.58568010926246
12.6067727208137
-3.08246966004372
-4.3163393497467
-3.96071295142174
3.27919446825981
-0.28432911634445
-3.50632564425469
8
-1.24440406560898
-14.1485572099686
-2.43087503314018
8.01324595808983
1.5563457429409
-10.666406172514
-3.91253346204758
6.67650901675224
8
1.28795349597931
-0.870486068725579
-1.90437525510788
2.11354714632034
3.69665164351463
-4.19565146565437
-7.03667460680007
-1.21479433178902
8
2.73540566563606
9.04887500405312
-4.30698451399803
-14.4984184145927
3.07781451940536
11.8409803569317
5.39774922132492
-3.07366204857826
8
18.9512461304664
-3.35710720419883
-5.35813313126564
-5.47315919399262
3.93169320225716
6.56837785243988
-0.0159291863441485
5.65969903469086
6
7
1.46867679357529
0.81918601989746
-1.85564921498299
4.44326081275939
-12.1315283358097
-0.00485469102859457
1.74328881502152
7
-5.18145287036896
-4.7071306169033
-1.69577830433846
2.68813623785973
-2.88178504705429
0.979299336671825
1.99900452494621
7
5.46999884843826
0.659141415357589
-3.70270733237267
0.0707309603691117
-2.58251559734344
-9.49290640950203
7.65198628902435
7
1.43231838345528
-0.495161622762676
0.91014401912689
-2.68421117663383
0.141717249155042
-5.45745723247528
5.4443552672863
7
7.83395598530768
2.05378818511963
-11.267579460144
5.84849451184272
-9.44226999282837
-0.873791205883027
1.20224460363388
7
-3.6026360809803
-3.76243272423744
2.36929490566253
-5.50341932773589
6.38200242519378
2.63436285257339
-4.33451120257378
2
7
13.0187976956368
2.61415252685547
7.82773184776306
2.90776302814484
-4.11813019514084
-4.58589476943015
-0.673058432340629
7
-5.50369797348977
5.07865734696388
0.301205784082413
4.13164061307907
6.26837334632874
17.037938195467
10.3672963559627
|Explorer2Genome 30
3
6
8
5.69124965071679
-5.79233503341675
1.03490324616432
3.4697193801403
-9.35168859958649
-11.4204578220844
-0.850922906398772
-18.8596962869167
8
-9.58568010926246
11.7353457391262
-2.40581436157227
-4.65624103546143
-2.99331454634667
2.71165563464164
0.203159511089327
-3.67231756448746
8
-1.62173263430595
-12.1466448605061
0.636334258317948
5.55026105642319
2.85254735350609
-10.8118792295456
-4.78655918240548
6.95704764127731
8
0.669604164361952
-1.5925624847412
-2.26481508016586
2.72654790282249
3.57873100638389
-5.09575045704842
-7.79090348482131
-0.876778042316436
8
1.79228239655495
9.06260190606118
-3.77735773921013
-14.0377014517784
2.84909216761589
11.723766463995
4.69677091836929
-1.94608820080757
8
19.4387215971947
-3.17381305098533
-5.38460038304329
-5.06006674766541
4.62500188946724
6.52014601230622
-0.668546545505525
5.21339147090912
6
7
-0.128478753566743
0.369741147756575
-1.80073404312134
4.43455872535705
-10.4867886841297
-0.658892387151718
1.26061779260636
7
-5.8247100353241
-6.18774135708809
-1.67242777943611
2.40911082625389
-2.98608363866806
2.23059536814689
2.19552386403084
7
4.31341980695724
0.788878524303436
-4.24355711340904
0.442010486125948
-1.37448914051056
-9.38321886658668
7.24862425327301
7
1.69957256317139
-1.10094657540321
1.67231579422951
-2.46978637576103
0.409746891260144
-5.76161467432976
5.05069091916084
7
7.52467282414435
2.19379734992981
-11.5535692989826
6.68718093037605
-9.81492533087731
-0.617129981517793
0.771208393573762
7
-3.84537597894668
-3.76243272423744
2.65811567306518
-4.9278029680252
6.53917651176452
2.63436285257339
-4.38840722441673
2
7
12.9993452429771
3.38654232025146
8.63638451695442
1.73118236064911
-4.64079939126968
-4.55869502425193
-1.05582167506219
7
-7.61456757187844
4.4509973347187
-1.98619241714477
3.06080737709999
3.15973830223084
17.196006333828
9.45338153839111
|Explorer2Genome 30
3
6
8
7.78575439453126
-5.42572634220123
1.09137408137322
4.06226822137833
-8.98908004760742
-12.1396820664406
-0.458020913600921
-19.7958449006081
8
-9.58568010926246
12.2125976979732
-2.50260841846466
-5.03791394233704
-2.99331454634667
2.71165563464164
0.203159511089327
-3.57949217557908
8
-1.17348873019218
-11.7883578121662
0.636334258317948
5.76418759226799
2.85254735350609
-10.8118792295456
-5.25321963429452
6.43739989995956
8
0.857471501827238
-1.15146541595458
-2.82025951147079
2.72654790282249
3.57873100638389
-5.09575045704842
-7.79090348482131
-0.876778042316436
8
1.79228239655495
8.95012515187264
-4.21418029665947
-14.0377014517784
2.35378672480583
11.723766463995
4.69677091836929
-1.94608820080757
8
18.6199728608131
-2.95823314785957
-5.44753723740578
-5.28976204395295
4.31181743741036
5.80982410907746
-0.00957542657852339
5.65969903469086
6
7
0.396070063114165
0.033550065755843
-1.80073404312134
4.43455872535705
-10.319356918335
-0.658892387151718
1.26061779260636
7
-5.71934857368469
-6.18774135708809
-1.67242777943611
2.47795626521111
-2.98608363866806
2.23059536814689
1.78820760846138
7
5.44807245135307
0.406964147090911
-5.36774615645409
0.523677760362627
-1.77965154647827
-9.02238883376121
7.45575607419014
7
1.12700197696686
-1.04655157327652
1.20957610607147
-2.46978637576103
0.116618371009824
-5.9617380797863
5.48495037555694
7
7.52467282414435
2.78305807113648
-11.0277242958546
6.68718093037605
-9.81492533087731
-0.617129981517793
1.17451177835465
7
-3.8678814291954
-3.87507221698761
2.33649064898491
-5.09810655713081
6.44928501248359
1.99958468675613
-4.25498765707016
2
7
13.4100689053535
3.36950557231903
7.82773184776306
2.06375460624695
-4.47751694917679
-4.88803730010986
-0.994213980436333
7
-7.17365961670877
4.4509973347187
-1.98619241714477
3.06080737709999
3.15973830223084
17.196006333828
9.45338153839111
|Explorer2Genome 30
3
6
8
5.69124965071679
-5.92618033885956
1.03490324616432
4.00273625254631
-9.35007848739624
-11.4204578220844
-0.850922906398772
-18.8596962869167
8
-9.74720057249069
11.630385607481
-3.2871277153492
-3.75297848582268
-3.62271314859391
2.11295596957206
-1.22085863947868
-2.37597739100457
8
-1.62173263430595
-11.9736452579498
0.967823249101639
5.55026105642319
3.07316339015961
-10.8118792295456
-4.84758589267731
7.55438359975815
8
1.37940621972084
-1.34223127365112
-1.49792324304581
2.18735045194625
3.74433602690696
-4.15995641350746
-6.95567418336867
-1.65736473798752
8
2.37305317521095
8.68383520841599
-3.65243582129478
-14.3477875590324
4.15107783675194
11.6805644273758
4.97681265473365
-2.75612798333168
8
19.4387215971947
-3.17381305098533
-5.38460038304329
-5.06006674766541
4.62500188946724
6.21193902492524
-0.668546545505525
5.21339147090912
6
7
1.10618962049484
0.249997806549071
-2.38892386555672
4.45102641582488
-11.0678313314915
0.766626513004303
1.74328881502152
7
-4.96707543730736
-5.00288369655609
-1.48266127705574
2.83754422068596
-3.39571131467819
0.993022018671031
2.5495865046978
7
4.31341980695724
0.788878524303436
-4.24355711340904
0.442010486125948
-1.37448914051056
-9.44796589016914
7.24862425327301
7
1.72790305614472
-0.981247168779369
1.67231579422951
-2.18622497320175
0.666506749391553
-5.28355018496513
5.05069091916084
7
6.93073204159736
0.335860204696657
-11.5039275467396
6.34961577057838
-9.65652481317521
-0.568303906917573
1.34216706156731
7
-3.84537597894668
-3.76243272423744
2.65811567306518
-4.9278029680252
6.53917651176452
2.63436285257339
-4.38840722441673
2
7
12.8370036482811
3.38654232025146
8.53226452469826
1.71970429420472
-4.64079939126968
-4.55869502425193
-1.05582167506219
7
-5.50369797348977
5.46680760979652
0.418737250566483
4.44494571089744
6.77619426250458
17.1720583021641
9.35241441130638
|Explorer2Genome 30
3
6
8
8.26618652343751
-5.11958386898041
1.40537201166153
4.06226822137833
-9.01054315567017
-12.3781436085701
-2.11480439901352
-19.9102568507195
8
-9.58568010926246
11.5958600699902
-2.40581436157227
-4.65624103546143
-2.99331454634667
2.71165563464164
0.203159511089327
-3.67231756448746
8
-2.09504567980766
-12.0846966326237
0.636334258317948
5.55026105642319
2.85254735350609
-10.3454968690872
-4.78655918240548
6.95704764127731
8
0.669604164361952
-1.5925624847412
-2.26481508016586
2.72654790282249
3.57873100638389
-5.09575045704842
-7.79090348482131
-0.876778042316436
8
1.79228239655495
9.06260190606118
-3.77735773921013
-14.0377014517784
2.84909216761589
11.723766463995
4.69677091836929
-1.94608820080757
8
19.3046682953834
-3.47493936419487
-5.40739858746529
-5.02265093326569
4.73664150834084
6.1552120923996
-1.15360802412033
5.56652767658234
6
7
-1.14144831895828
0.935257667303084
-1.20380456447602
3.28282854557037
-11.2075684130192
-0.838670843839645
2.16591145396233
7
-5.8247100353241
-6.18774135708809
-1.67242777943611
2.40911082625389
-2.98608363866806
2.23059536814689
2.42839180231094
7
4.31341980695724
0.808995449542999
-4.24355711340904
0.442010486125948
-1.37448914051056
-9.38321886658668
7.24862425327301
7
1.48824144005776
-0.992094630002971
0.73697838783264
-2.2376444041729
-0.426318669319156
-4.62581622600555
5.05187198519706
7
7.8794066786766
0.825910449028017
-11.5039275467396
6.32225602269172
-9.0870153605938
-1.2640806555748
0.252785938978196
7
-4.40443116426468
-3.76243272423744
2.65811567306518
-4.9278029680252
6.44220921993255
2.63436285257339
-3.83130440115929
2
7
12.9993452429771
3.38654232025146
8.63638451695442
1.73118236064911
-4.64079939126968
-4.44962145686149
-1.05582167506219
7
-7.61456757187844
4.4509973347187
-1.98619241714477
3.06080737709999
3.15973830223084
17.196006333828
9.45338153839111
|Explorer2Genome 30
3
6
8
8.15431473255158
-5.11958386898041
1.41781774759293
4.06226822137833
-9.35772314071655
-12.8596771597862
-1.34712892770767
-19.7419727861881
8
-9.93389245867729
12.0273577809334
-1.76665967106819
-4.0271612405777
-4.62113376855851
1.70619076490402
-1.27924183607101
-3.55335070490838
8
-1.37276414632797
-14.2162571668625
-2.37096056342125
8.23494406938553
0.975605720281601
-10.8720877587795
-4.27255949378014
6.27687460780144
8
0.555930644273756
-0.978632235527032
-2.71588145494461
2.80911394953727
2.54411844611168
-4.58709719777107
-7.54313181638717
-1.47415076494217
8
2.35932205319405
8.53633053898812
-4.47464961409569
-14.2510819077492
2.0166949391365
11.3619498252869
5.25793930888176
-2.23619680404663
8
18.2136680483818
-3.80475594401359
-5.1297812461853
-4.75083102583886
4.28654745221138
6.14784309864045
-0.924268496036531
6.40981619358063
6
7
0.765773737430571
1.02111530303955
-1.85564921498299
4.59358010292053
-10.6029706954956
-0.210552066564559
1.51474613547325
7
-5.94840965270996
-5.86850550174713
-2.24449198246002
2.60246099233628
-2.05665724873543
1.43053892850875
2.85119733214378
7
4.56458364725113
0.206978571414947
-4.03207165598869
0.870385658740999
-0.805115765333173
-8.39208216071129
6.86341383457184
7
2.10779819488526
-0.0792374253272966
1.28217887282371
-2.22852475047112
-0.00217695236206347
-6.23316397070885
6.53417096138
7
7.82379849553107
0.584318286180498
-11.6752370178699
6.267004519701
-9.02524600028992
-0.863233977556229
2.30547758340836
7
-5.01688505411148
-3.63235794305801
3.08071545958519
-5.31145191192627
4.96081688404083
2.41655008196831
-4.45215533971787
2
7
11.4003161013126
3.80422098636627
6.5640461564064
2.78653626441956
-4.05583263635635
-4.79495325684547
-2.59227682948113
7
-7.45395269393922
5.06906732320785
-2.86204166412353
2.59339917898178
4.62590456008911
17.9913119196892
10.4599223673344
|Explorer2Genome 30
3
6
8
5.79770658016206
-4.80408461689949
2.45964713096619
2.06582931280136
-11.8730830192566
-10.5642158269882
-2.05812333226204
-19.4940201759338
8
-10.578716892004
11.6551438450813
-3.68754597306252
-3.78955466151238
-3.92945836782456
1.89886383414268
-1.15446395277977
-1.68007397055626
8
-1.42643035650253
-14.5664728403091
-3.10922092795372
7.46721810102463
1.22891353964806
-9.81389757990837
-3.72157132029534
6.34924130439759
8
0.926773720979689
-0.741130137443536
-1.04711886644363
1.57825175523757
2.79073826670646
-3.77861331105232
-7.14429491758346
-1.45557399988174
8
2.32394035458565
8.3597529232502
-2.20271779894829
-14.2627762854099
2.42576192617416
11.514037746191
6.20033287405967
-3.02831419110298
8
18.8454959988594
-3.47493936419487
-5.15269567966461
-5.4838256597519
4.72660296559334
6.47157299518586
-1.15360802412033
5.56652767658234
6
7
-1.00716313123703
0.393287581205367
-0.869653177261356
4.87053091526031
-11.1481646358967
-0.0190886557102198
1.24553419351578
7
-5.55199282169342
-4.82871622443199
-4.18405295014381
1.74967507719994
-1.69616714119911
0.465240174531933
3.40239216089248
7
4.8656924366951
0.780993044376373
-3.5401964366436
0.870095622539522
-2.015072286129
-8.86178708076477
6.46909032464028
7
1.48824144005776
-0.992094630002971
-0.193485212326051
-2.2376444041729
-0.426318669319156
-4.62581622600555
5.1798004090786
7
7.8794066786766
1.35715463161469
-12.0924817562103
6.40077913999557
-9.0870153605938
-1.2640806555748
-0.26452835202217
7
-5.54824932813644
-4.2663611292839
3.71745541095733
-4.61335278153419
5.67136116027832
2.19849516153336
-4.19113348722458
2
7
13.4146428048611
2.27962012290955
9.15215802192688
3.16481274366379
-4.36600514650345
-4.34052591323852
-1.96276587843896
7
-7.67075927853585
5.20371357202529
-3.14427206516266
2.88507222533225
4.62590456008911
18.3984709620476
10.2531443834305
|Explorer2Genome 30
3
6
8
5.13033351302148
-4.48694494366646
3.29734612107277
2.10777326822281
-9.07950848937035
-11.1766707897186
-0.839034783840179
-19.0540875434875
8
-9.08404000401497
11.1264578998089
-2.69558275341988
-4.54602763652801
-3.51382127404213
2.78287532925605
-0.592380410432813
-2.77186130285264
8
-1.11015505194664
-12.1466448605061
1.71269078850746
5.04292680025101
2.85254735350609
-10.3271397769451
-4.62697597146035
6.81060067415238
8
0.913369721174239
-0.54482442736625
-2.3837804377079
2.75709838867187
2.3229566514492
-3.54206840395927
-6.95174578428268
-0.824528753757476
8
2.91291483044624
8.61450797319412
-2.97976877093315
-13.7709475576878
2.32001057863235
11.3417365014553
5.61237851381301
-3.02831419110298
8
18.6273755431175
-2.91073669791221
-5.2816016972065
-4.98344376087189
4.11253696084023
6.26187911033631
0.721426451206206
5.01330947875977
6
7
0.267218530178069
0.263696545362471
-1.61830463409424
5.00893545746803
-10.9958909451962
-0.513115185499191
0.997953212261202
7
-5.51288143992424
-6.28484197258949
-2.36485543251038
2.78709637522698
-3.92413955330849
1.86472246050834
3.82596603631973
7
4.45160785913467
0.291264021396636
-4.56641325354576
0.786811387538911
-1.40080634951591
-8.52407220005989
7.03815422654152
7
2.02090935707093
-1.31396273374557
2.05914571285248
-1.90196229815483
0.196215087175366
-5.3305075109005
5.61738904118538
7
8.32025018930434
1.2857257604599
-11.810848236084
6.81221471428871
-9.47917334437371
-0.93131629228592
1.07185782790184
7
-5.05923627614975
-3.75917843580246
3.19293136000633
-4.82810250520706
5.85624797344208
1.89830831885338
-5.17083142995834
2
7
12.2761453747749
3.36950557231903
7.38261296749115
2.71960454583168
-4.48456100225448
-4.69802954196929
-1.73645738959313
7
-7.33355110287667
4.41106067299842
-1.98619241714477
3.03745420575141
3.11661939620972
16.8061373114586
8.90073490142822
|Explorer2Genome 30
3
6
8
8.26618652343751
-5.11958386898041
0.935416376590731
3.58562079668045
-8.98908004760742
-12.4569780230522
-1.34712892770767
-19.9102568507195
8
-10.5376815974712
11.6390942752361
-3.2871277153492
-3.60678407549858
-3.5827441573143
2.84526533484459
-1.22085863947868
-1.54655639529229
8
-0.775479024648666
-12.1466448605061
1.6414339363575
5.44213863611222
2.85254735350609
-10.3271397769451
-5.22331929802895
7.30112148523331
8
0.68891565799713
-1.34565556049346
-1.9587296128273
2.57425860166549
3.07324232459068
-4.44027736783028
-7.26213052868842
-2.17200561761856
8
2.44589875340462
8.11596623063088
-3.65243582129478
-14.9390665888786
4.14640964865684
11.4951718747616
5.29998207688331
-2.48397067189217
8
18.6349385857582
-3.48991760611534
-5.38460038304329
-4.41190258860588
4.48161156773567
5.63814091682434
0.308978503942488
4.85899196267128
6
7
-1.24820731878281
0.818603247404097
-1.1422724723816
3.93172314167022
-10.4348953962326
-0.513115185499191
1.22009040117264
7
-8.48068869113922
-4.67277225255966
-2.26841685771942
2.0084153354168
-2.67357823252678
2.29353309869766
4.16854131221771
7
5.4661795258522
1.14926361441612
-3.28359767198563
-0.950569403171538
-1.40294966697693
-9.49290640950203
7.52537558078766
7
1.47599227428437
-2.26116832494735
1.57483612895012
-1.98393550515175
0.123498415946958
-5.51855518221855
5.48340992927551
7
7.64379264116286
2.0462263405323
-11.9752420246601
7.80089076161384
-8.45279271602631
-1.01178613901138
1.28127413988113
7
-3.8678814291954
-3.76243272423744
1.93904077410698
-5.28949804902076
6.38200242519378
1.57873421907425
-4.27196589708328
2
7
11.4003161013126
3.80422098636627
5.76253851652145
2.78653626441956
-4.05583263635635
-4.84874299168586
-2.59227682948113
7
-5.90638738274575
4.90371106863021
0.301205784082413
4.17567425966262
6.59239521026612
17.0277299761772
10.3337946355343
|Explorer2Genome 30
3
6
8
6.3568893134594
-5.82681620717049
1.77696442604065
3.17816926836967
-9.14131865501404
-10.9229516088963
-1.47013746500015
-18.9306417167187
8
-9.58568010926246
12.6067727208137
-3.08246966004372
-4.71378650665283
-3.60381206870079
3.27919446825981
-0.339046251773832
-3.50632564425469
8
-1.6975237429142
-14.3712367594242
-2.37096056342125
7.84042030572892
0.975605720281601
-10.8477561175823
-4.18684982657433
6.18757593035698
8
0.283806806802748
-1.98396201133727
-1.83031547665596
2.93922621011734
3.03288307189941
-4.19565146565437
-7.92686980962753
-1.58869142532349
8
2.08668523430824
8.20384476780892
-2.53350741267204
-13.4334975540638
2.77017973661423
11.7411927938461
5.61237851381301
-3.60086382031441
8
18.6675314307213
-3.35710720419883
-6.39708572030067
-5.47315919399262
3.93169320225716
6.90681312084198
-0.0159291863441485
5.16313817501069
6
7
-0.335213625431062
0.320345443487166
-1.15866463184357
4.93980441689491
-11.2188980638981
-0.513115185499191
2.14273604154587
7
-5.18145287036896
-5.22776641249657
-1.69577830433846
2.68813623785973
-2.45834721326828
0.979299336671825
1.99900452494621
7
5.40138171911239
1.10260140299797
-3.26323546767235
-0.393008959293364
-2.58251559734344
-9.37894549965858
7.65198628902435
7
0.867757159471515
-0.495161622762676
0.91014401912689
-2.43721514940262
0.604885393381116
-5.6217369556427
5.67175207138061
7
7.70718032121657
0.957261657714845
-10.8354926645756
6.7680883705616
-9.52821991443635
-1.00721093416214
0.906085222959519
7
-5.320199406147
-2.96647058725357
2.41060378551483
-5.27772045135498
6.28849639892578
2.4194506585598
-4.74240475893021
2
7
12.8016831755638
3.36121711730957
6.9713407754898
2.88748910427094
-3.84125405550003
-4.75839998722076
-1.46015202403069
7
-8.34726762771608
3.48774054646491
-2.74621801376343
2.63896248936653
6.30838210582733
18.2451522469521
10.5981366693974
|Explorer2Genome 30
3
6
8
5.69124965071679
-5.79233503341675
1.43095079064369
3.34484195113182
-9.03013322353363
-11.4204578220844
-0.984294211864471
-18.8596962869167
8
-9.84024706482887
11.62739392519
-2.52396259307861
-5.47522666454315
-3.3284687936306
2.15854222178459
-0.788510882854459
-3.05311539769173
8
-0.548210251331328
-13.8288808643818
-1.28903076052666
8.00324627161026
1.05853804945946
-9.7903007209301
-4.2939313530922
6.18949410319328
8
0.669604164361952
-1.84849650859832
-2.49511941671372
2.73293349146842
3.81295199394226
-5.09575045704842
-7.70219882726668
-0.887940323352813
8
1.96597073674202
9.10554276704788
-3.50701567530632
-13.7709475576878
1.8329251408577
11.3417365014553
5.61237851381301
-2.93850074410439
8
18.8329238057136
-2.92464742064476
-5.95410645604134
-4.90595252513886
4.13335667848587
6.52321853637696
1.05067468881607
5.83193304538727
6
7
-0.107234174013139
0.316506165266036
-1.15866463184357
4.73785154819488
-11.8126118242741
-0.309032571315765
2.67041267156601
7
-5.8247100353241
-5.85583859086037
-1.67242777943611
2.29358250498772
-1.88292497396469
2.23059536814689
2.19552386403084
7
4.7653688788414
0.958791887760162
-3.70716301798821
0.0717371821403519
-1.37448914051056
-9.38321886658668
7.24862425327301
7
2.34688451290131
-1.2583405137062
1.11894156336784
-1.71231295466423
-0.482902264595035
-7.33988210558891
5.59180035591125
7
7.82299309968947
1.83779289722443
-12.1665867388248
5.81109171509742
-9.93990318179131
-0.617129981517793
-0.0442903637886038
7
-5.13838576078415
-3.1947293639183
3.19293136000633
-5.03868193030357
5.85624797344208
1.89830831885338
-5.72119511365891
2
7
12.9993452429771
3.36950557231903
8.36009011268616
1.20090441703797
-4.64079939126968
-4.27371723651885
-1.72248429656029
7
-7.33355110287667
4.41106067299842
-1.79161383509636
3.03745420575141
3.15973830223084
16.6561609148979
9.17985470890999
|Explorer2Genome 30
3
6
8
5.69124965071679
-5.79233503341675
1.39805861115456
3.4697193801403
-9.3041554927826
-11.4204578220844
-0.995091497898101
-19.1653907239437
8
-9.58568010926246
12.1672846734524
-2.40581436157227
-4.0645525932312
-2.99331454634667
2.60257205367088
0.733277595043184
-3.10278030633927
8
-1.98813661932945
-12.544290214777
0.677641922235489
5.84129081964493
2.43108648657799
-9.76183225512504
-4.55511537194253
6.57313913106918
8
0.669604164361952
-1.5925624847412
-2.64681943655014
2.72654790282249
3.14283556342125
-5.09575045704842
-7.79090348482131
-0.876778042316436
8
1.79228239655495
9.06260190606118
-3.77735773921013
-14.0377014517784
2.84909216761589
11.465221041441
4.69677091836929
-2.34356539845467
8
19.6362954735756
-3.18043903708458
-5.38460038304329
-4.6534716129303
4.31181743741036
6.14427261352539
-0.480363261699678
5.21339147090912
6
7
0.611462104320525
0.648609542846679
-2.20841906666756
4.59358010292053
-11.5403233349323
-0.210552066564559
1.66139966845513
7
-5.8247100353241
-6.18774135708809
-1.67242777943611
2.40911082625389
-3.21554991006851
2.23059536814689
2.68616011738777
7
4.63024489283561
0.478018152713775
-5.79675897955895
0.349264901876451
-2.17557370662689
-8.75803136825562
7.45575607419014
7
2.10779819488526
-0.467003023624416
1.28217887282371
-2.22852475047112
0.158965015411374
-5.92396535277367
6.31770501732826
7
7.52467282414435
2.19379734992981
-11.5535692989826
6.45113330483436
-9.81492533087731
-0.617129981517793
1.00817231535912
7
-4.20051382780075
-3.94104876518249
1.76414672732353
-5.37992797493934
7.17051120400428
0.639604437351226
-3.72649978399277
2
7
12.591053378582
3.38654232025146
8.63638451695442
1.73118236064911
-4.64079939126968
-4.55869502425193
-1.23939284682275
7
-9.64133439660074
4.16626752614974
-2.38477727770805
2.50943217873573
6.08002197742462
17.6780216634274
9.80059950351715
|Explorer2Genome 30
3
6
8
6.10853556990624
-4.48694494366646
3.29734612107277
2.18397096395492
-9.07950848937035
-11.1766707897186
-0.839034783840179
-19.1008294343948
8
-9.58568010926246
11.600553882122
-2.61836977005005
-4.65624103546143
-2.63554741740227
2.29247564673423
-0.340904343128202
-2.7532894730568
8
-0.548210251331328
-13.8288808643818
-0.910505121946335
8.25394190549851
1.05853804945946
-10.2282791316509
-3.94939910173417
6.18949410319328
8
0.669604164361952
-1.84849650859832
-2.49511941671372
2.73293349146842
4.03008224964142
-5.09575045704842
-8.05656841993331
-0.887940323352813
8
2.06112471222878
8.61450797319412
-3.30648135542869
-13.7709475576878
2.32001057863235
11.3417365014553
5.61237851381301
-2.93850074410439
8
18.8329238057136
-2.92464742064476
-5.95410645604134
-4.90595252513886
4.49994727373123
5.99050135612488
1.05067468881607
6.03248682022095
6
7
-0.335213625431062
0.320345443487166
-1.15866463184357
4.73785154819488
-11.8126118242741
-0.309032571315765
2.67041267156601
7
-6.02530831694603
-5.13962931036949
-2.19846640229225
2.54235268831253
-2.37163869142532
0.920070368051525
2.19705674648285
7
4.7653688788414
0.958791887760162
-4.25179664492607
0.0717371821403519
-1.37448914051056
-9.38321886658668
7.24862425327301
7
1.37897605895996
-1.39601910710334
1.67231579422951
-2.46978637576103
0.409746891260144
-5.76161467432976
4.75090127587318
7
7.52467282414435
1.83779289722443
-12.1028867065907
6.27768979668617
-9.93990318179131
-0.617129981517793
0.47845128774643
7
-4.93951569795608
-3.1947293639183
3.19293136000633
-5.03868193030357
5.85624797344208
1.89830831885338
-5.72119511365891
2
7
12.9993452429771
3.36950557231903
8.36009011268616
1.20090441703797
-4.64079939126968
-4.27371723651885
-1.42588798403741
7
-7.33355110287667
4.41106067299842
-1.79161383509636
3.03745420575141
3.15973830223084
16.3271911978722
9.17985470890999
|Explorer2Genome 30
3
6
8
5.69124965071679
-5.79233503341675
1.03490324616432
3.4697193801403
-9.45183176994324
-11.4204578220844
-0.850922906398772
-18.8596962869167
8
-9.24224382638931
12.2746833086014
-2.40299074649811
-4.45493652820587
-3.7757038474083
2.61106841564178
-1.58828281164169
-3.48886154890061
8
-1.99880523085594
-11.9823947489262
0.673200613260269
5.76530112028122
2.25125753283501
-10.0163790225983
-4.91015201210976
6.95704764127731
8
0.830812311172484
-1.90245826244354
-1.97016948461533
2.6644545674324
3.42626366019249
-4.28465960621834
-7.03667460680007
-1.4671262383461
8
2.32394035458565
8.3597529232502
-2.77280895113945
-13.9879233181477
2.42576192617416
11.3789590537548
5.96173895597457
-3.02831419110298
8
19.1453241944313
-3.17381305098533
-5.04429028630257
-4.91554253101349
4.62500188946724
6.52014601230622
-0.100169718265535
5.21339147090912
6
7
-0.128478753566743
0.369741147756575
-1.80073404312134
4.43455872535705
-10.2512265205383
-0.658892387151718
1.26061779260636
7
-5.63634121417999
-4.79957041144371
-2.1393472969532
1.67945371866227
-1.81476761102676
0.920070368051525
2.83036456108093
7
4.41761790513992
0.958791887760162
-3.38502408266068
0.404664409160616
-2.26545776724815
-8.60032103657722
7.16081917285919
7
1.69957256317139
-1.10094657540321
1.67231579422951
-2.46978637576103
0.409746891260144
-5.76161467432976
5.05069091916084
7
7.52467282414435
2.19379734992981
-11.5535692989826
7.20368383526802
-9.81492533087731
-0.718494665622712
0.771208393573762
7
-5.69063435792923
-4.2663611292839
3.31768667697906
-4.79893153309822
5.59138920307159
2.19849516153336
-4.64837259054184
2
7
13.2068048655987
2.94869859218597
7.59209620952606
2.45971467494965
-4.11756659150123
-4.75897276401519
-1.45158461928368
7
-7.67075927853585
5.06906732320785
-2.86204166412353
2.85560304522514
4.62590456008911
17.9913119196892
10.2531443834305
|Explorer2Genome 30
3
6
8
5.67140021324158
-5.29906284809113
1.10066916942597
1.53190413713455
-10.1531542003155
-10.9277963399887
-1.62393883466721
-19.4940201759338
8
-9.73554843068123
11.62739392519
-1.82487056255341
-5.21907649040222
-3.07694398164749
2.56195647120475
-0.503162539005277
-3.02757745981217
8
-1.12531706094742
-14.1485572099686
-2.43087503314018
7.78917500376702
1.5563457429409
-10.666406172514
-3.91253346204758
6.72419947981835
8
0.302141958475111
-1.47156782150268
-1.86034334301949
2.62823251485824
2.82357615828514
-5.49564650654793
-6.78910685777663
-1.5413622200489
8
3.00822464227676
9.04887500405312
-4.48721309900284
-14.4984184145927
3.07781451940536
11.3608603656292
5.39774922132492
-3.07366204857826
8
19.0543367266655
-2.78093394637108
-5.68599355816841
-4.40387082099915
4.22678733468056
6.58939691185952
-0.0159291863441485
5.0291787147522
6
7
1.2841129899025
0.636187982559203
-2.61582623124123
3.92833726406097
-10.6467067241669
-0.0880671858787532
1.74328881502152
7
-5.33500434756279
-5.7667542219162
-2.29482772946358
1.90266849398613
-2.43617278337479
0.492740827798839
2.50797056555748
7
4.83248808383941
0.566178679466247
-4.8366675555706
0.0557891786098496
-1.97192627191543
-9.39180472493172
8.0293941617012
7
2.58999371528626
-1.17485057115554
2.19014009833336
-2.04585837721825
0.00318424701690379
-6.7181577861309
5.79380946159363
7
7.9664883673191
2.05378818511963
-11.267579460144
5.65361085534095
-10.0047732830048
-0.873791205883027
1.20224460363388
7
-3.6026360809803
-4.09773989319801
2.15858063697815
-5.50341932773589
6.73240513801574
2.63436285257339
-4.81709617972374
2
7
12.9881139934063
3.74391997456551
7.65444462299347
2.05809748768807
-4.39396914243698
-4.21587759852409
-1.81479870676995
7
-5.50369797348977
5.15497842431068
0.301205784082413
3.66701878309249
6.26837334632874
16.5753774464131
10.7163171231747
|Explorer2Genome 30
3
6
8
5.7813494861126
-6.28497124910355
1.77696442604065
2.79190272092819
-9.28222224712372
-10.9229516088963
-1.47013746500015
-18.9306417167187
8
-9.82235472798347
12.2183364987373
-3.08246966004372
-4.19149181842804
-3.96071295142174
3.27919446825981
-0.115239655971525
-3.19315163493157
8
-1.24440406560898
-14.4690840482712
-2.43087503314018
8.01108195185662
1.5563457429409
-10.1428531348705
-3.40907253026963
7.10338537096977
8
0.701427268981932
-1.34223127365112
-1.77270060777664
2.69167920351028
2.04656073451042
-4.19565146565437
-5.80201045274734
-1.50917919874191
8
2.44589875340462
8.11596623063088
-3.88097555041313
-15.0721319794655
4.14640964865684
11.4561887919903
5.5147597849369
-2.60534735321999
8
19.6063531517982
-3.48991760611534
-4.80842383503914
-4.90529829859734
5.03543599843979
5.20236277580262
0.149202620983122
4.88576250076294
6
7
-0.261645102500917
1.11778855323791
-1.53606889247895
4.04486622810363
-11.5472126424313
-0.497117489576339
1.57041028738022
7
-5.18079748153686
-4.7071306169033
-1.69577830433846
2.99492616057396
-2.88178504705429
0.979299336671825
2.48354272246361
7
5.53441106081009
1.36606247425079
-3.30968510508537
-0.362010776996611
-1.58448150157928
-9.49290640950203
7.21768436431885
7
2.95427045822144
-1.31396273374557
2.92768762111664
-2.46978637576103
0.800896185636517
-5.90772439837456
5.83745828270912
7
8.04948506951331
2.05378818511963
-11.267579460144
5.84849451184272
-9.44226999282837
-0.873791205883027
0.765346658229829
7
-3.6026360809803
-3.76243272423744
2.78392007350921
-5.50341932773589
6.43530864715576
2.63436285257339
-4.33451120257378
2
7
13.0187976956368
2.61415252685547
7.82773184776306
2.90776302814484
-4.11813019514084
-4.96695756316184
-0.673058432340629
7
-5.50369797348977
5.07865734696388
0.301205784082413
4.13164061307907
6.26837334632874
17.037938195467
10.250120228529
|Explorer2Genome 30
3
6
8
5.59710425734521
-4.48694494366646
3.29734612107277
2.18397096395492
-9.07950848937035
-11.1995049715042
-0.839034783840179
-19.4705117940903
8
-9.84024706482887
11.62739392519
-2.40038521289826
-5.47522666454315
-3.3284687936306
2.71165563464164
-1.20990637540817
-3.33316961526871
8
-0.898508608341215
-14.7443199455738
-3.17576689124107
8.03127791285515
0.400178116559983
-10.9611634194851
-3.78694270849229
6.14777824282646
8
0.866037780046461
-0.643796563148492
-2.71588145494461
2.2840447127819
3.08659393191337
-4.58709719777107
-7.54313181638717
-1.76643801927566
8
2.61036607027054
9.70344356298447
-3.41919514536857
-13.8202351689339
2.55455909967422
11.1898806273937
5.57191606760025
-3.06012282967568
8
19.2267637848854
-2.50368151068687
-5.95410645604134
-4.8341347873211
4.31181743741036
5.99050135612488
-0.00930398702621632
6.03248682022095
6
7
1.47084094285965
0.510693484544753
-0.885583263635639
4.620595651865
-9.62432530522347
-1.22889155745506
1.74328881502152
7
-5.8247100353241
-6.2683915913105
-1.34682498574257
2.53020376563072
-3.73938754796982
2.46755351424217
2.24166765809059
7
5.83273128271103
0.778417515754699
-3.62234048247337
0.0707309603691117
-1.86019864082336
-9.49290640950203
7.65198628902435
7
2.16763219833374
-1.2583405137062
0.714000099897383
-2.37226633429527
-0.15047142505646
-7.33988210558891
5.59180035591125
7
8.40770094990729
0.718218469619753
-11.6752370178699
6.40896354317665
-8.91411650180817
-0.797762113809586
2.30547758340836
7
-5.01688505411148
-3.75917843580246
3.19293136000633
-4.96084114909172
4.99809443950653
1.89830831885338
-5.17083142995834
2
7
13.1072307705879
2.00864949226379
8.47486060261726
2.49446206688881
-4.39643083810806
-4.53742632269859
-1.81479870676995
7
-9.94734383225442
4.4338643670082
-2.20610494613647
2.69591622948646
5.90298223495484
17.704317343235
10.2977680444717
|Explorer2Genome 30
3
6
8
5.7813494861126
-5.44468208551407
1.80070505142212
3.24910838603973
-9.28222224712372
-10.8935411512852
-0.670048034191131
-19.3051154315472
8
-9.93389245867729
12.0273577809334
-1.76665967106819
-4.0271612405777
-4.62113376855851
1.70619076490402
-1.27924183607101
-3.55335070490838
8
-1.12910099625587
-14.3712367594242
-2.37096056342125
8.23494406938553
0.975605720281601
-10.8477561175823
-4.54543055891991
6.32872678637505
8
0.283806806802748
-1.18600268363952
-1.83031547665596
3.08596836328506
2.85342156291008
-3.88129814267158
-7.37589930295943
-1.18030729293823
8
1.39701684117317
9.15969858765602
-2.72755700945854
-13.9196869730949
2.96150099039078
11.3246736466885
5.57191606760025
-2.14069605469704
8
18.2136680483818
-3.80475594401359
-5.1297812461853
-4.75083102583886
3.81333826184273
6.14784309864045
-0.924268496036531
6.40981619358063
6
7
-0.335213625431062
0.0786690413951863
-1.15866463184357
4.93980441689491
-11.2968148052692
-0.513115185499191
2.14273604154587
7
-5.8247100353241
-6.16727452874184
-1.69098702073097
2.51996237635613
-2.63322182297707
2.34076349139213
2.71303313374519
7
4.7653688788414
0.958791887760162
-4.0997354388237
0.442010486125948
-1.52109603881836
-9.62680628895759
7.69815833568573
7
1.43231838345528
-0.495161622762676
1.23960976600647
-1.57108177542686
0.492332339286801
-4.64109424948692
5.1798004090786
7
7.82379849553107
0.584318286180498
-11.6752370178699
6.15078898072242
-9.02524600028992
-0.863233977556229
1.93839174509049
7
-5.01688505411148
-3.63235794305801
3.08071545958519
-5.31145191192627
4.96081688404083
2.41655008196831
-4.45215533971787
2
7
11.4003161013126
3.80422098636627
6.5640461564064
2.78653626441956
-4.05583263635635
-4.79495325684547
-2.59227682948113
7
-6.9482532978058
5.06906732320785
-2.86204166412353
2.59339917898178
4.39433629512787
17.9913119196892
10.2173079788685
|Explorer2Genome 30
3
6
8
6.19697949886323
-5.03415713906288
1.8788950920105
2.02714349031448
-9.17394620776177
-12.2056403398514
-1.41851509809494
-19.0504108428955
8
-9.93389245867729
11.5175111889839
-1.76665967106819
-4.74735152721405
-5.20429643392563
1.94054350256919
-1.27924183607101
-3.9535064637661
8
-1.39767264127731
-11.8355987370014
0.636334258317948
5.55026105642319
2.85254735350609
-10.8118792295456
-4.78655918240548
6.95704764127731
8
1.43705347180366
-1.34223127365112
-2.08550239801407
2.28853303194046
3.16032957434654
-3.95794961452484
-7.0299879670143
-1.65736473798752
8
2.37305317521095
8.50782852768898
-3.65243582129478
-14.3477875590324
4.15107783675194
11.6805644273758
5.3647344648838
-2.75612798333168
8
18.9512461304664
-3.12246500253677
-5.88311982750893
-5.09307272434235
4.31181743741036
5.80982410907746
-0.00957542657852339
5.65969903469086
6
7
1.10618962049484
0.648609542846679
-2.38892386555672
4.45102641582488
-11.0678313314915
0.183616554737091
1.74328881502152
7
-4.9693014383316
-5.68529167175293
-3.97321694493294
1.7536163687706
-1.45843208432197
0.65911780595779
2.58436418771744
7
5.55506448149681
0.406964147090911
-5.36774615645409
-0.529884463548659
-1.85135200023651
-8.52167133688927
7.45575607419014
7
1.47599227428437
-1.18713487386703
1.23746272921562
-2.18229492902756
0.116618371009824
-5.9617380797863
5.26402397155761
7
6.93073204159736
0.335860204696657
-11.5039275467396
6.06956525444984
-9.65652481317521
-1.12077051401138
1.34216706156731
7
-4.62257788777351
-2.64718273282051
2.29746232628822
-4.74195692539215
5.89741702079773
1.8669194817543
-4.77374476194382
2
7
13.4100689053535
3.813321185112
7.25642161369323
1.54189043045044
-4.18969646692276
-4.75897276401519
-0.994213980436333
7
-5.63235824704171
4.5761894583702
0.301205784082413
4.17567425966262
6.97690889835358
16.788713413477
10.3337946355343
|Explorer2Genome 30
3
6
8
5.808558011055
-3.96782262921333
3.29734612107277
3.07929984331131
-8.66330639719963
-11.2797664642334
-0.920576655864715
-19.1196527481079
8
-9.93389245867729
11.9709043622017
-1.76665967106819
-4.37234709262848
-5.02473741769791
1.64011077284813
-1.2196447968483
-4.00382606387139
8
-0.420796740055083
-14.6231499731541
-3.15314986109734
7.77685509920121
0.104194635152817
-10.3466302096844
-4.29809755682946
6.34340125918389
8
0.265916401147841
-1.5925624847412
-2.26481508016586
2.71442968249321
3.30469700694084
-5.6147933781147
-7.22722603082656
-0.876778042316436
8
1.79228239655495
9.06260190606118
-3.77735773921013
-13.706175839901
2.84909216761589
11.723766463995
4.69677091836929
-1.94608820080757
8
19.4387215971947
-3.17381305098533
-5.27477522492409
-5.05769202709199
4.62500188946724
6.52014601230622
-0.668546545505525
5.21339147090912
6
7
-1.11529256105423
0.818603247404097
-1.73823993206025
3.82589447498321
-10.4241415083408
-0.773928254842758
2.189720672369
7
-4.12620704174041
-5.62111377716064
-3.81240535378456
1.7536163687706
-1.43705974221229
0.65911780595779
2.51249607801437
7
4.55233380198478
0.788878524303436
-4.24355711340904
0.442010486125948
-1.37448914051056
-9.38321886658668
7.71560084819794
7
2.15504856109619
-0.968949204683299
1.9373321890831
-2.46978637576103
0.409746891260144
-5.76161467432976
5.05069091916084
7
6.85442047715186
-0.257258319854735
-11.0440355956554
6.38015161156654
-9.65513113737107
-0.46614249944687
1.22076248526573
7
-4.10530842542648
-3.46619384288788
2.65811567306518
-4.97236719131469
6.53917651176452
2.63436285257339
-4.38840722441673
2
7
10.9720731794834
3.15488250255585
5.63416205644607
2.78653626441956
-3.51746808290481
-4.9068963587284
-2.59227682948113
7
-7.61456757187844
4.83200247883796
-1.98619241714477
3.06248458027839
2.58169536590576
17.196006333828
9.45338153839111
|Explorer2Genome 30
3
6
8
7.97694695591927
-5.11958386898041
1.29569051265717
3.63832441568374
-8.98908004760742
-11.8802150368691
-0.673856198787689
-20.1587703108788
8
-9.44219776988029
11.5175111889839
-1.76665967106819
-4.34409155845642
-4.91216596364975
1.5337528347969
-1.55166035890579
-3.54370433688164
8
-1.62173263430595
-11.7883396446705
0.636334258317948
5.55026105642319
2.68184477686882
-10.8118792295456
-4.78655918240548
6.95704764127731
8
0.701427268981932
-1.34223127365112
-1.77270060777664
1.6514219880104
2.7288476884365
-4.19565146565437
-5.84813393354415
-0.950097405910491
8
1.91323242783546
8.11596623063088
-3.65243582129478
-14.3477875590324
4.88780283331871
11.3215118587017
4.91282058358192
-2.72589684128762
8
19.0480961203575
-3.17381305098533
-5.38460038304329
-4.88760387301445
4.37597909569741
6.52014601230622
-0.668546545505525
5.21339147090912
6
7
0.375357401371001
0.369741147756575
-2.02960636615754
4.43455872535705
-10.4867886841297
-0.658892387151718
1.26061779260636
7
-5.61578233242035
-4.79639231562614
-2.44044371247292
2.21376649141312
-2.24249812364578
0.913884621858593
2.88595649003982
7
4.79466189146042
0.788878524303436
-4.24355711340904
0.442010486125948
-1.41788320541382
-9.38321886658668
7.19228005409241
7
1.69957256317139
-1.10094657540321
1.67231579422951
-2.46978637576103
0.409746891260144
-5.76161467432976
5.05069091916084
7
7.52467282414435
0.672118091583254
-12.0366555988789
5.842781406641
-9.99267389178276
-0.603393995761872
1.07185782790184
7
-3.84537597894668
-3.76243272423744
2.97805299758911
-4.9278029680252
5.97943482398987
2.63436285257339
-4.38840722441673
2
7
12.8648400425911
2.95735533237457
8.36009011268616
2.33149449825287
-4.70386663675308
-4.75897276401519
-0.942693752050407
7
-7.61456757187844
4.4509973347187
-1.98619241714477
3.06080737709999
3.15973830223084
17.196006333828
9.45338153839111
|Explorer2Genome 30
3
6
8
5.7813494861126
-5.44468208551407
1.80070505142212
2.7555996119976
-9.28222224712372
-10.8935411512852
-0.670048034191131
-19.3051154315472
8
-9.58568010926246
11.600553882122
-2.4675963640213
-5.15866141319275
-2.79397992491722
2.29247564673423
-0.866922867298124
-3.2370740056038
8
-1.34358114004135
-14.3252897322178
-2.37096056342125
7.39298835992814
0.975605720281601
-11.4407364547253
-3.92873749136926
7.04442946910858
8
1.02648482322693
-1.35026159286498
-1.90388180017471
2.11354714632034
3.69665164351463
-4.03962273597717
-7.03667460680007
-0.723363572359084
8
1.39701684117317
9.11306441426277
-2.85006164908409
-13.9196869730949
2.96150099039078
11.3246736466885
5.57191606760025
-2.14069605469704
8
19.1488717198372
-2.92464742064476
-5.95410645604134
-4.90595252513886
4.31181743741036
6.25338771939278
0.456880533695219
5.96932480335236
6
7
1.42607008218765
0.81918601989746
-1.85564921498299
4.78292846679687
-12.5222950041294
-0.00485469102859457
1.74328881502152
7
-5.8247100353241
-6.16727452874184
-1.67242777943611
2.85875706076622
-2.79450896978378
2.34076349139213
2.71303313374519
7
4.7653688788414
0.958791887760162
-3.65889083743095
0.05326899290085
-1.37448914051056
-9.38321886658668
7.69815833568573
7
1.43231838345528
-0.495161622762676
1.04024832248688
-2.07062596678734
-0.0253933668136627
-5.1627153813839
5.32670742869377
7
8.38349946737288
1.82096362709999
-12.9703557312489
6.69698637127876
-9.52569835186005
-0.670617449283601
2.45545004606247
7
-4.30299566984176
-2.82217646837234
2.75382590293884
-5.05893543362617
6.76632719635963
2.82735581994057
-3.67147315740585
2
7
13.0187976956368
2.61415252685547
7.92540466785431
2.64577879905701
-3.97085775136948
-4.86661898493766
-0.70195497870446
7
-9.72037523388864
4.51266494989394
-3.12140433788299
2.1499977171421
5.20887997150421
18.7545458495617
10.2219264030457
|Explorer2Genome 30
3
6
8
8.07250512242318
-4.71327533721924
1.26472473144531
3.85872052907944
-8.61539940834045
-12.254133784771
-0.514117062091827
-19.5366363823414
8
-10.1160757482052
12.357185947895
-2.1691420853138
-4.75053341388702
-4.68046909570694
1.84638053178787
-0.700739777088163
-3.65046505331994
8
-1.37276414632797
-14.3712367594242
-2.37096056342125
8.23494406938553
0.975605720281601
-10.8477561175823
-4.59526943564416
5.55016583800316
8
-0.242657178640367
-1.47189090251922
-2.40172196626663
2.10985719561576
3.26550471186638
-4.19565146565437
-7.57588173151015
-0.813683241605758
8
1.89963319897652
8.37014952301979
-3.89587926268577
-13.7796786129475
3.86120229959488
11.3271388471127
5.79977524876594
-2.70060346722603
8
18.9512461304664
-3.77513269782066
-5.38460038304329
-4.74589218497277
4.7773748934269
5.60802285671234
0.225838822126387
5.65969903469086
6
7
-0.888826429843904
1.34508121609688
-2.67235190868378
5.80540712475776
-10.3192146718502
-1.02210733294487
1.1512267947197
7
-6.01259977817535
-6.16727452874184
-1.67242777943611
2.75396744608879
-3.72941309213638
2.68190614581108
2.39560034871101
7
5.7670924603939
1.12729281783104
-4.05722707509995
0.375328338146211
-2.39663600921631
-9.49290640950203
7.78392887115479
7
0.581084161996845
0.0232092440128371
0.976374822854994
-1.37587405443192
-1.01084446907044
-5.03552687168121
5.42062086462974
7
7.27450361847877
1.54640564918518
-11.4215528309345
6.23863304257392
-9.48660004138947
-1.18937484025955
0.132280796766282
7
-4.89924930334091
-2.82217646837234
2.75382590293884
-4.72006614804267
6.30910139679909
2.91137025952339
-4.00962332487106
2
7
13.0187976956368
3.51429128646851
7.9686812877655
2.00447285175324
-3.88864927887916
-4.56193704605102
-0.994213980436333
7
-8.85410084724427
3.54840930700301
-2.74621801376343
2.24953935742378
6.37643775939942
18.9627086043358
10.0203009963036
|Explorer2Genome 30
3
6
8
6.10853556990624
-4.48694494366646
3.5062853217125
2.06548119783401
-9.33406822085381
-11.1766707897186
-0.839034783840179
-19.1008294343948
8
-9.58568010926246
11.600553882122
-2.61836977005005
-5.18001909255981
-2.63554741740227
2.29247564673423
-0.340904343128202
-2.7532894730568
8
-0.548210251331328
-13.8288808643818
-0.910505121946335
8.25394190549851
1.14883572459221
-10.2282791316509
-4.15509227514268
6.35099448561668
8
1.02648482322693
-1.35026159286498
-1.95026300549507
2.11354714632034
3.46133386492729
-4.03962273597717
-6.88721297979354
-0.723363572359084
8
2.06112471222878
8.61450797319412
-3.30648135542869
-13.7709475576878
2.32001057863235
11.3417365014553
5.61237851381301
-3.05198386311531
8
18.667757165432
-3.35710720419883
-5.35813313126564
-5.47315919399262
3.93169320225716
6.56837785243988
-0.0159291863441485
5.65969903469086
6
7
1.42607008218765
1.29373574256897
-1.85564921498299
4.81653261184692
-12.6963690817356
-0.00485469102859457
1.42912446260452
7
-6.24806749224663
-5.54598898291588
-2.19846640229225
2.84000462889672
-1.95302597284317
0.920070368051525
1.80219066143036
7
4.7653688788414
0.958791887760162
-4.19965957999229
-0.174798810482024
-1.49964022636413
-9.38321886658668
7.24862425327301
7
1.37897605895996
-1.81959198117256
1.67231579422951
-2.46978637576103
0.409746891260144
-5.49541352987289
4.75090127587318
7
7.90304902791976
1.82096362709999
-12.9703557312489
6.69698637127876
-9.56459732055665
-0.670617449283601
2.86203044652939
7
-4.38787900209427
-3.1947293639183
3.19293136000633
-5.03868193030357
5.85624797344208
2.03969184756279
-5.61071149110794
2
7
13.4321732223034
2.61415252685547
7.92540466785431
3.01240272521973
-3.65201877355575
-4.58589476943015
-0.254077214002617
7
-7.33355110287667
4.41106067299842
-2.12661144137382
2.86535373330116
3.15973830223084
16.3271911978722
9.17985470890999
|Explorer2Genome 30
3
6
8
5.69124965071679
-5.79233503341675
1.43095079064369
3.34484195113182
-9.35168859958649
-11.3076729357243
-0.984294211864471
-18.8596962869167
8
-10.0226800143719
11.3706080317497
-3.2871277153492
-3.75297848582268
-3.62271314859391
2.11295596957206
-1.22085863947868
-1.96772114634514
8
-2.12464782595634
-12.224088960886
0.563617712259293
5.55026105642319
2.28966469168663
-10.8118792295456
-4.78655918240548
7.08858610391617
8
1.37940621972084
-1.34223127365112
-1.49792324304581
2.18735045194625
3.33386461734771
-4.68794947266579
-7.9042802453041
-1.65736473798752
8
1.84829857945442
9.36863022446633
-4.23260335326195
-14.4615287423134
3.42742463946342
11.2025994479656
4.28617507219314
-2.74593194127083
8
18.8592374920845
-3.09092521071434
-6.38589754700661
-4.55802025198937
4.62922822833061
5.89095377922058
-0.416001135110857
5.44200292229653
6
7
0.824115985631942
1.16655027270317
-1.98785676360131
4.2908252954483
-10.5526853740215
-0.949726313352584
1.49095166921616
7
-5.18145287036896
-5.00288369655609
-1.4350294649601
2.80581926703453
-3.38999692201614
2.05404933094978
2.5495865046978
7
4.03861590623855
0.958791887760162
-3.84144335985184
0.404664409160616
-1.47166181802749
-8.60032103657722
7.16081917285919
7
2.34688451290131
-1.2583405137062
1.11894156336784
-1.71231295466423
-0.482902264595035
-7.33988210558891
5.9419373512268
7
6.93073204159736
0.652111959457399
-12.0639567673206
6.32225602269172
-9.65652481317521
-0.584961944818498
1.34216706156731
7
-4.40377634763717
-2.82217646837234
3.30676672458648
-5.57611268162727
6.30910139679909
2.64387612938881
-3.67147315740585
2
7
11.9839685559273
2.89205353856087
7.78265693187713
3.16364476680756
-4.1710201382637
-4.75897276401519
-1.45014266371728
7
-9.11301138997079
4.33963371515273
-2.18324396014213
2.51081483960151
5.15395362377167
18.063504755497
10.9839953422546
|Explorer2Genome 30
3
6
8
5.86978046894074
-4.48694494366646
3.29734612107277
2.18397096395492
-9.05502049326897
-11.1995049715042
-0.838440907001495
-18.5639531850815
8
-9.92685659527778
11.598139321804
-2.40038521289826
-5.47522666454315
-3.29235603213311
2.71165563464164
-0.788510882854459
-3.33316961526871
8
-0.997253882884978
-14.7443199455738
-3.17576689124107
8.03815774321557
1.50923163294792
-10.5724021852016
-3.78694270849229
6.24185604453087
8
0.866037780046461
-0.100033688545221
-2.88362873792648
2.44859372973442
3.08659393191337
-5.05203316807747
-7.54313181638717
-1.47415076494217
8
1.95516586899757
8.50782852768898
-3.65243582129478
-14.3765236020088
4.15107783675194
11.6051598072052
5.3647344648838
-2.75612798333168
8
19.2267637848854
-2.38163213133812
-5.95410645604134
-4.90595252513886
4.45486207604409
5.99050135612488
0.456880533695219
6.03248682022095
6
7
-1.0748153090477
0.818603247404097
-1.21154298782349
3.82589447498321
-11.2075684130192
-0.838670843839645
1.75800682902336
7
-5.43335471153259
-5.00288369655609
-1.48266127705574
3.00502541065216
-3.45908247232437
1.95783863663673
2.5495865046978
7
5.42169989943504
0.406964147090911
-5.36774615645409
0.268600273132326
-1.49919011592865
-8.41847581267357
7.45575607419014
7
2.78001449108124
-0.744671595096584
0.714000099897383
-2.46385568976402
-0.15047142505646
-7.33988210558891
5.59180035591125
7
7.28176940083503
1.54640564918518
-11.4215528309345
6.23863304257392
-9.60886771678925
-0.283134090900422
0.647835129499436
7
-3.84537597894668
-3.76243272423744
2.65811567306518
-5.11297545433044
6.53917651176452
2.14402815103531
-4.38840722441673
2
7
12.9993452429771
3.68419377803802
8.63638451695442
2.05385582447052
-4.64079939126968
-4.16417426466941
-0.508711189031608
7
-7.64550274014474
4.49861119389533
-2.42432503700256
3.06080737709999
3.67809200286865
17.3871030509472
9.41387910842895
|Explorer2Genome 30
3
6
8
5.7813494861126
-5.82055827379227
1.80070505142212
3.00497645735741
-9.11881365180016
-10.8935411512852
-0.46392508149147
-19.3051154315472
8
-10.1038454115391
11.0817394137382
-2.4675963640213
-5.15866141319275
-2.53566567301751
2.29247564673423
-0.866922867298124
-2.7532894730568
8
-0.898508608341215
-14.7443199455738
-3.51036137938499
8.03127791285515
0.400178116559983
-10.9355450332165
-3.78694270849229
6.6660183608532
8
0.866037780046461
-0.643796563148492
-2.71588145494461
2.80911394953727
3.08659393191337
-4.58709719777107
-7.54313181638717
-1.51384652853012
8
2.61036607027054
9.84815617799759
-3.41919514536857
-13.8750779032707
2.16715542078018
11.4421147763729
5.57191606760025
-3.06012282967568
8
19.0122133135795
-2.92464742064476
-5.95410645604134
-5.0699806213379
4.31181743741036
5.99050135612488
-0.00930398702621632
6.03248682022095
6
7
1.47084094285965
0.510693484544753
-0.885583263635639
4.38060453534126
-10.0872429668903
-1.22889155745506
1.74328881502152
7
-5.81056435108185
-6.16727452874184
-1.67242777943611
2.40911082625389
-2.79450896978378
2.34076349139213
2.71303313374519
7
4.7653688788414
0.958791887760162
-4.25179664492607
0.442010486125948
-1.69124042987823
-9.38321886658668
7.69815833568573
7
1.43231838345528
-0.495161622762676
1.23960976600647
-2.07062596678734
0.492332339286801
-4.64109424948692
5.1798004090786
7
8.40770094990729
0.718218469619753
-11.6752370178699
6.267004519701
-8.82350955009461
-0.863233977556229
2.23463801145554
7
-4.89924930334091
-2.82217646837234
2.75382590293884
-5.05893543362617
6.30992859005928
2.82735581994057
-3.67147315740585
2
7
12.8016831755638
3.37608113288879
6.9713407754898
2.88748910427094
-3.84125405550003
-4.75839998722076
-1.46015202403069
7
-8.85410084724427
3.48774054646491
-2.74621801376343
2.63896248936653
6.52938223481178
18.2451522469521
10.0998526871204
|Explorer2Genome 30
3
6
8
5.7813494861126
-5.57735565900803
1.80070505142212
2.74846536517143
-9.47746324539185
-10.8935411512852
-0.670048034191131
-19.5258564412594
8
-10.5380016744137
10.4174688220024
-2.77226503491402
-3.5197273671627
-3.62271314859391
2.55621532797813
-2.18579913973808
-1.86991085410119
8
-1.77252458333969
-12.7867405235767
0.715945369005203
6.2628860116005
2.26573602557182
-10.0163790225983
-4.00857344269753
7.54876717925072
8
0.428048068284987
-2.05706300735473
-2.03797680139542
2.07069503068923
2.31289436221122
-3.64501727223396
-7.37589930295943
-1.02605152130127
8
1.96191716790199
7.88262169957161
-3.65243582129478
-14.1969378530979
4.15107783675194
11.2389490127563
5.20579813122749
-3.05738497376442
8
19.5048224568367
-3.97542669177055
-5.44753723740578
-4.78348338007927
5.22059348225594
5.80982410907746
-0.667865264415743
6.1183336019516
6
7
1.51326361894607
-0.192894053459169
-1.77825412750245
3.61015038490295
-11.0317290127277
0.361941486597062
1.60875185728073
7
-5.55199282169342
-4.79622694849968
-3.54673893451691
1.2074915766716
-1.70820096135139
0.595313221216198
3.93629409074783
7
5.1254729449749
0.31339036822319
-5.09297086596489
-0.0188279449939712
-1.53914930820465
-8.06985523104668
7.4698377430439
7
1.43231838345528
-0.495161622762676
1.38880059719086
-2.11603547930717
0.974047207832333
-4.64109424948692
5.1798004090786
7
6.38630526661872
0.303491020202638
-11.5526964724064
6.02545920610427
-8.78358680009842
-0.873791205883027
1.51112212538719
7
-4.66013344526291
-2.62146885991096
2.75382590293884
-5.05893543362617
6.89364393353462
2.00705127716064
-4.2408057808876
2
7
13.0187976956368
3.56589534282684
7.58554446697235
1.85484993457795
-4.11813019514084
-4.75897276401519
-0.994213980436333
7
-9.72913504242898
4.6162077307701
-2.2371181666851
2.20231273770332
5.41299428939819
17.6043613553047
9.91220979690552
|Explorer2Genome 30
3
6
8
8.61032609939576
-5.11958386898041
0.935416376590731
4.65240341424942
-8.41858849525452
-12.6031835198402
-1.49831696748733
-19.9102568507195
8
-10.5376815974712
11.6390942752361
-3.2871277153492
-3.60678407549858
-3.5827441573143
2.84526533484459
-1.22085863947868
-1.54655639529229
8
-1.38650556802749
-14.6051823198795
-2.43087503314018
7.83936136960984
1.67045113444328
-10.7405306994915
-4.27255949378014
5.63071550726891
8
1.05579062104225
-1.34223127365112
-1.49792324304581
2.18575679063796
3.57640785574913
-4.64620686173439
-7.0299879670143
-1.65736473798752
8
1.59130567312241
8.37014952301979
-3.89587926268577
-13.7796786129475
2.96804686784744
11.3271388471127
5.82664003968238
-3.02831419110298
8
18.2913226485252
-3.47493936419487
-5.39668033719063
-5.02265093326569
5.24523661732674
6.1552120923996
-1.57258838415146
5.56652767658234
6
7
-0.753119242191316
0.224701231718062
-1.98533375263215
4.64474926590919
-10.4867886841297
-0.768875473737716
1.26061779260636
7
-5.76614060401916
-4.82871622443199
-2.93072698712349
1.50815311670304
-1.44389538764954
-0.107095307111744
3.41730524301529
7
5.4661795258522
1.14926361441612
-3.28359767198563
-0.950569403171538
-1.40294966697693
-9.49290640950203
7.52537558078766
7
1.51014688014984
-1.50032533407211
2.01454145312309
-1.97446748614311
0.176142168045041
-5.56643697619438
5.48495037555694
7
6.52405436635016
0.335860204696657
-11.3019325494766
6.32225602269172
-9.65652481317521
-0.954237234592439
1.34216706156731
7
-3.84537597894668
-3.76243272423744
2.65811567306518
-5.31814656257629
6.53917651176452
3.09537063837051
-4.38840722441673
2
7
11.4003161013126
3.80422098636627
5.76253851652145
2.78653626441956
-3.88350966572761
-4.84874299168586
-2.59227682948113
7
-5.90638738274575
5.37735584974288
0.67323518395424
4.17567425966262
6.59239521026612
16.8030323147774
10.3337946355343
|Explorer2Genome 30
3
6
8
5.7813494861126
-5.57735565900803
1.80070505142212
2.63760444521904
-8.89078588485718
-10.8935411512852
-0.670048034191131
-19.2991677224636
8
-10.8615305840969
10.5827312171459
-2.76144114136696
-3.5197273671627
-3.53679426908493
2.55621532797813
-1.7252484023571
-1.4198032796383
8
-1.24440406560898
-14.1485572099686
-2.24266222715378
7.74421738982201
1.5563457429409
-10.666406172514
-3.91253346204758
7.08344210982323
8
1.12138452529907
-1.06480705142021
-2.06044850945473
2.34658969640731
3.63004388213157
-3.6210163295269
-7.43041251897811
-1.65015259981155
8
1.89379721283913
8.94109583497048
-3.89587926268577
-13.2302168667316
3.86120229959488
11.3271388471127
5.79977524876594
-2.84426494240761
8
18.9512461304664
-3.35710720419883
-5.35813313126564
-5.47315919399262
3.61352491974831
6.96257674694062
0.661066359281538
5.34247646331788
6
7
-0.441163027286531
0.860233759880065
-2.21602911949158
4.23391654491424
-11.2518302619457
-1.91969305872917
1.94177349805832
7
-5.22310144305229
-6.64675107598305
-2.22580290436745
2.78709637522698
-4.18468661904335
1.78949608206749
3.76193155050278
7
5.7670924603939
0.742336744070052
-3.62267287969589
0.619120520353319
-2.39663600921631
-9.49290640950203
7.65198628902435
7
2.51378464698792
-1.61555496454238
1.28217887282371
-3.10487911105156
0.144844079017636
-5.82037100195885
4.98629074096679
7
8.52641859650611
2.8142597258091
-11.6506290912628
5.83945739865303
-9.44226999282837
-1.33920854330063
1.28867274522781
7
-3.6026360809803
-3.62514124512672
2.25834100246429
-5.50341932773589
6.38200242519378
2.96265057325363
-4.33451120257378
2
7
13.0187976956368
3.14330115318298
7.30021715164184
2.41022906303406
-3.83516345620155
-4.58589476943015
-0.365260571241386
7
-5.30394322872163
5.09700013399124
-0.0817807614803308
3.80712586641311
6.5260838329792
17.037938195467
10.3672963559627
|Explorer2Genome 30
3
6
8
7.2122992515564
-5.84582707881927
0.896210759878161
3.75646306276321
-8.98908004760742
-11.8773858428001
-0.514117062091827
-19.7958449006081
8
-10.0226800143719
11.3706080317497
-3.2871277153492
-3.53228248357773
-3.62271314859391
2.11295596957206
-1.22085863947868
-1.96772114634514
8
-1.00583945512771
-14.3016017496586
-2.48673743605614
7.77685509920121
0.104194635152817
-9.9719015777111
-4.29809755682946
5.882587236166
8
0.800546050071715
-0.870486068725579
-1.90437525510788
2.11354714632034
3.69665164351463
-3.72563017010689
-6.98990183472633
-1.21479433178902
8
2.73540566563606
9.53693175911904
-3.95412534475326
-14.4984184145927
3.07781451940536
11.8409803569317
5.40279313325882
-3.07366204857826
8
18.9512461304664
-3.35710720419883
-5.35813313126564
-5.47315919399262
3.93169320225716
6.82565332055092
-0.0159291863441485
5.65969903469086
6
7
1.46867679357529
0.81918601989746
-1.85564921498299
4.62979291081428
-12.1401276409626
-0.00485469102859457
2.32099815607071
7
-5.18145287036896
-5.00288369655609
-1.48266127705574
2.50402955412865
-3.39571131467819
1.48125944733619
1.95724517703056
7
5.46999884843826
0.659141415357589
-3.70270733237267
0.0707309603691117
-2.58251559734344
-10.0292446434498
8.18920614719391
7
1.43231838345528
-0.495161622762676
0.91014401912689
-2.68421117663383
0.141717249155042
-5.45745723247528
5.4443552672863
7
7.3055143892765
1.10802590847016
-10.9200094997883
5.29001746773719
-10.0146383047104
-1.3844412446022
1.04723166227341
7
-3.8678814291954
-3.53512375354767
1.76277000308037
-5.09810655713081
6.44928501248359
1.99958468675613
-4.25498765707016
2
7
11.4003161013126
4.18478960990906
5.63416205644607
2.78653626441956
-4.58475023508072
-4.84874299168586
-2.59227682948113
7
-5.36082800030709
5.07865734696388
0.418737250566483
4.17567425966262
7.04154591560364
17.1720583021641
9.88298825621604
|Explorer2Genome 30
3
6
8
5.59710425734521
-3.98370316624641
3.29734612107277
2.18397096395492
-9.07950848937035
-11.0500062942505
-0.839034783840179
-19.4705117940903
8
-9.84024706482887
11.62739392519
-2.40038521289826
-5.89951379299164
-3.20153757929802
2.71165563464164
-0.788510882854459
-3.0512495815754
8
-1.12910099625587
-14.3712367594242
-2.08874183893204
8.96363517045975
1.48994554877281
-11.3500647723675
-4.3194272696972
5.74643866419792
8
-0.306032270193102
-1.1224154472351
-1.46618493199348
2.56906734704971
2.85342156291008
-4.66057084202766
-7.37589930295943
-1.58869142532349
8
1.39701684117317
9.27378752827645
-2.85006164908409
-13.9196869730949
2.76426857709885
11.1527880370617
5.57191606760025
-2.14069605469704
8
19.3414974570274
-2.92464742064476
-5.95410645604134
-4.90595252513886
4.31181743741036
6.25338771939278
0.456880533695219
5.46980035305024
6
7
0.00290921926498317
0.320345443487166
-0.777725148200993
4.93980441689491
-11.2188980638981
-0.513115185499191
2.14273604154587
7
-5.49875111579895
-6.2683915913105
-1.78602061867714
1.95095061659813
-3.59676934480667
2.46755351424217
2.24166765809059
7
5.83273128271103
0.57652444243431
-4.32168413996697
0.0707309603691117
-1.86019864082336
-9.49290640950203
7.62232027053833
7
2.16763219833374
-0.331985485553737
0.714000099897383
-2.26423904299736
-0.596542525291446
-7.33988210558891
5.59180035591125
7
7.70718032121657
0.361106085777284
-10.6978931963444
6.7680883705616
-9.52821991443635
-0.743809300661088
1.45714005827904
7
-5.01688505411148
-3.75917843580246
3.19293136000633
-5.60188602805137
5.39573671817779
1.89830831885338
-4.83073347806931
2
7
13.1072307705879
2.00864949226379
8.47486060261726
2.49446206688881
-4.58402103185654
-4.53742632269859
-1.81479870676995
7
-10.4507030546665
4.4338643670082
-2.20610494613647
3.05610643029212
5.41225214004517
17.704317343235
10.2977680444717
|Explorer2Genome 30
3
6
8
6.38355023860932
-4.93533590435982
3.37752049565315
2.49901980161667
-9.62954973578453
-11.1766707897186
-0.839034783840179
-19.0986498355865
8
-9.58568010926246
12.0697068572044
-2.61836977005005
-4.65624103546143
-2.63554741740227
2.29247564673423
-0.340904343128202
-2.7532894730568
8
-0.898508608341215
-14.7443199455738
-3.17576689124107
8.97013933062554
0.925996512174607
-10.5724021852016
-3.78694270849229
6.14777824282646
8
0.140496379137038
-1.85597164630889
-0.972697365283966
2.95642417669296
2.85342156291008
-4.72057135701179
-7.37589930295943
-1.06884434223175
8
1.79228239655495
9.61608160138131
-4.23260335326195
-13.9265064358711
2.89592539668083
11.2025994479656
4.28617507219314
-3.2519851744175
8
19.1200702130794
-3.48101882338524
-6.38589754700661
-4.55802025198937
4.77108411192894
5.89095377922058
-0.269942551851274
5.19565327167511
6
7
-0.48435424566269
0.818603247404097
-1.21154298782349
3.82589447498321
-11.2075684130192
-1.70965334773064
1.75800682902336
7
-6.02530831694603
-5.13962931036949
-2.19846640229225
2.54235268831253
-2.37163869142532
0.920070368051525
2.19705674648285
7
4.41761790513992
0.958791887760162
-3.38502408266068
0.404664409160616
-1.96284145116806
-8.60032103657722
7.16081917285919
7
1.37897605895996
-1.39601910710334
1.67231579422951
-2.46978637576103
0.409746891260144
-5.76161467432976
4.75090127587318
7
7.02692564129828
1.45057652592659
-10.9273624181747
6.7680883705616
-8.98813252449036
-0.923266732692719
1.19383746981621
7
-4.89924930334091
-2.82217646837234
3.12650890350342
-5.77053757309913
6.30910139679909
2.60876687169075
-3.67147315740585
2
7
13.1072307705879
2.57608144879341
8.47486060261726
2.60288704037667
-4.31847704648971
-4.53742632269859
-1.81479870676995
7
-8.95349428653718
3.99170714616775
-2.28482593894005
2.93818686604499
5.15395362377167
18.063504755497
10.9839953422546
|Explorer2Genome 30
3
6
8
6.10853556990624
-4.48694494366646
2.76840406060219
2.4850143790245
-9.07950848937035
-11.5122288703919
-0.839034783840179
-19.1008294343948
8
-10.1160757482052
12.357185947895
-2.1691420853138
-4.75053341388702
-4.68046909570694
1.84638053178787
-1.17372852563858
-3.65046505331994
8
-0.548210251331328
-13.8288808643818
-0.910505121946335
8.25394190549851
1.05853804945946
-10.2282791316509
-3.94939910173417
6.18949410319328
8
-0.242657178640367
-1.47189090251922
-2.40172196626663
2.10985719561576
3.26550471186638
-4.19565146565437
-7.57588173151015
-0.813683241605758
8
2.43006249070168
8.61450797319412
-3.30648135542869
-14.2074698507786
2.05558360815048
11.3417365014553
5.61237851381301
-2.93850074410439
8
18.8329238057136
-2.92464742064476
-6.11290817856789
-4.47634546756745
4.49994727373123
5.99050135612488
1.05067468881607
6.28422678112984
6
7
-0.334474408626557
0.320345443487166
-1.15866463184357
4.73785154819488
-11.8126118242741
-0.604631960391998
2.67041267156601
7
-6.02530831694603
-5.13962931036949
-2.19846640229225
2.54235268831253
-2.818969643116
0.92493303418159
2.19705674648285
7
5.21331452131271
0.958791887760162
-4.25179664492607
0.0717371821403519
-1.37448914051056
-9.38321886658668
7.24862425327301
7
0.581084161996845
0.0232092440128371
0.976374822854994
-1.37587405443192
-1.40920329093933
-5.03552687168121
4.89210566878319
7
7.52467282414435
1.83779289722443
-12.1028867065907
6.27768979668617
-9.83620333075524
-0.617129981517793
0.47845128774643
7
-4.34397839307785
-2.62146885991096
2.75382590293884
-5.05893543362617
6.89364393353462
2.47535109519958
-4.2408057808876
2
7
12.9993452429771
3.36950557231903
8.36009011268616
1.20090441703797
-4.64079939126968
-4.27371723651885
-1.48375954031945
7
-7.33355110287667
4.60732897520065
-1.79161383509636
3.03745420575141
3.15973830223084
16.3271911978722
9.17985470890999
|Explorer2Genome 30
3
6
8
7.39918406009675
-4.56433985233307
1.24003526568413
3.01970022916794
-9.48027219772339
-12.0512311816216
-0.036832416057586
-19.74868029356
8
-10.2128618121147
11.8602181077003
-2.71783407330513
-4.64442104101181
-5.62570608854294
1.37804845571518
-0.802805554866789
-3.76446843147278
8
-1.38650556802749
-13.6045293867588
-2.7974428832531
8.17577818632126
0.712092989683151
-10.5135065972805
-3.7640665948391
6.51908981204033
8
0.432889223098753
-1.90245826244354
-2.23674529790878
2.6644545674324
3.7285501897335
-4.20059846043587
-7.03667460680007
-1.76927229166031
8
2.40095952153206
9.84815617799759
-3.41919514536857
-13.9196869730949
2.55455909967422
11.3122266232967
5.57191606760025
-2.63755546212197
8
19.5129700601101
-3.546414655447
-5.11663454174995
-4.89069086313248
4.72837515473366
6.65634289979935
-0.32641506791115
5.97177147865296
6
7
0.89942499399185
0.510693484544753
-0.837761408090595
4.620595651865
-9.96414917111397
-0.73859891295433
1.74328881502152
7
-6.95433824062347
-4.69844510555267
-3.45545569062233
2.24512058496476
-3.01546326875687
2.15322724580764
2.32334212064743
7
6.62103084921837
0.0161976218223567
-5.09297086596489
-0.143129020929335
-1.85135200023651
-8.74070823192596
7.96002181172371
7
1.48824144005776
-0.992094630002971
0.73697838783264
-2.07062596678734
-0.426318669319156
-4.52914168834686
5.1798004090786
7
7.73528729677199
0.825910449028017
-11.5039275467396
6.10965748429298
-9.16062168478966
-1.2640806555748
1.49395232200623
7
-4.38748668432236
-4.21653886437416
2.54629654288292
-5.09810655713081
6.38200242519378
2.14278267621994
-4.44379240870476
2
7
13.3998605251312
3.0035852432251
7.59209620952606
2.45971467494965
-4.01753399968147
-4.75897276401519
-1.49041635394097
7
-9.17685740590097
3.95772278904914
-2.26307599544525
1.83838832974433
4.67825920581818
18.585498392582
9.28071091771126
|Explorer2Genome 30
3
6
8
5.80417701601983
-5.17432975769043
1.36559438705445
1.61103488206863
-9.37303864359856
-12.2556887686253
-1.53758593797684
-19.7184499025345
8
-10.1531748831272
11.4852248311043
-2.29084451198578
-4.74391028881073
-2.44244424700737
2.8206436574459
-1.26473952531814
-3.59242791533471
8
-0.548210251331328
-14.3913446724415
-1.4678605735302
8.08876115679741
1.05853804945946
-10.2282791316509
-3.40883985757829
5.57796911597252
8
1.03471947312355
-1.5925624847412
-2.32780772447586
2.97875170707702
3.19895710349083
-5.09575045704842
-7.95580090284347
-0.876778042316436
8
2.0097592651844
9.55276364088059
-2.85353814959526
-14.1215330719948
2.41841465830803
10.1020453870296
5.61237851381301
-3.50632539391518
8
19.3537045836448
-2.83504914045334
-5.39668033719063
-4.42439272403718
4.51224647164345
5.65482676029206
-0.740487825870516
5.54539201259614
6
7
0.156903851032256
0.185463517904281
-1.60152101516724
4.35697035789489
-10.6542301237583
-0.513115185499191
1.49095166921616
7
-5.63634121417999
-5.45284215807915
-2.19846640229225
2.11519824266434
-2.54952443838119
1.50415421128273
2.56371486186981
7
6.06599538326263
0.725061243772506
-4.05722707509995
0.436684334278108
-2.00628561973572
-9.01851204037666
8.19186146259308
7
1.64776006340981
-1.10094657540321
2.2233704149723
-2.57258629202843
0.409746891260144
-5.76161467432976
5.24782848954201
7
7.52467282414435
1.86872012615204
-12.1028867065907
6.82636590600013
-10.0796419084072
-0.35088878273964
0.338430607318879
7
-5.41211799383163
-4.2663611292839
3.16076387763023
-4.27666554450988
5.15042560100555
1.75445395708084
-4.64837259054184
2
7
12.9993452429771
3.36950557231903
8.95228867530822
1.20090441703797
-4.64079939126968
-4.86377446651458
-1.42588798403741
7
-10.4663163721562
4.31953744292259
-1.88556365966797
3.39234057068824
5.90298223495484
17.7824794888497
9.85843594074249
|Explorer2Genome 30
3
6
8
5.808558011055
-4.46179140210152
3.29734612107277
2.73211899995804
-8.66330639719963
-11.2797664642334
-0.920576655864715
-19.1196527481079
8
-9.93389245867729
11.5175111889839
-1.76665967106819
-4.37234709262848
-5.02473741769791
1.64011077284813
-1.27924183607101
-4.00382606387139
8
-0.420796740055083
-14.6231499731541
-2.5551887691021
7.77685509920121
0.104194635152817
-9.9719015777111
-4.29809755682946
6.34340125918389
8
0.302141958475111
-1.63541538715362
-1.50864852070808
3.12077234983444
2.48915247321129
-5.83719871640205
-7.25100828409194
-1.39747043251991
8
2.44589875340462
8.11596623063088
-3.22804977297783
-14.9390665888786
4.14640964865684
11.4951718747616
4.90823100209236
-3.06258888840676
8
19.3460756659508
-3.48991760611534
-4.77527466416359
-5.29182435870171
4.25632038712502
5.74960350990296
0.378784388303755
5.7729702949524
6
7
-1.11529256105423
0.818603247404097
-1.6022388458252
3.82589447498321
-10.4241415083408
-0.773928254842758
2.189720672369
7
-4.65874154567718
-5.62111377716064
-3.81240535378456
1.7536163687706
-1.43705974221229
0.65911780595779
2.58436418771744
7
5.38944544196129
1.21247053146362
-4.03594097495079
-0.443557083606718
-1.58448150157928
-8.9204485476017
7.21768436431885
7
2.1252163887024
-0.831499063968654
2.00365288257599
-1.962074893713
0.872700458765027
-6.6510031402111
4.86451258659363
7
6.93073204159736
-0.257258319854735
-11.0440355956554
6.38015161156654
-9.65652481317521
-0.873791205883027
1.34216706156731
7
-4.88380228281021
-2.61117082238197
1.77522695064544
-4.82297129631042
5.89741702079773
1.8669194817543
-4.77374476194382
2
7
10.9720731794834
3.36704115867615
5.63416205644607
2.78653626441956
-3.51746808290481
-4.9068963587284
-2.59227682948113
7
-4.65938320755959
5.34702872037887
0.211637955904008
5.15918666124343
7.17792751789093
17.1720583021641
9.79003767967224
|Explorer2Genome 30
3
6
8
5.7813494861126
-5.45735005140305
2.05309217572212
3.24861042499542
-9.67708804607392
-10.7773739635944
-0.670048034191131
-19.3051154315472
8
-10.0994556725025
11.4852248311043
-2.31793375015259
-4.65624103546143
-1.8717677295208
2.64764689803123
-1.4271872639656
-3.62571663260461
8
-1.37276414632797
-14.3712367594242
-2.37096056342125
8.16520427465439
0.649923586845398
-10.8477561175823
-4.74244875311852
5.54820360541344
8
0.283806806802748
-1.25508653521537
-2.03797680139542
2.31161297559738
2.85342156291008
-3.82877548336983
-7.37589930295943
-1.02605152130127
8
1.24368425011635
9.3727966427803
-2.88945772051811
-14.2339857935906
2.81928547620773
11.3246736466885
5.57191606760025
-2.14069605469704
8
18.6273755431175
-3.48339404463768
-5.79553869366646
-4.75200781822205
4.11253696084023
6.1552120923996
0.691607010364531
5.01330947875977
6
7
-0.329837405681611
0.185463517904281
-1.60152101516724
4.35697035789489
-11.0124846994877
-0.682379955053329
1.49095166921616
7
-5.64745895266533
-6.16727452874184
-1.87824741005898
2.40911082625389
-2.76909099817276
2.34076349139213
3.24382656216621
7
6.02733924388885
0.587501329183578
-3.7641873896122
0.375328338146211
-2.63567769527435
-9.38277798295021
7.65198628902435
7
1.43231838345528
-0.495161622762676
1.23960976600647
-2.07062596678734
0.492332339286801
-4.64109424948692
5.1798004090786
7
7.46312678456305
1.17268781661987
-10.6978931963444
6.17361615300178
-9.42751755714417
-2.04912511110306
1.13988808989525
7
-4.82108451128006
-2.82217646837234
2.75382590293884
-5.05893543362617
6.30910139679909
2.82735581994057
-3.31359230279923
2
7
13.0187976956368
3.51749827861786
7.38314268589019
2.88748910427094
-3.84125405550003
-4.75839998722076
-1.46015202403069
7
-8.85410084724427
3.48774054646491
-3.12811908721924
2.42622304558753
6.37643775939942
17.7389277100563
10.0998526871204
|Explorer2Genome 30
3
6
8
5.77227180004121
-5.57738271355629
1.8788950920105
2.35150839090347
-9.17394620776177
-12.2056403398514
-1.41851509809494
-19.0504108428955
8
-9.93389245867729
11.5175111889839
-1.76665967106819
-4.21433309912682
-5.20429643392563
2.03558024764061
-1.27924183607101
-4.00382606387139
8
-1.00583945512771
-14.3016017496586
-2.5551887691021
7.77685509920121
0.104194635152817
-9.9719015777111
-4.29809755682946
5.882587236166
8
1.28795349597931
-0.870486068725579
-1.90437525510788
2.69207102060318
3.69665164351463
-4.19565146565437
-7.20178145170211
-1.21479433178902
8
2.7982157766819
9.53693175911904
-4.04726938009262
-14.4984184145927
3.07781451940536
11.8409803569317
5.40279313325882
-3.07366204857826
8
18.3993612408638
-3.6202444255352
-5.35813313126564
-5.47315919399262
3.93169320225716
6.15188486576081
-0.0159291863441485
6.10130064487458
6
7
1.46867679357529
0.81918601989746
-1.32169335484505
4.44326081275939
-12.1401276409626
-0.00485469102859457
2.32099815607071
7
-4.9693014383316
-5.68588397502899
-3.81240535378456
1.71911836862564
-1.45843208432197
0.884379714727398
2.58436418771744
7
5.97932687997818
0.659141415357589
-3.10509228110314
0.0707309603691117
-2.58251559734344
-10.0292446434498
7.07556340694428
7
1.43231838345528
-0.636937397718425
0.91014401912689
-2.74611477255821
0.141717249155042
-5.45745723247528
5.4443552672863
7
6.9044908106327
1.10802590847016
-10.9200094997883
4.69708948731422
-9.50850846767426
-1.3844412446022
1.04723166227341
7
-4.62257788777351
-2.79556203484535
1.60806138515472
-5.20771086215972
5.89741702079773
1.8669194817543
-4.24264277219772
2
7
11.4003161013126
3.8387601852417
5.06568194627762
2.78653626441956
-4.05583263635635
-4.84874299168586
-2.59227682948113
7
-6.19752572178841
4.5761894583702
0.301205784082413
4.17567425966262
7.14413781762123
16.8797034561634
10.3337946355343
|Explorer2Genome 30
3
6
8
6.21255548000336
-4.77211382985115
3.29734612107277
2.73211899995804
-9.04378539919854
-11.1995049715042
-0.839034783840179
-19.1196527481079
8
-10.0226800143719
11.4074924111366
-3.2871277153492
-3.05362109541893
-3.57275489568711
2.11295596957206
-1.22085863947868
-2.45514132380486
8
-1.6492375254631
-14.4503042042255
-2.45841810107231
7.22764548063279
0.975605720281601
-11.4619613111019
-3.80417234301568
7.59991388320923
8
0.302141958475111
-1.47156782150268
-1.50864852070808
2.70595742464065
2.82357615828514
-5.41278935074806
-7.25100828409194
-1.7814163506031
8
2.08668523430824
9.25280128121376
-2.12484804987907
-14.6019108593464
3.32392035722732
11.9118072330952
4.5283838391304
-3.60086382031441
8
18.9512461304664
-3.12246500253677
-4.96211019158363
-5.35863180160523
4.31181743741036
5.72662076950074
-0.314395248889925
6.23333585262299
6
7
-1.11529256105423
0.818603247404097
-0.477293938398365
3.82589447498321
-10.9982636272907
-0.941569107770919
1.68748440146446
7
-5.73650619983673
-5.00288369655609
-1.48266127705574
2.80581926703453
-3.10095463991165
1.48125944733619
2.84908895492553
7
4.43226948976517
0.383175671100616
-3.84140087366104
1.46834188699722
-2.09541015028953
-8.40716590285301
6.7116087436676
7
2.1252163887024
-1.18491922616958
2.2554733812809
-2.89732484221458
0.767473322153089
-6.6510031402111
4.90064272880554
7
6.3414035141468
0.335860204696657
-11.7025396347046
6.32225602269172
-9.38887584805489
-0.873791205883027
1.47707723975182
7
-4.15100527405739
-3.91869101524353
2.52119405269623
-5.45918262004852
6.79372628331184
2.49792209863663
-3.93302172422409
2
7
13.9505632042885
3.36950557231903
7.82773184776306
1.69603090286255
-4.30213223695755
-4.69461340904235
-0.5356183230877
7
-5.50369797348977
5.34702872037887
0.39750002026558
5.15918666124343
7.04154591560364
16.9578972160816
10.0403068780899
|Explorer2Genome 30
3
6
8
6.21255548000336
-4.77211382985115
3.29734612107277
2.73211899995804
-9.04378539919854
-11.1995049715042
-0.839034783840179
-19.1196527481079
8
-10.0226800143719
11.4074924111366
-3.2871277153492
-3.05362109541893
-3.57275489568711
2.11295596957206
-1.22085863947868
-2.45514132380486
8
-1.6492375254631
-14.4503042042255
-2.45841810107231
7.22764548063279
0.975605720281601
-11.4619613111019
-3.80417234301568
7.59991388320923
8
0.302141958475111
-1.47156782150268
-1.50864852070808
2.70595742464065
2.82357615828514
-5.41278935074806
-7.25100828409194
-1.7814163506031
8
2.08668523430824
9.25280128121376
-2.12484804987907
-14.6019108593464
3.32392035722732
11.9118072330952
4.5283838391304
-3.60086382031441
8
18.9512461304664
-3.12246500253677
-4.96211019158363
-5.35863180160523
4.31181743741036
5.72662076950074
-0.314395248889925
6.23333585262299
6
7
-1.11529256105423
0.818603247404097
-0.477293938398365
3.82589447498321
-10.9982636272907
-0.941569107770919
1.68748440146446
7
-5.73650619983673
-5.00288369655609
-1.48266127705574
2.80581926703453
-3.10095463991165
1.48125944733619
2.84908895492553
7
4.43226948976517
0.383175671100616
-3.84140087366104
1.46834188699722
-2.09541015028953
-8.40716590285301
6.7116087436676
7
2.1252163887024
-1.18491922616958
2.2554733812809
-2.89732484221458
0.767473322153089
-6.6510031402111
4.90064272880554
7
6.3414035141468
0.335860204696657
-11.7025396347046
6.32225602269172
-9.38887584805489
-0.873791205883027
1.47707723975182
7
-4.15100527405739
-3.91869101524353
2.52119405269623
-5.45918262004852
6.79372628331184
2.49792209863663
-3.93302172422409
2
7
13.9505632042885
3.36950557231903
7.82773184776306
1.69603090286255
-4.30213223695755
-4.69461340904235
-0.5356183230877
7
-5.50369797348977
5.34702872037887
0.39750002026558
5.15918666124343
7.04154591560364
16.9578972160816
10.0403068780899
|Explorer2Genome 30
3
6
8
5.7813494861126
-5.54427615404129
1.25761587619782
2.88553792238235
-9.28222224712372
-10.9229516088963
-1.47013746500015
-19.2564721763134
8
-9.14728552699089
11.0054664552212
-2.09786019921303
-3.75899469852448
-4.21990911364556
2.72120665907859
0.114839714765551
-3.44058791995049
8
-1.18197498917579
-14.3712367594242
-2.37096056342125
8.23494406938553
0.446872228384018
-10.8477561175823
-4.73595744967461
5.74643866419792
8
0.428048068284987
-1.54164614677429
-1.93920377492905
2.56906734704971
2.85342156291008
-4.21986108422279
-7.37480489015578
-1.02605152130127
8
2.83721323609352
9.04887500405312
-4.30698451399803
-14.6904833912849
3.07781451940536
11.4698005378246
5.39774922132492
-3.07366204857826
8
18.9512461304664
-3.35710720419883
-5.38460038304329
-5.32010478377343
4.7773748934269
5.60802285671234
0.225838822126387
5.65969903469086
6
7
-0.888826429843904
1.34508121609688
-2.42549605369568
5.80540712475776
-10.354528349638
-1.02210733294487
1.1512267947197
7
-5.55199282169342
-4.82871622443199
-3.78100362420082
1.74412935972214
-1.70820096135139
0.449858599901195
3.93629409074783
7
4.8656924366951
0.383175671100616
-3.56442250609398
0.197444093227388
-2.91792950034141
-8.86178708076477
7.23137848973274
7
1.43231838345528
-0.495161622762676
1.23960976600647
-2.11603547930717
0.974047207832333
-4.64109424948692
5.1798004090786
7
6.93073204159736
0.303491020202638
-11.5526964724064
6.02545920610427
-9.09805098772049
-0.561817967891694
1.51112212538719
7
-4.89924930334091
-2.82217646837234
2.75382590293884
-5.05893543362617
5.72312498688698
2.82735581994057
-3.67147315740585
2
7
13.0187976956368
3.15631415843964
7.58554446697235
2.49374961853028
-4.11813019514084
-4.75897276401519
-0.994213980436333
7
-8.85410084724427
3.25514073967933
-2.74621801376343
2.63896248936653
6.37643775939942
18.377515399456
10.2527827858925
|Explorer2Genome 30
3
6
8
6.3568893134594
-5.98321458101273
1.77696442604065
3.42738977670669
-8.84019849300385
-10.9229516088963
-1.47013746500015
-18.9306417167187
8
-9.86211765408516
12.3343613505363
-3.22518799901009
-4.43563429713249
-3.96071295142174
3.27919446825981
-0.339046251773832
-3.26521009206772
8
-1.6492375254631
-14.3252897322178
-2.08102880716324
7.7683366894722
0.975605720281601
-11.4407364547253
-3.92873749136926
7.04442946910858
8
0.669604164361952
-1.84849650859832
-2.49511941671372
2.73293349146842
4.03008224964142
-5.42735946774483
-8.05656841993331
-0.887940323352813
8
2.08668523430824
8.69635327458382
-2.53350741267204
-13.3573344051838
3.36417387723923
12.2360539197922
5.61237851381301
-3.60086382031441
8
18.8329238057136
-2.92464742064476
-5.72481050491333
-4.90595252513886
4.49994727373123
5.99050135612488
1.51645151376724
6.03248682022095
6
7
0.120407855510711
0.320345443487166
-1.15866463184357
4.73785154819488
-11.8126118242741
-0.309032571315765
2.67041267156601
7
-5.18145287036896
-4.7071306169033
-1.69577830433846
2.68813623785973
-2.45834721326828
0.979299336671825
1.99900452494621
7
5.84333416223526
1.10260140299797
-3.70270733237267
0.0707309603691117
-2.58251559734344
-9.49290640950203
7.65198628902435
7
0.867757159471515
-0.495161622762676
0.91014401912689
-2.68421117663383
0.141717249155042
-5.45745723247528
5.4443552672863
7
7.3224134504795
1.83779289722443
-12.1028867065907
6.27768979668617
-9.93990318179131
-0.617129981517793
0.47845128774643
7
-4.86572140455246
-2.96647058725357
2.22625893950462
-4.95386037826538
6.28849639892578
2.17717739343643
-4.74240475893021
2
7
12.9993452429771
3.36950557231903
8.36009011268616
0.60677609443665
-4.64079939126968
-4.18507380485534
-1.58392981886864
7
-9.72037523388864
5.04887179136276
-2.68610827922821
2.63989024758338
5.20887997150421
18.7545458495617
10.2219264030457
|Explorer2Genome 30
3
6
8
8.26618652343751
-5.11958386898041
0.935416376590731
3.09961882829666
-8.56013674736023
-12.4569780230522
-0.845205652713775
-19.4483488440514
8
-9.63176916837692
12.2746833086014
-2.40299074649811
-4.45493652820587
-4.03772541284562
2.61106841564178
-1.58828281164169
-3.48886154890061
8
-0.775479024648666
-12.1466448605061
1.6414339363575
5.44213863611222
2.45805062651634
-10.3271397769451
-5.22331929802895
7.6248917222023
8
0.730059528350828
-1.34565556049346
-2.02002695798874
2.57425860166549
3.07324232459068
-4.44027736783028
-7.26213052868842
-2.17200561761856
8
2.24925227761269
8.11596623063088
-3.65243582129478
-15.002824985981
4.14640964865684
11.2797834098339
5.29998207688331
-2.48397067189217
8
18.6349385857582
-3.48991760611534
-5.38460038304329
-4.34210013747216
4.48161156773567
5.33590431213379
0.308978503942488
4.37889943718911
6
7
-0.856603944301606
0.818603247404097
-1.1422724723816
3.93172314167022
-10.4348953962326
-0.513115185499191
1.22009040117264
7
-8.48068869113922
-4.67277225255966
-2.26841685771942
2.0084153354168
-2.67357823252678
2.28121875524521
4.16854131221771
7
5.08328859210014
0.406964147090911
-5.36774615645409
-0.0188279449939712
-1.85135200023651
-9.18767134547234
7.45575607419014
7
1.87268455028534
-2.26116832494735
1.57483612895012
-1.98393550515175
0.123498415946958
-5.51855518221855
5.48340992927551
7
7.64379264116286
2.0462263405323
-11.9752420246601
7.80089076161384
-8.45279271602631
-1.01178613901138
1.28127413988113
7
-3.8678814291954
-3.76243272423744
1.93904077410698
-5.28949804902076
6.38200242519378
1.57873421907425
-4.27196589708328
2
7
13.2882268607616
3.63048606514931
8.63638451695442
1.40836327075959
-5.4137078166008
-4.96533965468406
-0.475353449583061
7
-9.94734383225442
4.4338643670082
-1.94679169654846
2.69591622948646
5.90298223495484
17.704317343235
10.8106536149979
|Explorer2Genome 30
3
6
8
8.07250512242318
-4.76542356014252
1.26472473144531
3.85872052907944
-8.61539940834045
-11.8773858428001
-0.514117062091827
-19.5366363823414
8
-9.96520367264747
11.600553882122
-2.61836977005005
-4.65624103546143
-2.63554741740227
2.29247564673423
-0.340904343128202
-2.7532894730568
8
-1.77252458333969
-12.4543490231037
0.715945369005203
6.55311002135277
2.0693541944027
-10.0163790225983
-4.36631918549538
7.54876717925072
8
0.669604164361952
-1.84849650859832
-2.49511941671372
2.73293349146842
4.03008224964142
-5.09575045704842
-8.05656841993331
-0.887940323352813
8
1.96191716790199
8.11596623063088
-3.65243582129478
-14.4261916935444
3.61588086485863
11.2389490127563
5.3647344648838
-3.08196159005165
8
18.9588581681251
-4.2255333840847
-5.44753723740578
-5.03129887580872
5.22059348225594
5.80982410907746
-0.667865264415743
6.1183336019516
6
7
1.33616379499435
-0.192894053459169
-1.77825412750245
3.61015038490295
-10.5514589607716
0.0194068014621739
1.60875185728073
7
-6.01259977817535
-6.16727452874184
-1.67242777943611
2.75396744608879
-3.72941309213638
2.68190614581108
2.39560034871101
7
5.1254729449749
0.31339036822319
-5.09297086596489
-0.216767030954359
-1.10712668895721
-8.10007943511009
7.87961447834969
7
1.37897605895996
-1.79087188839912
1.66486862301826
-2.46978637576103
0.409746891260144
-5.76161467432976
5.32470403313637
7
7.27450361847877
1.54640564918518
-11.4215528309345
5.96791468262672
-9.48660004138947
-0.596406948566438
0.132280796766282
7
-4.93951569795608
-3.1947293639183
3.19293136000633
-5.03868193030357
5.85624797344208
1.89830831885338
-5.72119511365891
2
7
13.0187976956368
3.51429128646851
7.82131278514862
2.06375460624695
-4.18680719137192
-4.72243063449859
-0.994213980436333
7
-9.72913504242898
4.20800784826278
-2.29771899580955
2.27790475487708
5.41299428939819
17.6043613553047
9.91220979690552
|Explorer2Genome 30
3
6
8
8.15431473255158
-5.11958386898041
1.41781774759293
3.89953702688217
-9.35772314071655
-12.8596771597862
-1.34712892770767
-19.3966355860233
8
-9.58568010926246
11.600553882122
-2.4675963640213
-5.15866141319275
-2.53566567301751
2.29247564673423
-0.562639915943144
-2.7532894730568
8
-1.37276414632797
-14.2162571668625
-2.37096056342125
8.23494406938553
0.975605720281601
-10.8720877587795
-4.27255949378014
6.27687460780144
8
0.555930644273756
-1.36028997898101
-2.33640896081924
2.80911394953727
2.6249241054058
-4.58709719777107
-7.54313181638717
-1.47415076494217
8
2.35932205319405
8.53633053898812
-4.28186517953873
-14.1171037077904
2.0166949391365
11.7380610466003
5.25793930888176
-2.23619680404663
8
19.5394219517708
-2.92464742064476
-5.57557209134102
-4.90595252513886
4.31181743741036
5.78306530117989
0.456695497035978
5.96932480335236
6
7
0.765773737430571
1.02111530303955
-1.85564921498299
4.59358010292053
-10.6029706954956
-0.210552066564559
1.51474613547325
7
-5.94840965270996
-5.86850550174713
-2.24449198246002
2.09064229726792
-2.05665724873543
1.43053892850875
2.85119733214378
7
4.56458364725113
0.206978571414947
-4.03207165598869
1.04236831068993
-1.21554567217827
-8.39208216071129
6.75029692649841
7
2.10779819488526
-0.0792374253272966
1.28217887282371
-2.22852475047112
-0.00217695236206347
-5.82856954932213
6.53417096138
7
7.70718032121657
0.915176796913149
-10.6978931963444
6.7680883705616
-9.52821991443635
-0.601709711551667
1.027833122015
7
-4.89924930334091
-2.82217646837234
3.25647201538086
-5.05893543362617
6.30910139679909
2.82735581994057
-3.67147315740585
2
7
12.8016831755638
3.37608113288879
6.9713407754898
2.88748910427094
-3.84125405550003
-4.75839998722076
-0.931825226545341
7
-8.85410084724427
3.48774054646491
-2.74621801376343
2.63896248936653
6.30838210582733
18.2451522469521
10.0998526871204
|Explorer2Genome 30
3
6
8
8.26618652343751
-5.11958386898041
1.42710791826248
4.06226822137833
-8.78974528312683
-12.0084351420403
-2.11480439901352
-19.9102568507195
8
-9.08377169370651
12.2746833086014
-2.40299074649811
-4.45493652820587
-3.7757038474083
2.61106841564178
-1.22700098752975
-3.48886154890061
8
-1.73305961489677
-11.9823947489262
0.793246346712113
6.20035957098008
2.25125753283501
-10.0163790225983
-5.4436237871647
6.95704764127731
8
0.432889223098753
-1.90245826244354
-2.11996577978134
2.6644545674324
3.7285501897335
-5.38622840046883
-7.03667460680007
-1.4671262383461
8
1.64021351933479
8.47050326466561
-4.26284679770469
-13.8114361286163
3.19175690412521
11.8013272762299
5.64463783502578
-3.00129390358925
8
18.7664552152157
-4.52646557688713
-5.53253772854805
-4.89069086313248
3.91959808468819
6.65634289979935
-0.32641506791115
5.96716251373292
6
7
-1.14144831895828
0.935257667303084
-1.20380456447602
3.82589447498321
-11.2075684130192
-0.838670843839645
2.16591145396233
7
-5.63634121417999
-4.37644442915916
-2.1393472969532
1.89514673948288
-2.37163869142532
0.920070368051525
2.83036456108093
7
4.41761790513992
0.958791887760162
-3.38502408266068
0.404664409160616
-1.73891610503196
-8.60032103657722
7.12099680900574
7
1.43231838345528
-0.495161622762676
1.0394526720047
-2.07062596678734
-0.0151687860488922
-4.93708021640778
5.74973878264427
7
7.51897874474524
1.74591436386109
-11.7753479480743
5.59932108521461
-9.17565657496453
-0.919950091838837
0.771208393573762
7
-3.90270880460739
-2.34552151560783
3.44521471858024
-6.1394068300724
5.85397853851318
2.46862806677818
-4.87824087142944
2
7
13.2068048655987
2.94869859218597
7.59209620952606
2.45971467494965
-3.92166369557381
-4.75897276401519
-1.49041635394097
7
-6.92954615950585
4.65115941762923
-2.86204166412353
2.84233594536781
4.25133957862854
17.8674190223217
8.79037194252014
