50
2448
|Explorer2Genome 30
3
6
8
-6.7920483469963
-2.14848409295082
-8.65783529281616
5.06981447339059
-9.70438697338104
-5.72090063691139
2.49420625567436
-2.37296457886696
8
8.76413981318474
5.43554583191871
-8.81171182394028
-1.18267949819565
1.49352316856384
-3.93502669334412
-3.10952911973
0.516527026891707
8
11.8508440315724
8.78318836688996
-1.55799742341042
-0.777650618553161
-0.471340394020081
0.989156395196917
1.66860685944557
-8.32341719865798
8
14.4528853476047
1.84104087948799
2.6517928481102
-8.03191934227943
0.857005512714386
-1.05665249824524
-2.97560349106789
-5.12491613626479
8
-5.0816551566124
6.73075422644615
3.99548462629318
12.6434378087521
-0.369581615924837
-9.49281775951386
-4.8381199836731
0.0171671569347389
8
4.43827137947082
3.40199083685875
7.04832516908646
9.98589034676552
2.90742202997208
2.47004595994949
1.87120372653008
-0.908961051702498
6
7
8.14048807024956
4.97079595327377
4.98386812806129
-4.5288327395916
10.7865274965763
7.54689016938211
-9.48785851597786
7
1.51046518087387
3.63848019838333
-4.9986934363842
5.76329322457314
5.11246002316475
1.93882257938385
4.86326151490212
7
2.14585582017898
-2.86431198716164
-2.06311429738998
-1.20481232404709
1.78036432266236
1.81396089196205
12.5656345367432
7
-0.295027345418931
-0.906172657012939
12.0366419732571
-1.28544611334801
-7.03923602104187
-5.87535102963448
4.92693334817887
7
-5.42716340422631
-15.1454000592232
-1.25674317479134
4.66704034805298
4.4626816034317
-19.378161406517
-2.7186441719532
7
5.74983413815498
1.48188803792
8.27913835644723
-3.95586405992508
-7.59896919727325
-0.221692943573006
4.21840898394585
2
7
7.35831642746925
-6.55529513359069
-1.47214342355729
-14.787069106102
3.0308839559555
-5.12333740592003
6.27166666984558
7
5.60175978541375
-1.98264534473419
2.72613608241081
-1.47013469934463
0.473346084356309
-2.32566691637039
8.7333940923214
|Explorer2Genome 30
3
6
8
-6.98965403437614
-2.17662196755409
-9.2006844997406
4.13116334080697
-9.8155861377716
-5.23357372879982
1.97267553210258
-2.41101139187813
8
8.89277083277703
5.78535659909248
-8.3039999127388
-1.13019567728043
1.8174024105072
-3.93502669334412
-2.93443866372109
0.516527026891707
8
11.6100905418396
8.78318836688996
-1.55423410534859
-0.741954922676086
-0.733862835168839
1.62036650776863
2.00188491940498
-8.05766655802726
8
13.2009867668152
-0.431095498800278
1.08281925320625
-7.77910655140877
0.146718138456344
-1.54940304756164
-2.7920623421669
-4.46880859732627
8
-5.57493442296982
6.97670692801476
3.22421680092812
12.9986607193947
-1.05859590768814
-10.0082994937897
-5.08325564861298
0.173538440465928
8
5.49273393154144
4.3943523645401
7.57024095058441
10.3054771780968
5.22992914915085
2.42068712711334
0.199119848012924
-2.47457278370857
6
7
7.19964011907577
4.87304939031601
5.13488193154335
-5.16912316679955
11.3439502537251
7.67371359467508
-9.28436326980591
7
4.04960028529167
3.16317634582519
-6.42639472484589
7.53443074226379
5.16600710749626
2.55247493386269
4.69219287037849
7
2.11967474222183
-3.46380512118339
-3.7157580435276
-3.15584751367569
3.38273383378983
2.10882717967033
16.7896829545498
7
-0.65406512618065
-0.38000151515007
11.8719657838345
0.980386143922806
-7.61667672991753
-7.77371407151222
5.98423628807068
7
-5.19908408522606
-14.6518487095833
-0.71796470284462
5.69211411476136
3.50144301652908
-18.4946617126465
-2.7186441719532
7
6.65889687538147
1.95876427292824
9.50228923559189
-4.20498453974724
-7.14050534367561
0.858185040950767
3.21259998679161
2
7
8.66090148091316
-6.50495675802231
-1.58021983504296
-15.4735944867134
2.211970692873
-5.25319905877114
6.53237300515174
7
4.83662815690041
-1.86547644138336
4.2313117802143
-0.671554172039026
3.97788424491882
-0.710972851514816
6.58753151893616
|Explorer2Genome 30
3
6
8
-6.98965403437614
-2.17662196755409
-9.2006844997406
4.52122719883919
-9.32416467666625
-5.1756895840168
2.39204871058464
-2.41101139187813
8
8.77515296339989
5.78535659909248
-8.3039999127388
-1.18267949819565
1.8174024105072
-3.93502669334412
-3.41699045300484
0.756557250022887
8
10.1245911359787
7.77254011034966
-1.10762611627579
-0.748031163215637
-0.65754833817482
1.20798118114472
2.33859084248543
-7.71498388648032
8
13.2009867668152
-0.496854966878892
1.08281925320625
-8.08392823338509
0.571113628149032
-1.54940304756164
-2.5665793299675
-4.46880859732627
8
-5.0816551566124
6.97950379252434
3.22421680092812
12.9986607193947
-1.22565726041794
-9.85944256186485
-4.8381199836731
0.173538440465928
8
4.42718614935875
5.72734903693199
7.67539184093475
9.68972576260567
2.39292225241661
2.2903801381588
2.28532744646072
-1.20106385946274
6
7
7.08836864233017
4.87304939031601
4.99500015377998
-5.16912316679955
11.6354346871376
7.67371359467508
-9.48785851597786
7
1.83047331571579
3.63848019838333
-5.26805109381676
5.97728728055954
4.07791727185249
2.40626609325409
4.94326501488686
7
2.95697454810142
-3.2481109559536
-4.6609065413475
-1.74939497113228
2.780449539423
3.56171113848686
16.1553399503231
7
-0.0702324092388165
-0.339675879478454
12.0951206564903
-0.246140187978745
-7.34745852947235
-6.19228621125221
5.30111294984818
7
-7.96756502985955
-14.1984446823597
-0.00193840265274114
5.88821392059327
3.48009359836579
-16.8809788584709
-3.43119052052498
7
5.39511213898659
1.74738653302193
8.40400212407113
-3.41367326378822
-7.51581163406372
-0.502947360277184
3.52128955721855
2
7
9.4717988550663
-6.49047477841377
-0.775269240140919
-14.3973376095295
2.21049095392227
-4.91922619938851
6.91229353547096
7
5.60175978541375
-1.98264534473419
2.60794343352317
-1.47013469934463
0.798565357923509
-2.39695152044296
8.47463403940201
|Explorer2Genome 30
3
6
8
-6.62032036185264
-1.92649210095405
-9.23491671085358
5.24267898201943
-9.93129484653472
-4.85014801621437
2.0773364007473
-1.44569200277328
8
9.35324897170067
6.23471816182136
-7.70015734434128
-1.44596849679947
1.8174024105072
-4.61425771713257
-3.01221542954445
1.07333444952965
8
11.6100905418396
8.28714479804039
-1.61981390118599
-1.26390500068665
-0.733862835168839
1.62036650776863
2.14709306359291
-7.87681249976157
8
13.6987586975098
-0.34149848818779
0.81427248120308
-7.84663055539131
0.250312900543213
-1.68200531005859
-2.30380517244339
-4.49218015074729
8
-5.4668453335762
6.97670692801476
3.22041485905647
13.2526419520378
-0.422968447208406
-10.3504173994064
-4.8381199836731
0.415810078382493
8
5.43549028038979
3.74810065627098
7.18588161468506
9.23963785767555
4.22142199277878
3.89534441828728
0.523912328481674
-2.98202723860741
6
7
7.62068676352501
4.83200345635414
4.71126628518104
-5.99160591363907
11.9005551159382
7.40910144448282
-8.94659898281098
7
3.1709741294384
2.59221959114075
-5.26729290485382
7.79485437273979
4.8522693157196
1.69718624949455
4.87578290700912
7
2.58039613962173
-1.99385732412338
-1.34631768465042
-1.80472050309182
3.4286649465561
1.64391248822212
12.6027955591679
7
-0.728824800252916
-0.257063072919845
12.9608474433422
1.0339675962925
-7.89749292731285
-6.8264122068882
5.77423064112664
7
-7.96756502985955
-14.7633849203587
-0.932615721225739
6.15071156024933
4.26897869110108
-16.0661902070045
-2.04519985318184
7
6.76014330983162
2.61927594542503
8.06551457047463
-2.79443808794022
-7.35684023499488
2.01897677779197
3.04431958794594
2
7
8.61164274811744
-6.25796639919281
-1.74984595179558
-14.5996926307678
2.52957050800323
-5.26668622493744
6.60236616134643
7
4.87874520421029
-1.86547644138336
4.82823789715766
-0.264613568782801
3.84508981108666
-0.729369014501572
6.61258113384247
|Explorer2Genome 30
3
6
8
-6.62032036185264
-1.92649210095405
-9.23491671085358
5.24267898201943
-9.93129484653472
-4.85014801621437
2.0773364007473
-1.44569200277328
8
9.35324897170067
6.23471816182136
-7.70015734434128
-1.44596849679947
1.8174024105072
-4.61425771713257
-3.01221542954445
1.07333444952965
8
11.6100905418396
8.28714479804039
-1.61981390118599
-1.26390500068665
-0.733862835168839
1.62036650776863
2.14709306359291
-7.87681249976157
8
13.6987586975098
-0.34149848818779
0.81427248120308
-7.84663055539131
0.250312900543213
-1.68200531005859
-2.30380517244339
-4.49218015074729
8
-5.4668453335762
6.97670692801476
3.22041485905647
13.2526419520378
-0.422968447208406
-10.3504173994064
-4.8381199836731
0.415810078382493
8
5.43549028038979
3.74810065627098
7.18588161468506
9.23963785767555
4.22142199277878
3.89534441828728
0.523912328481674
-2.98202723860741
6
7
7.62068676352501
4.83200345635414
4.71126628518104
-5.99160591363907
11.9005551159382
7.40910144448282
-8.94659898281098
7
3.1709741294384
2.59221959114075
-5.26729290485382
7.79485437273979
4.8522693157196
1.69718624949455
4.87578290700912
7
2.58039613962173
-1.99385732412338
-1.34631768465042
-1.80472050309182
3.4286649465561
1.64391248822212
12.6027955591679
7
-0.728824800252916
-0.257063072919845
12.9608474433422
1.0339675962925
-7.89749292731285
-6.8264122068882
5.77423064112664
7
-7.96756502985955
-14.7633849203587
-0.932615721225739
6.15071156024933
4.26897869110108
-16.0661902070045
-2.04519985318184
7
6.76014330983162
2.61927594542503
8.06551457047463
-2.79443808794022
-7.35684023499488
2.01897677779197
3.04431958794594
2
7
8.61164274811744
-6.25796639919281
-1.74984595179558
-14.5996926307678
2.52957050800323
-5.26668622493744
6.60236616134643
7
4.87874520421029
-1.86547644138336
4.82823789715766
-0.264613568782801
3.84508981108666
-0.729369014501572
6.61258113384247
|Explorer2Genome 30
3
6
8
-6.55732013583183
-2.25463655591011
-9.23491671085358
5.24267898201943
-9.67403845787048
-4.85014801621437
2.0773364007473
-1.44569200277328
8
8.10193588137627
6.6450502038002
-8.3039999127388
-0.946822506189348
2.26876397132874
-3.67289506793022
-2.84505050778389
0.750809669494627
8
10.1245911359787
7.77254011034966
-1.10762611627579
-1.05645000934601
-1.18422933220863
1.11583843231201
2.33859084248543
-7.15468519330024
8
14.2606965065002
0.0675066292285914
0.81427248120308
-7.84663055539131
0.250312900543213
-1.45478036403656
-2.30380517244339
-3.98545007109641
8
-5.40641387701035
6.97950379252434
3.0565085709095
12.9986607193947
-0.544501984119417
-10.1418966948986
-4.8381199836731
0.158749741315842
8
5.43549028038979
3.98006002306938
7.18588161468506
9.15053995251655
4.35350433588028
4.26167294383049
0.523912328481674
-2.98202723860741
6
7
8.14536831378936
5.55773218274116
2.70776858925819
-5.24235743284225
14.4812909245491
7.41755532026292
-9.55585807561875
7
1.51684869527817
3.18573061227798
-6.01306402683258
6.53804956674576
3.60352628231049
2.16483598947525
4.9240659236908
7
3.01740385890007
-3.11407324671745
-4.6609065413475
-1.48439159393311
2.780449539423
3.75990219116211
16.1553399503231
7
-0.728824800252916
-0.553863948583603
12.9608474433422
0.833430916070938
-7.89749292731285
-6.8264122068882
5.77423064112664
7
-7.96756502985955
-14.7633849203587
-0.36193677186966
6.15071156024933
3.71827325820923
-16.6281953930855
-2.04519985318184
7
6.31459647417068
0.0726642370224004
8.46453543305398
-4.29271916747093
-7.47103841304779
-0.603381335735329
3.73034648895264
2
7
8.84153794050216
-6.62177382707596
-1.8737885594368
-15.4157232165337
2.09253163933754
-5.28570342659951
6.31852977871894
7
5.07563357949258
-1.79760675430298
4.52007096409797
-0.895368349552149
4.69837284684181
-0.485868084430695
6.51166434288025
|Explorer2Genome 30
3
6
8
-6.6414907157421
-2.00103812813759
-9.298078083992
5.35172565579415
-10.1168137311935
-6.16441183686257
2.22349504828453
-1.43975087404251
8
9.5385448396206
6.40779050588607
-7.87676680684089
-1.32630077600479
1.8174024105072
-4.65163168907166
-2.1972227871418
1.08750631213188
8
12.5220032691956
8.02414469122887
-2.18907979130745
-0.252056813240051
-0.648574024438858
1.2566153883934
1.89783516526222
-7.54233502745627
8
14.6706097126007
-0.503685587644578
1.04455986618996
-8.08392823338509
0.799000257253647
-2.61590299606323
-2.0856928884983
-4.46880859732627
8
-5.51332458257675
6.97950379252434
3.22421680092812
12.7860088765621
-0.799866235256196
-10.4920585095882
-5.36255550384522
-0.282487231492996
8
4.70205932259559
5.89246315956116
7.56589507460594
8.77605888843536
3.4106891810894
4.86617712378502
0.152414739131928
-2.53819576501846
6
7
7.55916690230369
5.27960561513901
4.04991121888161
-6.38956505060196
11.7738300919533
7.44920333027841
-7.88869597911835
7
1.33139954805374
3.62930389642715
-5.32017406821251
5.173463088274
4.01577120423317
1.93882257938385
4.50723038315773
7
2.80407361388206
-3.26943825483322
-3.93199093937874
-3.72815059423447
3.94700080156327
-0.477365601062775
16.61574447155
7
0.434200233221053
-1.22927141189575
12.6103916764259
-0.429680961370468
-7.75239112377167
-5.41902496814728
5.12891577482224
7
-7.50165802836418
-14.6392625868321
-0.500664484500886
6.15071156024933
3.02751615643502
-16.5308604061604
-2.81340978145599
7
6.22345737218857
0.500846791267396
7.4999414741993
-3.63734623193741
-7.60530285835266
0.202135670185081
3.94947445392609
2
7
9.31142314076423
-7.19422317743301
0.0632792770862535
-14.0117519855499
2.60465823411941
-6.03439608216286
6.28520420789718
7
5.97846009135247
-3.1754330098629
4.11576804518699
-1.82163500785827
0.581564188003541
-4.73881730437279
8.97628022432327
|Explorer2Genome 30
3
6
8
-7.29992203116416
-1.559063154459
-9.43758606910705
4.98743789792062
-8.62810883522033
-4.87510647177696
2.0773364007473
-0.477149617671966
8
8.52012802958489
6.23471816182136
-7.70015734434128
-1.44596849679947
1.8174024105072
-4.61425771713257
-3.06526308655739
1.07333444952965
8
11.6100905418396
8.28714479804039
-1.61981390118599
-1.26390500068665
-0.58951843380928
1.62036650776863
2.14709306359291
-7.87681249976157
8
13.3154572248459
-0.565490621328354
1.19329457879067
-7.61201596260071
-0.190409499406815
-0.848218125104903
-3.09104532003403
-4.46880859732627
8
-5.10488630533219
6.97670692801476
3.22041485905647
13.9890414893627
-0.341017019748689
-10.0263826608658
-4.8381199836731
0.215046447515488
8
4.97623547911644
5.72734903693199
7.55268785953522
9.68972576260567
2.39292225241661
2.80608152747154
2.67964779138565
-1.33427280187607
6
7
7.45428358912468
5.36746242642403
4.71126628518104
-5.99160591363907
11.9005551159382
7.40910144448282
-8.60460209846497
7
3.1709741294384
2.46245245933533
-5.26729290485382
7.79485437273979
5.10570652484894
1.64382838606834
4.79813309907913
7
2.58039613962173
-1.99385732412338
-1.38533338308334
-1.80472050309182
3.4286649465561
1.64391248822212
13.184733492136
7
0.440990692377089
-0.339675879478454
12.0951206564903
-0.784288734197617
-6.60162634253502
-6.19228621125221
5.30111294984818
7
-5.10055626630783
-14.1739866375923
-0.474257636070252
6.22852421402932
3.12805890440941
-19.0262532055378
-2.7025014936924
7
6.76014330983162
2.61927594542503
8.06551457047463
-2.62215717434883
-7.35684023499488
1.71225180029868
3.04431958794594
2
7
8.94090164303779
-6.25796639919281
-1.74984595179558
-15.0407380580902
2.52957050800323
-4.75717952251435
6.55871860980987
7
4.41811192631722
-1.86547644138336
4.82823789715766
-0.264613568782801
3.55746151804924
-0.716852539777756
6.61258113384247
|Explorer2Genome 30
3
6
8
-5.92815987467765
-1.52291495203972
-9.30123844146728
5.24267898201943
-8.46511936187743
-5.59965885281563
2.17329950928688
-2.18420156240463
8
8.85532061457634
5.60327551960945
-8.26029714345932
-1.18267949819565
0.932019090652467
-3.65233017802239
-3.41699045300484
0.90169744491577
8
11.8508440315724
8.5656949043274
-1.55423410534859
-0.777650618553161
-0.18687419295311
1.44438791871071
1.92679871320724
-8.32341719865798
8
12.8902572870254
-0.595896428823472
0.420120149850846
-6.19084136486054
-0.891672492027283
-1.20259442329407
-2.40941303968429
-4.78648778796195
8
-5.0816551566124
6.73075422644615
3.99548462629318
12.4389765381813
-0.369581615924837
-9.49281775951386
-5.25526199340821
0.122347515821458
8
4.02370500564575
3.3475254714489
6.93760386705399
10.0610846459866
3.43050641417503
2.7912635743618
1.59076732993126
-1.54030248522758
6
7
7.32639634609222
5.36542654037475
2.27691004872322
-5.21861367821693
13.8007496237755
7.2034189105034
-9.5677778840065
7
1.77502826452255
3.52569023370743
-5.84477915763855
5.50090067386627
3.60352628231049
1.81209106445313
5.37046062350273
7
2.14585582017898
-2.81692470312119
-2.49274567365646
-1.06715763807297
1.67611601352692
1.81396089196205
12.5399789571762
7
0.124443590641021
-0.906172657012939
11.7600809752941
-1.28544611334801
-7.80577259063721
-5.87535102963448
4.88481258153916
7
-7.8349159359932
-14.768890529871
0.200542396306991
5.89748633503914
3.94965291023255
-17.2049005866051
-1.89760254025459
7
6.65889687538147
1.87609429955483
9.328432148695
-4.59287688136101
-6.66669083237648
0.858185040950767
3.64187888503075
2
7
9.00873799920082
-5.262580037117
-1.57120083570481
-14.3578070878983
2.95463905334473
-4.60077242255211
6.27166666984558
7
6.68845421075822
-2.58586093783378
3.89456274509429
-2.78841398358344
-0.63307852745056
-4.03473552465439
8.86117218732834
|Explorer2Genome 30
3
6
8
-7.85520746111869
-4.00417946577072
-8.28563939929009
6.11768211722375
-9.4748596727848
-4.98878462314606
2.42155038118362
-2.81114646196365
8
7.31682025790215
4.3836200773716
-7.84654707312584
-1.28182697892189
3.56943914890289
-5.32022151350975
-3.31783742904663
-0.0118594229221361
8
11.4124947071076
8.50966643691064
-1.26486250162125
-1.26390500068665
-0.648574024438858
1.66514062285424
2.10504646897316
-8.40830830931662
8
13.4706117153168
-0.940964549779892
0.672100293636323
-7.2552867949009
0.630272769927978
-1.83934061527252
-1.78165560960769
-4.53931173086166
8
-5.05007289648056
7.18577651977539
3.22421680092812
12.7860088765621
-0.65243035554886
-10.1630793511868
-4.8381199836731
-0.282487231492996
8
4.18533776402473
3.96325001120568
7.54605638384819
8.66627707481384
3.87337974905968
3.40319790244103
1.5701355099678
-2.38065169453621
6
7
7.66057652235031
7.64924966096878
3.90647495985031
-7.72104049921036
9.16171935796739
8.95530998706819
-8.58395221829415
7
1.74004703760147
3.79298723936081
-5.34187027812004
6.17843824028969
4.07791727185249
1.84121806621551
5.36612985730171
7
1.56986523866653
-3.20232516527176
-2.06311429738998
-1.6235092997551
2.17715349793435
2.29268398880959
12.2033233880997
7
0.272373121976851
-1.30547354221344
12.0545423388481
-0.341792070865631
-8.34961793422699
-5.42864408493042
5.78637559413911
7
-5.44986869692803
-15.0642791152
-1.25674317479134
4.38315341472626
3.70103682875633
-19.378161406517
-2.1641076862812
7
5.85221427083015
1.97816263437271
8.91552813649178
-3.41367326378822
-8.63281142711639
-2.06999321579934
2.80293540358544
2
7
7.65123389363288
-6.13414325714111
-0.853152579069142
-15.5812771320343
2.52017340660095
-4.84254658222199
7.37462146878242
7
4.86040831804276
-1.85188086032867
4.82823789715766
-0.937315952777857
3.83814943432808
-0.966040146350861
6.51166434288025
|Explorer2Genome 30
3
6
8
-6.98965403437614
-2.70464077591896
-9.2006844997406
4.28310025334359
-9.32416467666625
-5.1756895840168
2.39204871058464
-2.70938611626625
8
9.09461371302605
6.13725877404213
-6.82673445940017
-1.96233280301094
1.23187232017517
-4.51318321228027
-4.17399545311928
-0.358682495355607
8
11.6100905418396
8.78318836688996
-1.55423410534859
-0.741954922676086
-0.733862835168839
1.50352182984352
2.00188491940498
-8.05766655802726
8
13.2009867668152
-0.477161329984665
1.08281925320625
-7.77910655140877
0.146718138456344
-1.1670146882534
-2.7920623421669
-4.46880859732627
8
-4.30234470963478
6.70994099974632
2.74324594140053
12.6267627835274
-1.27148262262345
-9.73888184428215
-4.8381199836731
0.761574643850327
8
3.78528373241424
3.79078273773194
6.45413511991501
9.61893339753151
3.08546511530876
1.87805825471878
1.43870260119438
-1.407844632864
6
7
8.19028274416923
5.30234652757645
4.39925776720047
-6.44664637446404
9.99592915177347
7.55781491398813
-9.50721480250359
7
2.39181744456291
3.5155997633934
-5.00269300341606
5.91310369968414
3.57735670208931
2.62919735908508
3.72987680435181
7
2.11967474222183
-3.46380512118339
-3.55702192783356
-3.15584751367569
3.36812022924424
2.10882717967033
16.7896829545498
7
-1.08651203513146
0.196784573793411
11.8719657838345
0.980386143922806
-7.61667672991753
-7.77371407151222
5.98423628807068
7
-5.19908408522606
-14.6518487095833
-0.849432927370072
5.69211411476136
3.50144301652908
-18.0202232837677
-2.7186441719532
7
6.65889687538147
1.95876427292824
9.50228923559189
-4.20498453974724
-7.14050534367561
0.858185040950767
3.21259998679161
2
7
8.4931124985218
-6.25796639919281
-0.90376729369164
-14.4333986759186
2.53207905292511
-4.90902438163758
6.1814246237278
7
6.48079134821893
-2.93645812869072
3.56142610907554
-0.285899472236627
0.581564188003541
-4.73881730437279
8.03911467790604
|Explorer2Genome 30
3
6
8
-6.98965403437614
-2.70464077591896
-9.2006844997406
4.28310025334359
-9.32416467666625
-5.1756895840168
2.39204871058464
-2.70938611626625
8
9.09461371302605
6.13725877404213
-6.82673445940017
-1.96233280301094
1.23187232017517
-4.51318321228027
-4.17399545311928
-0.358682495355607
8
11.6100905418396
8.78318836688996
-1.55423410534859
-0.741954922676086
-0.733862835168839
1.50352182984352
2.00188491940498
-8.05766655802726
8
13.2009867668152
-0.477161329984665
1.08281925320625
-7.77910655140877
0.146718138456344
-1.1670146882534
-2.7920623421669
-4.46880859732627
8
-4.30234470963478
6.70994099974632
2.74324594140053
12.6267627835274
-1.27148262262345
-9.73888184428215
-4.8381199836731
0.761574643850327
8
3.78528373241424
3.79078273773194
6.45413511991501
9.61893339753151
3.08546511530876
1.87805825471878
1.43870260119438
-1.407844632864
6
7
8.19028274416923
5.30234652757645
4.39925776720047
-6.44664637446404
9.99592915177347
7.55781491398813
-9.50721480250359
7
2.39181744456291
3.5155997633934
-5.00269300341606
5.91310369968414
3.57735670208931
2.62919735908508
3.72987680435181
7
2.11967474222183
-3.46380512118339
-3.55702192783356
-3.15584751367569
3.36812022924424
2.10882717967033
16.7896829545498
7
-1.08651203513146
0.196784573793411
11.8719657838345
0.980386143922806
-7.61667672991753
-7.77371407151222
5.98423628807068
7
-5.19908408522606
-14.6518487095833
-0.849432927370072
5.69211411476136
3.50144301652908
-18.0202232837677
-2.7186441719532
7
6.65889687538147
1.95876427292824
9.50228923559189
-4.20498453974724
-7.14050534367561
0.858185040950767
3.21259998679161
2
7
8.4931124985218
-6.25796639919281
-0.90376729369164
-14.4333986759186
2.53207905292511
-4.90902438163758
6.1814246237278
7
6.48079134821893
-2.93645812869072
3.56142610907554
-0.285899472236627
0.581564188003541
-4.73881730437279
8.03911467790604
|Explorer2Genome 30
3
6
8
-6.42599249482154
-1.84189231395721
-8.59961699843407
3.66679936051369
-9.96557748317718
-5.46977048516274
2.26508831381798
-1.00266592502594
8
8.76413981318474
5.43554583191871
-8.65366641283035
-1.18267949819565
1.86814665794373
-4.31705808639526
-3.10952911973
0.516527026891707
8
10.7315929889679
7.67761980891228
-2.06845963597298
0.839623266458512
-1.05246778130531
2.19090144038201
1.64525983929634
-8.03831774592399
8
11.4408187866211
-0.360243749618531
2.32672558426857
-7.50148406028748
-0.522057867050171
-2.28633167743683
-0.619525486230849
-3.45937051773071
8
-6.03394387364388
5.06862615346909
3.32786794304848
13.6318244099617
-1.92351209521294
-9.08791729807854
-5.24706795215607
0.537701672315598
8
4.09198474884033
3.46888160705567
6.80813714265823
9.91298955082893
1.74267591238022
2.04411853551865
0.838145488500595
-2.23513216376305
6
7
8.11710614562034
5.13013857007027
4.55934975743294
-6.02129503488541
11.5530825018883
7.43018389344217
-7.92445826530457
7
1.4996938586235
3.79298723936081
-4.8351899087429
5.63817425370216
4.07791727185249
1.58216574192047
3.68226879239082
7
2.57032762765884
-2.68820070028305
-3.96109963059425
-3.30006052255631
3.35905815362931
1.37852090597153
16.2492228448391
7
-0.0702324092388165
-0.906172657012939
12.0366419732571
-0.77471804022789
-7.46048746109009
-6.11975327134132
5.28066378831864
7
-4.79444360136986
-15.0264322161675
-0.431607937812806
4.41096949577332
3.50144301652908
-18.5601797103882
-2.27710750699043
7
7.45760412812233
1.76742708683014
8.09871942400933
-4.49434382319451
-6.60614509582519
-0.223248946666725
1.87247251868248
2
7
8.10778635144233
-5.33801369667053
-2.45032688379288
-15.3216257274151
1.40224256515503
-5.39132161140442
6.35714729428291
7
5.36640803217889
-2.54069831371307
2.87931058406829
-1.47013469934463
1.3804838180542
-2.76041616201401
9.04055496454239
|Explorer2Genome 30
3
6
8
-6.82951258420944
-2.17662196755409
-9.2006844997406
3.95665453076363
-9.85948781967162
-6.0404745399952
2.41931404471397
-2.41101139187813
8
8.35766797065735
6.32291334271431
-8.468747985363
-1.18267949819565
1.8174024105072
-3.58068978786469
-2.91108921170235
0.62575922012329
8
11.6463290274143
8.8137520313263
-1.44610539078712
0.357564520835877
-1.36068828701973
0.901042467355731
1.90150857567787
-8.32721613645553
8
12.783570599556
1.51054509282112
2.64448009133339
-7.13671972751618
-0.660649734735489
-1.84709636569023
-0.288199913501738
-2.89216079115867
8
-5.81310964822769
6.97670692801476
3.22421680092812
13.3504223465919
-1.2397264122963
-9.49787240028382
-5.08325564861298
0.173538440465928
8
5.23610775470734
4.76628291606903
7.57024095058441
10.0578381896019
4.19134134054184
1.97693309783936
0.199119848012924
-2.13432849049568
6
7
7.9147007882595
5.30234652757645
4.39925776720047
-6.48515910506249
9.88300278782846
8.10895879864694
-9.70544748306275
7
1.46097504496574
3.67570689916611
-5.07086969614029
5.83033087253571
4.08076398968697
2.59660093784332
3.40588541030884
7
2.57032762765884
-3.26943825483322
-4.44557788968086
-3.72815059423447
3.77591962218285
-0.0693006157875062
17.2418187618256
7
0.0151606142520892
-0.339675879478454
12.0951206564903
-0.0809543251991273
-7.60875232219696
-6.20069482922554
5.71222898364068
7
-5.18020369410515
-14.9598823189735
-0.381035906076432
4.69901793003083
3.79299497008324
-18.7366628944874
-2.1583370745182
7
6.65889687538147
1.65453618168831
8.9547616660595
-4.4747965991497
-7.24448128342628
0.858185040950767
4.00880965590477
2
7
7.37768970131874
-6.13414325714111
-1.3984598338604
-15.3698934555054
2.83377113342285
-5.47618112564087
7.19389916062355
7
4.96546341776849
-1.80238587856292
2.34901583194732
-1.93138309717178
0.978722524642946
-3.24725383520126
8.6579968392849
|Explorer2Genome 30
3
6
8
-6.17462037205695
-2.24511058330536
-8.91549953818321
4.30101948380471
-9.67403845787048
-5.5120784342289
2.59133448004722
-1.19733391404152
8
8.85532061457634
5.49316425919532
-8.3039999127388
-1.18267949819565
0.400770187377931
-3.65233017802239
-3.90269659161568
1.48023133277893
8
9.92929213047028
7.77955211997032
-0.922132784128188
-0.748031163215637
-0.724088525772095
1.15663738846779
2.33859084248543
-7.76834010481833
8
12.8902572870254
-0.595896428823472
0.420120149850846
-6.01168818473816
-0.891672492027283
-1.20259442329407
-2.86906813383102
-4.2405967414379
8
-5.57184081673622
5.280772793293
3.59622381329536
13.6318244099617
-2.47786704897881
-9.08791729807854
-5.24706795215607
0.456071037054063
8
4.02370500564575
3.3475254714489
6.93760386705399
10.0610846459866
3.43050641417503
2.7912635743618
1.59076732993126
-1.15562879443169
6
7
7.32639634609222
5.36542654037475
2.76256683468819
-5.21861367821693
13.4207336783409
7.74952338933946
-9.5677778840065
7
3.79792644977569
3.2306901216507
-7.27939911484718
7.75312724709511
5.5621663749218
2.00570448040962
4.48053067326546
7
2.5782653927803
-2.4246920466423
-1.48576930761337
-1.24274705648423
2.25468237400056
1.81396089196205
12.2483243465424
7
1.06063658595085
-1.40615694522858
12.4621944069862
-0.507826012372971
-7.90004100799561
-4.3583530664444
5.45367749929429
7
-7.8349159359932
-14.768890529871
-0.291728502511979
5.89748633503914
3.94965291023255
-17.1724586606026
-1.89760254025459
7
7.18107368946075
1.91685266494751
8.09871942400933
-3.73313204646111
-6.30959522128105
-0.223248946666725
1.60591372847557
2
7
8.61106124520301
-5.81941077709198
-1.57120083570481
-14.0831891000271
2.95463905334473
-4.46966983675957
6.27166666984558
7
6.68845421075822
-2.58586093783378
3.89456274509429
-2.48901081085204
-0.63307852745056
-4.03473552465439
8.86117218732834
|Explorer2Genome 30
3
6
8
-6.73023979067802
-4.39264281392097
-9.61895355582237
5.80311115980149
-9.4673715353012
-5.82856245040894
1.41127910017967
-2.58686559796333
8
10.05444419384
4.59472616314888
-9.10755996108055
-2.01590724587441
2.0125904083252
-6.31188108921051
-4.22979040741921
2.18236543536186
8
10.9255297720432
7.6706059217453
-1.09614406228065
-0.11616530418396
0.00946307778358454
1.91030559539795
3.46024205088615
-8.754421544075
8
12.8902572870254
-0.0420344293117528
0.295859271287919
-6.01168818473816
-0.891672492027283
-1.20259442329407
-2.40941303968429
-4.49023250937461
8
-4.61619225740433
6.68504752516747
3.37413402795792
13.8327976644039
-0.72881716489792
-9.36208919882774
-4.41891303062439
0.489618533849717
8
4.76564078330994
3.82528747916222
6.92737449407578
9.84246354699135
3.79256845712662
2.47004595994949
2.0189671933651
-2.53908645510673
6
7
7.32639634609222
4.47679724693298
2.76256683468819
-5.21861367821693
13.8007496237755
7.74952338933946
-9.5677778840065
7
1.50608137845993
4.12398492097855
-5.35495831370354
5.65492995977402
4.83829690217972
2.66979890465736
4.94326501488686
7
2.43432689905166
-2.39730948209763
-1.83195281624794
-2.00372215509415
2.24274981617928
2.5725687623024
12.8156894266605
7
-1.13133167624474
-0.359634912014007
13.0659813463688
0.801749449968338
-8.09953514933586
-6.95904873013497
6.62751060128213
7
-8.85573384165764
-13.9602198183537
-0.167762649059296
6.15420451164246
4.82868432998657
-16.3848884940147
-2.35477113723755
7
5.35762050747871
1.97816263437271
8.40400212407113
-3.41367326378822
-8.67413403987884
-1.21563268303872
3.26001901030541
2
7
8.48043680787086
-5.90755798220634
-0.853152579069142
-15.7432756900787
2.83377113342285
-5.35448236465454
7.76974125504493
7
6.50824708342553
-3.34461144804954
3.42638689875602
-2.14790649414062
-0.283143967390059
-4.13800879716873
7.63757368326187
|Explorer2Genome 30
3
6
8
-6.17462037205695
-2.24511058330536
-8.22504429221153
4.42928164601327
-9.67403845787048
-5.5120784342289
3.0104081094265
-1.19733391404152
8
8.60051896572114
6.78592212796211
-8.16990314126014
-1.0901420891285
1.8174024105072
-4.65015189647675
-2.97544992566109
1.91794831752777
8
11.4995157241821
8.50966643691064
-1.26486250162125
-0.921633315086364
-0.648574024438858
1.66514062285424
2.50920172333717
-8.09652876257895
8
12.8607759475708
-0.431095498800278
0.619240981340409
-7.77910655140877
0.555521911382675
-0.970319986343383
-2.51920465230942
-5.02903587222099
8
-4.21838935017586
6.98613678812981
3.57735901474953
13.618191832304
0.897077500820158
-10.1130916297436
-4.76645772457123
-0.0456147730350488
8
5.83349691033363
4.04641335010529
7.57024095058441
10.0578381896019
4.75150274038315
1.98469455242157
0.0691709697246554
-2.08808963894844
6
7
7.6766174018383
8.39452695250511
4.14333225488663
-8.22315658926964
9.72384383082391
8.17079281806947
-7.76956890225411
7
3.79792644977569
3.53783624172211
-7.27939911484718
8.26295996308327
5.3357048034668
2.00570448040962
4.48053067326546
7
2.39855343699455
-3.46380512118339
-3.49875483512878
-2.73194841146469
3.44945582151414
2.10882717967033
16.3365075051785
7
0.432799512147902
-0.351122403144836
12.0951206564903
-0.486164993047714
-8.396479845047
-5.7832662165165
5.08206872344018
7
-6.51771370172501
-15.5208239376545
-1.46803424358368
6.30849323868752
4.09751617312431
-18.2184585392475
-2.18206784725189
7
4.94538822770118
1.70576471090317
8.11916247010232
-3.57057957649231
-7.71286308765411
-0.746222215890892
4.01043164134026
2
7
8.24462614655494
-5.7593365907669
-1.47214342355729
-14.787069106102
2.26225991249084
-3.92170490622521
6.27166666984558
7
4.5677866280079
-2.36739656925201
4.52364023327827
-0.342379122972483
3.6484112739563
-1.16999959349632
6.80889199376106
|Explorer2Genome 30
3
6
8
-6.98965403437614
-1.97750036716461
-9.2006844997406
4.18737242817879
-8.70981585979461
-5.1756895840168
2.39204871058464
-2.67396293282509
8
7.61676582694054
4.03340662121773
-7.84654707312584
-1.28182697892189
3.33854851722717
-4.39920756816864
-3.31783742904663
-0.0118594229221361
8
11.7597296774387
9.29284298419953
-1.55423410534859
-1.09296982288361
-1.2808857023716
1.76729105114937
2.00188491940498
-8.57657758593558
8
12.8071747362614
0.587002307176589
1.27535964250565
-7.77910655140877
0.505878227949142
-1.2918313741684
-2.81351014375687
-4.36806597113609
8
-5.63244901299477
5.75152822732926
3.2161751806736
13.0490907549858
-1.90005342364311
-9.48886734843254
-4.91692750453949
0.418293374776841
8
5.57098462581634
4.24672100543976
8.27631294727325
10.6469482779503
5.26632951498032
2.05674619674683
0.207394140958786
-2.09495673775673
6
7
7.74341089725494
5.36542654037475
2.76256683468819
-4.66320856809616
13.9878144443035
7.96258298158647
-9.38397534489632
7
3.90564578771591
2.96026517748833
-4.00968368649483
7.01998137235642
5.12077989578247
0.72951779961586
3.97567880153656
7
2.14585582017898
-3.20232516527176
-2.44102038145065
-1.6235092997551
2.17715349793435
1.21929076313972
11.7486793756485
7
-0.299167746305467
-0.000469672679900945
13.5748394548893
1.18093155026436
-8.32757405638695
-7.03799265027046
6.62751060128213
7
-5.19908408522606
-14.8191403746605
-0.381035906076432
4.910169506073
4.29239081740379
-19.3050121128559
-2.05609963536262
7
6.99885106086731
2.00339100956917
8.66811565160752
-4.09156486392021
-7.24448128342628
1.22603505849837
3.64187888503075
2
7
7.88888741135597
-6.13414325714111
-1.24891187548638
-15.3698934555054
2.83377113342285
-5.17844741344452
7.72687204480171
7
6.27421828508378
-2.70715200304985
3.91870799064636
-3.601322889328
0.258828639984132
-5.31128095984459
7.8854009270668
|Explorer2Genome 30
3
6
8
-6.73023979067802
-4.39264281392097
-9.61895355582237
5.80311115980149
-9.4673715353012
-5.82856245040894
1.41127910017967
-2.58686559796333
8
8.8703721523285
6.78592212796211
-8.16990314126014
-1.0901420891285
1.8174024105072
-4.13164756298065
-2.97544992566109
1.33634440898895
8
10.9255297720432
7.6706059217453
-1.09614406228065
-0.11616530418396
-0.182534861564636
1.91030559539795
3.46024205088615
-8.754421544075
8
13.1540882349014
-0.431095498800278
0.619240981340409
-7.77910655140877
0.555521911382675
-0.970319986343383
-2.51920465230942
-5.02903587222099
8
-4.61619225740433
6.68504752516747
3.37413402795792
13.561269724369
-0.72881716489792
-9.36208919882774
-4.41891303062439
0.489618533849717
8
4.76564078330994
3.82528747916222
6.92737449407578
9.84246354699135
3.79256845712662
2.47004595994949
2.0189671933651
-2.53908645510673
6
7
7.75500392317772
8.39452695250511
4.14333225488663
-8.22315658926964
9.72384383082391
8.53160429000856
-7.76956890225411
7
1.50608137845993
4.09593809843063
-5.35495831370354
5.33045920133591
4.83829690217972
2.66979890465736
4.94326501488686
7
2.74451628923416
-2.39730948209763
-1.83195281624794
-2.00372215509415
2.24274981617928
2.00614987611771
12.8156894266605
7
0.432799512147902
-0.255311679840088
12.0951206564903
-0.0620154798030855
-8.396479845047
-5.7832662165165
5.31766216158868
7
-6.02102051973343
-15.5208239376545
-1.41765856742859
6.30849323868752
4.09751617312431
-18.2184585392475
-2.18206784725189
7
4.94538822770118
1.70576471090317
8.11916247010232
-3.86172783970833
-7.71286308765411
-0.502947360277184
4.21347665190697
2
7
8.48043680787086
-6.13414325714111
-0.853152579069142
-15.7432756900787
2.83377113342285
-5.17844741344452
7.74902737736702
7
4.5677866280079
-1.86547644138336
4.52364023327827
0.0236966311931666
3.6484112739563
-1.16999959349632
7.0445310652256
|Explorer2Genome 30
3
6
8
-6.51177079081535
-1.19143452644348
-10.5194003045559
4.91910451054574
-9.75654091835021
-4.84515147209168
1.89768195152282
-2.46658175587654
8
7.61676582694054
4.72038999795913
-7.84654707312584
-1.28182697892189
3.56943914890289
-4.75269483923912
-3.31783742904663
-0.0118594229221361
8
12.0020329475403
9.03641938567162
-2.18907979130745
-0.252056813240051
-0.648574024438858
1.2566153883934
1.89783516526222
-7.54233502745627
8
12.855578827858
-0.0484540641307836
1.06987360715866
-7.30570281147957
-0.215434116125107
-1.96303107738495
-1.87930856347084
-3.98545007109641
8
-5.05007289648056
7.18577651977539
2.94408953785896
12.7860088765621
-0.65243035554886
-10.1630793511868
-4.8381199836731
-0.282487231492996
8
4.11628611683845
4.22261239886284
7.54605638384819
8.66627707481384
3.87337974905968
3.40319790244103
2.11569796800613
-2.3617119371891
6
7
7.90364928245544
5.36542654037475
2.76256683468819
-4.66320856809616
14.3617235541344
7.41697746515275
-9.38397534489632
7
1.74004703760147
3.79298723936081
-5.18108808398247
6.17843824028969
4.07791727185249
1.64181885719299
4.80406215786934
7
1.56986523866653
-3.20232516527176
-2.06311429738998
-1.6235092997551
2.17715349793435
1.78600562214851
12.2033233880997
7
0.0887983739376056
-1.39993193149567
11.6413249373436
-0.50129114985466
-8.6940824508667
-5.16560678482056
5.33219596147538
7
-5.37316009402275
-14.9598823189735
-0.434835314750672
5.12665438652039
3.44944936037064
-19.0868525326252
-2.57620392441749
7
5.78012478947639
2.38630778193474
9.16608098745347
-4.01443585157395
-7.29771957397461
2.11656104922294
2.49016411900521
2
7
7.88888741135597
-6.13414325714111
-0.853152579069142
-15.5812771320343
2.52017340660095
-5.05899205207825
7.37462146878242
7
4.99574287533761
-1.57056371569633
4.08051298260688
-0.152638351917261
3.65775773525238
-0.357372802495957
7.0445310652256
|Explorer2Genome 30
3
6
8
-7.72093116044998
-0.821899652481078
-8.83879413604736
5.01386981606484
-9.08476021289825
-4.9013869702816
2.38002882003784
-1.76290820837021
8
8.7833089709282
4.59472616314888
-9.05596756339073
-2.03483741879463
1.90958149433136
-5.29628919959069
-3.71397650837898
2.06199797987938
8
11.1232897043228
8.7391310274601
-1.45376890897751
0.372894668579102
-0.569657927751541
1.57962462902069
1.48337529301643
-7.70601441860198
8
13.2009867668152
-0.305599230527878
0.863331228494645
-7.46040361523628
-0.0416177093982699
-0.970319986343383
-3.09678753614426
-5.29682627916335
8
-5.35009709000588
6.70994099974632
2.60020700693131
12.9986607193947
-1.51326166391373
-9.85944256186485
-4.39468088150025
-0.516009575128555
8
4.90346974134445
4.24832512736321
7.54605638384819
8.835924077034
4.2143149793148
3.40319790244103
1.15223919153214
-2.13587571382523
6
7
7.99014480113983
7.40218772292137
4.32410182356834
-8.22315658926964
9.33904067873956
8.5175381422043
-7.76956890225411
7
1.17898298501968
4.31195048093796
-6.23865098357201
5.97728728055954
5.27079511284828
2.89811599254608
5.2679845392704
7
2.57032762765884
-2.78788059949875
-4.91460354924202
-3.47591065168381
3.1588823914528
1.89889005422592
16.2505108773708
7
-0.659663504362108
-0.207989501953125
12.3964453101158
0.410574299097061
-7.66585304737091
-6.93097851872444
5.3569732606411
7
-5.6243629872799
-14.3778878986836
-1.1942203104496
5.24113907814026
3.95736254453659
-18.4946617126465
-3.59928062558174
7
5.72618635296821
1.60944665670395
8.40400212407113
-3.86172783970833
-7.47359969019889
-0.223073583841332
4.21347665190697
2
7
9.85845273137092
-5.69841659665107
-1.01174129843712
-14.7037116467953
2.0288559794426
-5.30951057076455
6.91229353547096
7
5.35442742705346
-2.04264965057373
2.58355843424797
-1.64078792333602
0.544080871343614
-1.8977898478508
8.47463403940201
|Explorer2Genome 30
3
6
8
-6.36257377266883
-2.24511058330536
-8.59961699843407
4.30101948380471
-9.67403845787048
-5.88667159676552
2.59133448004722
-0.926659560203552
8
9.0564587533474
6.56484795212745
-7.99256556630134
-1.76800481081009
2.28528952598572
-4.76178643703461
-2.63117087483406
-0.420014530420305
8
9.84617719650269
7.77955211997032
-1.19132455587387
-0.748031163215637
-0.43733184337616
1.69473413228989
2.33859084248543
-8.23185314536094
8
11.7853449583054
-0.0167916953563697
2.35022566914559
-7.4348635673523
-1.06408696174622
-1.89272682070732
-0.160993129014968
-3.13581442832946
8
-5.57184081673622
5.280772793293
3.59622381329536
13.6318244099617
-2.47786704897881
-9.08791729807854
-5.24706795215607
0.456071037054063
8
4.97623547911644
5.72734903693199
7.55268785953522
9.51622253060341
2.39292225241661
1.96039382815361
2.3169863820076
-1.68459812402725
6
7
8.17851685881615
4.43118242025375
4.99500015377998
-4.5288327395916
11.2679825842381
7.07895141243936
-9.15304043889046
7
3.79792644977569
3.50306487083435
-7.27939911484718
7.75312724709511
5.16600710749626
2.00570448040962
4.48053067326546
7
1.72597681283951
-2.4246920466423
-1.48576930761337
-1.68515683412552
2.25468237400056
1.81396089196205
12.5399789571762
7
1.22517794966698
-1.68297429084778
12.4621944069862
-0.392215865850449
-7.90004100799561
-4.3583530664444
5.94330424070359
7
-5.39898554682732
-14.5631160855293
-1.25674317479134
4.66704034805298
4.4626816034317
-19.378161406517
-2.7186441719532
7
7.18107368946075
1.91685266494751
7.60365216135979
-4.28994955420494
-6.30959522128105
-0.223248946666725
1.60591372847557
2
7
8.15262907743453
-5.62870371341705
-1.97851544618607
-15.1071700274944
1.73872132301331
-4.71881685256958
6.6782048523426
7
5.60175978541375
-1.62274897098541
2.72613608241081
-1.47013469934463
0.132542961835862
-2.32566691637039
8.47463403940201
|Explorer2Genome 30
3
6
8
-6.82951258420944
-2.17662196755409
-9.44148013591766
3.68505647778512
-9.32416467666625
-5.57224109768868
2.39204871058464
-2.41101139187813
8
7.61676582694054
3.79987176060676
-7.25110253691673
-1.28182697892189
3.56943914890289
-5.15270400643349
-3.49445379376412
0.0573585212230665
8
11.9000046491623
8.50966643691064
-2.34483700990677
-0.60719244480133
-1.20145698189735
1.86846867799759
2.0233089029789
-7.54233502745627
8
13.366064697504
0.0677002489566798
1.06987360715866
-6.64462478160858
0.384952819347381
-1.60245170593262
-1.78165560960769
-3.54445446133613
8
-5.0271447300911
6.96570999622345
3.5537312567234
12.4762056708336
-1.25410577058792
-9.79654461741448
-4.8381199836731
0.334797137975693
8
5.57098462581634
4.79793248176575
8.16210176944733
10.0578381896019
4.19134134054184
1.98469455242157
-0.272916609048843
-2.27966437935829
6
7
7.61034196615219
7.48988596200943
4.04565621614456
-9.7161937892437
9.72384383082391
7.94080190658571
-9.0369495689869
7
2.53168148398399
3.5155997633934
-5.56348325610161
5.87160363197327
3.75833721756935
2.62919735908508
3.72987680435181
7
2.81698176264763
-3.67133550047874
-4.15261327028274
-1.42607956528664
2.58971257805825
3.26128320097923
15.8141832590103
7
-0.68448402285576
-1.10468460917473
11.4542960584164
0.980386143922806
-7.10204929709435
-8.16734934449196
5.98423628807068
7
-5.89343382716179
-14.4444821953774
-0.434835314750672
4.82276554107666
3.44944936037064
-19.2952608168125
-1.86851847171783
7
6.70807689428329
2.36528745293617
8.98245297074318
-3.30950781702995
-6.77830863595008
2.55670418143272
3.53085730075836
2
7
8.78899198174476
-6.82755243778228
-1.73419860601426
-14.3821665525436
3.0308839559555
-4.60077242255211
6.27166666984558
7
4.83662815690041
-1.35595715045929
4.68976674675941
-0.530554306507105
3.97788424491882
-0.710972851514816
6.57984602451324
|Explorer2Genome 30
3
6
8
-6.82951258420944
-2.17662196755409
-9.2006844997406
4.28310025334359
-9.32416467666625
-5.37031555175782
2.39204871058464
-2.41101139187813
8
7.61676582694054
3.79987176060676
-7.25110253691673
-1.28182697892189
3.56943914890289
-4.74425120949745
-3.49445379376412
-0.0118594229221361
8
11.9000046491623
8.50966643691064
-2.34483700990677
-0.60719244480133
-1.32145708203316
1.7561527132988
2.0233089029789
-7.75445591807364
8
13.366064697504
-0.0484540641307836
1.06987360715866
-6.64462478160858
0.384952819347381
-1.51113393306732
-1.78165560960769
-3.54445446133613
8
-5.0271447300911
6.96570999622345
3.22421680092812
12.6267627835274
-1.25410577058792
-9.79654461741448
-4.8381199836731
0.583861756324769
8
5.57098462581634
4.79793248176575
7.57024095058441
10.0578381896019
4.19134134054184
1.98469455242157
0.299683660268784
-2.13432849049568
6
7
7.61034196615219
7.48988596200943
4.16433209180832
-9.45980200171471
9.72384383082391
8.51669106483461
-9.0369495689869
7
2.97874671816826
3.5155997633934
-5.56348325610161
5.87160363197327
3.75833721756935
2.56192591190338
3.72987680435181
7
2.95928139090538
-3.67133550047874
-4.62228380441665
-1.42607956528664
2.7973834335804
2.83781475424767
15.8141832590103
7
0.0887983739376056
-1.70118942260742
11.6413249373436
-0.50129114985466
-8.8468022108078
-5.16560678482056
5.84598218202592
7
-5.37316009402275
-14.4444821953774
-0.434835314750672
4.82276554107666
3.44944936037064
-19.2952608168125
-2.14974113106727
7
6.70807689428329
2.36528745293617
8.98245297074318
-3.30950781702995
-6.88777015805244
2.55670418143272
3.53085730075836
2
7
8.78899198174476
-6.25796639919281
-1.73419860601426
-14.787069106102
3.0308839559555
-4.60077242255211
6.27166666984558
7
4.5871944308281
-2.40517752170563
3.75376971364021
-0.791011035442347
3.26077263355255
-0.99309031367302
6.52246706485748
|Explorer2Genome 30
3
6
8
-6.04433893561363
-1.75128293037414
-9.87354831695557
4.96815188527108
-8.61626749038696
-5.44230716824532
2.52495413422584
-2.18420156240463
8
8.8703721523285
6.78592212796211
-8.16990314126014
-1.0901420891285
1.8174024105072
-4.13164756298065
-2.97544992566109
0.785383343696593
8
10.6033215284348
8.42273339629173
-1.79105198979378
0.638006192445755
-1.01473661065102
2.01588846445084
1.07066972851753
-7.89968308806418
8
13.1540882349014
-0.960332244634629
0.619240981340409
-7.77910655140877
0.555521911382675
-0.970319986343383
-2.51920465230942
-5.02903587222099
8
-4.61619225740433
6.68504752516747
3.37413402795792
13.561269724369
-0.549647766351701
-9.86080855727196
-4.41891303062439
0.489618533849717
8
4.76564078330994
3.82528747916222
6.92737449407578
9.55752990841865
3.79256845712662
2.47004595994949
2.35564407706261
-2.53908645510673
6
7
7.08836864233017
4.76383799314499
5.30709570050239
-5.63709053397179
11.6354346871376
6.75746341347696
-9.57114046216011
7
1.50608137845993
4.09593809843063
-5.35495831370354
5.33045920133591
4.83829690217972
2.66979890465736
4.94326501488686
7
2.74451628923416
-2.39730948209763
-1.83195281624794
-2.00372215509415
2.24274981617928
2.00614987611771
12.8156894266605
7
0.432799512147902
-0.255311679840088
11.7109919905663
0.520518404245376
-8.36112453937531
-5.7832662165165
5.31766216158868
7
-6.02102051973343
-15.5208239376545
-1.41765856742859
6.64803929924965
3.68835956454277
-18.7335197746754
-2.11886405944824
7
8.13724129199981
1.76742708683014
8.11206271648408
-4.26007405519486
-7.69689520001411
0.70924748182296
1.89286560416222
2
7
8.48043680787086
-6.45681715011596
-0.756776803731923
-15.7432756900787
2.83377113342285
-5.17844741344452
7.74902737736702
7
6.62800236940385
-3.38597912192344
4.4330828666687
-3.7048140823841
0.323676156997682
-4.91088551878929
7.79946917295456
|Explorer2Genome 30
3
6
8
-6.44810203313827
-2.17662196755409
-9.92470433712005
3.91831646561623
-9.880033826828
-5.1756895840168
2.34828407168388
-2.63808313012123
8
8.26764096617699
4.87448635697365
-6.9802061855793
-1.18722738027573
1.81395859718323
-4.40861840248108
-1.83865714669228
0.800349515676497
8
11.8771770298481
8.78318836688996
-1.55423410534859
-1.17728159427643
-0.956855702400208
1.51647410988808
1.66860685944557
-8.34288252592086
8
13.2009867668152
-0.603419274091721
1.14471991658211
-7.57912285327911
1.08196535110474
-1.42076895236969
-2.57064284086227
-4.14935435652732
8
-4.86583124399185
7.38339712023735
3.38272932767868
12.9986607193947
-1.52947486639023
-9.22096130251885
-5.08325564861298
0.173538440465928
8
4.43827137947082
2.90855035185814
6.46849259138107
10.224537551403
3.30272642374039
2.47004595994949
1.87120372653008
-1.64890242815018
6
7
7.71450254917144
5.36542654037475
2.76256683468819
-4.99447246789932
14.7264776587486
7.57287494540216
-9.5677778840065
7
1.99619762301445
4.23828770518303
-4.75631472468376
5.83033087253571
4.454091578722
1.83954751491547
3.40588541030884
7
3.29249200224876
-3.2481109559536
-3.87334325909614
-2.34037073254586
3.37178641557694
3.10447053313255
16.1648424088955
7
0.0930955052375781
-0.0575756013393401
12.0951206564903
-0.0809543251991273
-8.08180115222931
-6.20069482922554
5.24694555997849
7
-5.29029464125634
-14.8972634136677
-0.713745051622391
4.52348485589028
3.30646480321884
-19.3083212435246
-2.7186441719532
7
7.03978700637817
2.54003358483315
9.25089771151543
-4.66883031725884
-7.53974786400795
0.858185040950767
3.06786341071129
2
7
8.4931124985218
-6.25796639919281
-1.62764329314232
-14.8536744356155
2.12362897396088
-5.41788527965546
6.88869460225105
7
7.61083656549455
-2.90641438364982
3.65589091777801
-2.83779631257057
-0.63307852745056
-4.03473552465439
8.86117218732834
|Explorer2Genome 30
3
6
8
-6.44810203313827
-2.17662196755409
-9.92470433712005
3.91831646561623
-9.880033826828
-5.1756895840168
2.34828407168388
-2.63808313012123
8
8.26764096617699
4.87448635697365
-6.9802061855793
-1.18722738027573
1.81395859718323
-4.40861840248108
-1.83865714669228
0.800349515676497
8
11.8771770298481
8.78318836688996
-1.55423410534859
-1.17728159427643
-0.956855702400208
1.51647410988808
1.66860685944557
-8.34288252592086
8
13.2009867668152
-0.603419274091721
1.14471991658211
-7.57912285327911
1.08196535110474
-1.42076895236969
-2.57064284086227
-4.14935435652732
8
-4.86583124399185
7.38339712023735
3.38272932767868
12.9986607193947
-1.52947486639023
-9.22096130251885
-5.08325564861298
0.173538440465928
8
4.43827137947082
2.90855035185814
6.46849259138107
10.224537551403
3.30272642374039
2.47004595994949
1.87120372653008
-1.64890242815018
6
7
7.71450254917144
5.36542654037475
2.76256683468819
-4.99447246789932
14.7264776587486
7.57287494540216
-9.5677778840065
7
1.99619762301445
4.23828770518303
-4.75631472468376
5.83033087253571
4.454091578722
1.83954751491547
3.40588541030884
7
3.29249200224876
-3.2481109559536
-3.87334325909614
-2.34037073254586
3.37178641557694
3.10447053313255
16.1648424088955
7
0.0930955052375781
-0.0575756013393401
12.0951206564903
-0.0809543251991273
-8.08180115222931
-6.20069482922554
5.24694555997849
7
-5.29029464125634
-14.8972634136677
-0.713745051622391
4.52348485589028
3.30646480321884
-19.3083212435246
-2.7186441719532
7
7.03978700637817
2.54003358483315
9.25089771151543
-4.66883031725884
-7.53974786400795
0.858185040950767
3.06786341071129
2
7
8.4931124985218
-6.25796639919281
-1.62764329314232
-14.8536744356155
2.12362897396088
-5.41788527965546
6.88869460225105
7
7.61083656549455
-2.90641438364982
3.65589091777801
-2.83779631257057
-0.63307852745056
-4.03473552465439
8.86117218732834
|Explorer2Genome 30
3
6
8
-6.0924142062664
-1.75128293037414
-9.51070294380188
4.96815188527108
-9.00220003128051
-5.98349326252938
2.52495413422584
-2.18420156240463
8
8.40586356520653
6.0088878929615
-8.3039999127388
-0.66124908924103
2.26876397132874
-3.45287927389145
-3.41699045300484
0.756557250022887
8
9.87057549953462
9.21680858135224
-2.89826720952988
-0.892495656013488
-0.89260106086731
1.19551718831063
2.33949061632156
-6.91327887177466
8
12.0583577156067
-0.402356863021851
2.78707168698311
-7.51573574542999
-1.02225530147552
-2.18819279670715
-1.06250339150429
-3.3313407421112
8
-5.54998989701271
5.37312146425247
3.51193478703499
12.655618917942
-2.98166987299919
-9.95276691317559
-5.08744039535523
0.89113274216652
8
4.53755740523338
5.72734903693199
7.88277394771576
9.68972576260567
2.39292225241661
2.25104178786278
3.13274449110031
-1.63514598608017
6
7
7.66779613494873
5.41640789508819
2.70776858925819
-5.24235743284225
14.3887512087822
7.41755532026292
-9.55585807561875
7
1.51684869527817
3.18573061227798
-6.37473037242889
6.53804956674576
3.22926950454712
2.55966945886612
4.36893734931946
7
2.95697454810142
-3.11407324671745
-5.01097759008407
-1.56176373958588
2.780449539423
4.3170196056366
16.1553399503231
7
0.213642150163649
-0.920724481344223
11.9452984511852
1.64082171320915
-8.26097401976586
-8.27453107833863
5.7642297744751
7
-6.97794908285141
-14.7604625999928
-0.252113044261933
5.08341360092164
3.75575838088989
-15.9334712862968
-2.25318885445595
7
8.06036553382873
2.3070075750351
8.11206271648408
-4.98128207921982
-7.57683745026588
0.70924748182296
1.89286560416222
2
7
8.82266598939895
-6.62177382707596
-1.42542878389359
-16.0230284810066
2.05586827397346
-5.72891893982888
6.31852977871894
7
5.20621259808541
-1.85188086032867
5.02376649975776
-1.30310975313186
4.69837284684181
-0.485868084430695
6.51166434288025
|Explorer2Genome 30
3
6
8
-7.72093116044998
-1.31581234931946
-8.91386930942535
5.01386981606484
-9.01158912181854
-5.10472380518913
2.20665335059166
-2.147103536129
8
9.5385448396206
6.40779050588607
-7.87676680684089
-1.32630077600479
1.8174024105072
-4.65163168907166
-1.78386490941048
1.08750631213188
8
11.8008619427681
8.23380501270295
-0.431879407167434
-1.09296982288361
-1.36068828701973
1.1802447617054
2.00188491940498
-8.55116018652915
8
14.1052435398102
-0.496854966878892
1.04455986618996
-8.16970434784889
0.799000257253647
-2.61590299606323
-2.0856928884983
-4.57074248194694
8
-6.22967296242714
5.75152822732926
3.2161751806736
13.4496964097023
-1.6260182261467
-9.45536698698998
-5.24706795215607
0.418293374776841
8
3.16122603416443
3.59927060008049
6.93760386705399
10.5480719685554
3.0869796693325
2.60063856840134
2.58015047907829
-1.13730909228325
6
7
6.8694190621376
4.62072232961655
5.13488193154335
-4.78550061583519
11.2763032972813
7.11508327126504
-9.74050974845887
7
0.829196178913115
3.59968706965446
-6.07352125048637
5.60562698841095
3.75833721756935
2.90704817771912
4.2025094807148
7
2.81698176264763
-3.67133550047874
-4.40523925423622
-1.42607956528664
2.780449539423
3.26128320097923
15.5890664041042
7
0.113734620809554
-1.22927141189575
12.6103916764259
-0.0413706243038179
-7.69774622917175
-5.41902496814728
5.33315488696099
7
-7.50165802836418
-14.6392625868321
-0.500664484500886
6.15071156024933
3.02751615643502
-16.5308604061604
-2.60685724616051
7
7.18107368946075
1.17665960788727
8.36060537695885
-4.43849157691002
-7.20352595448494
0.17361356019973
3.59944068789482
2
7
9.55115696191787
-7.19422317743301
0.0632792770862535
-14.2426507711411
2.60465823411941
-6.03439608216286
5.78888396024704
7
6.12416347861291
-2.809207624197
3.91870799064636
-3.12839057445525
-0.211288499832152
-4.91088551878929
7.79946917295456
|Explorer2Genome 30
3
6
8
-6.51177079081535
-1.19143452644348
-10.5194003045559
5.15556669831277
-9.73975465297698
-4.69351618289948
1.89768195152282
-3.12073460817337
8
9.03259855508805
4.59472616314888
-9.05596756339073
-2.03483741879463
2.07344551086426
-5.27149578928948
-3.71397650837898
2.06199797987938
8
11.4629344701767
8.78318836688996
-2.06485732197761
-0.741954922676086
-1.67382739186287
1.8954721570015
1.62887619137764
-7.71071724295615
8
13.2016707479954
0.429764205217361
1.27535964250565
-7.64569469094277
1.01931568980217
-1.2918313741684
-2.81351014375687
-3.72157143354415
8
-6.41125629544258
6.44726363420487
2.79327457547188
13.6844336867332
0.834711492061613
-10.1023589134216
-6.30163822174073
-1.22107855081558
8
4.90346974134445
4.24832512736321
7.54605638384819
8.32979009151459
4.2143149793148
3.01366147398949
2.054765188694
-2.13587571382523
6
7
7.90364928245544
5.36542654037475
2.65661635994911
-4.59324053525925
13.8007496237755
7.41697746515275
-9.38397534489632
7
1.31249111890793
4.31195048093796
-5.76783203482628
5.97728728055954
5.47317407727241
2.85418934822082
5.2679845392704
7
2.57032762765884
-3.26943825483322
-4.91460354924202
-3.47591065168381
3.1588823914528
1.89889005422592
16.3294860541821
7
-0.364749544858934
-0.000469672679900945
13.0659813463688
1.18093155026436
-8.09953514933586
-6.07212975621224
5.57414280176163
7
-5.74873208403588
-14.3778878986836
-1.52843971848488
5.24113907814026
3.95736254453659
-18.722984290123
-3.59928062558174
7
7.36167812347412
1.47011938095093
10.0964766740799
-3.30441828966141
-5.34066455960273
0.859153389930717
3.41411576271057
2
7
9.85845273137092
-5.69841659665107
-1.77243537306786
-14.7037116467953
2.0288559794426
-5.37209108471871
7.19162276983261
7
4.69723439812661
-1.73150968551636
3.65445745587349
-0.631012260913843
3.65775773525238
-0.357372802495957
7.0445310652256
|Explorer2Genome 30
3
6
8
-6.73023979067802
-4.39264281392097
-9.62397143244743
5.80311115980149
-9.97923243045806
-5.82856245040894
1.41127910017967
-2.58686559796333
8
9.5385448396206
5.89090088009834
-6.90185692906379
-1.29654213190079
1.8174024105072
-4.28214659690857
-2.76732869148255
0.187880319356917
8
10.9255297720432
7.6706059217453
-1.09614406228065
0.26736855506897
-0.182534861564636
1.91030559539795
3.46024205088615
-8.754421544075
8
12.783570599556
1.20911129117012
2.64448009133339
-7.22633819580078
-0.660649734735489
-2.11110192537308
-0.381758868694304
-3.24139026999473
8
-5.54755194783211
5.37312146425247
3.95869353413582
12.655618917942
-2.98166987299919
-9.11779274344445
-5.08744039535523
1.11233895421028
8
4.32629961371422
5.72734903693199
7.84564588069916
10.1214438974857
3.42228061556816
1.72719892859459
3.04687385559082
-1.2423268198967
6
7
7.75500392317772
8.39452695250511
4.03617256879806
-8.22315658926964
9.72384383082391
8.53160429000856
-7.76956890225411
7
2.93843163251877
3.30053462982178
-4.00968368649483
6.68815435171127
5.6468966960907
0.972833013534546
4.23091931343079
7
2.6535836815834
-0.530604910850525
-2.19674617052078
-2.96322894692421
4.007013297081
1.39188833832741
13.8803939759731
7
-0.0702324092388165
0.516426301002503
11.7726588904858
-0.608554548025131
-7.85325706005097
-5.64046297669411
5.41737991571427
7
-5.86748406291008
-15.1840497612953
-1.01744807362557
4.70236572027207
3.42614504098892
-19.251241761446
-2.7186441719532
7
4.94538822770118
1.70576471090317
8.11916247010232
-3.86172783970833
-7.71286308765411
-0.502947360277184
4.21347665190697
2
7
7.91684854626655
-5.57690253257751
-1.25848786234856
-14.1040639817715
3.14074140787125
-5.46495804786682
5.96618409156799
7
4.5677866280079
-1.86547644138336
4.52364023327827
0.0236966311931666
3.6484112739563
-1.16999959349632
7.0445310652256
|Explorer2Genome 30
3
6
8
-7.27617167830467
-2.04831095337868
-9.43758606910705
5.26497007012368
-9.18781204223632
-4.87504031062126
2.17230970263481
-0.78611592054367
8
7.61676582694054
3.79987176060676
-7.25110253691673
-1.59404655098915
3.56943914890289
-4.74425120949745
-3.57204080224037
-0.0118594229221361
8
10.9255297720432
7.56081767082215
-1.29995976090431
-0.11616530418396
-1.1698851108551
1.91030559539795
3.72478322982788
-7.97598497867583
8
12.9220079004765
-0.0484540641307836
1.06987360715866
-6.64462478160858
0.384952819347381
-1.51113393306732
-1.78165560960769
-3.54445446133613
8
-5.23393374681473
6.69802212119103
3.22421680092812
12.9071053206921
-0.919565927982332
-10.0846574962139
-4.97976622581482
0.125592631101609
8
5.57098462581634
4.79793248176575
7.57024095058441
10.0578381896019
3.64132055044174
1.98469455242157
0.299683660268784
-2.07312241196632
6
7
7.55916690230369
5.43817132115364
3.62451029419899
-6.15934211015701
11.5002788186073
7.35679314732553
-7.38141629695893
7
1.39058345556259
3.52569023370743
-6.16529912948608
5.52591080665588
3.82400699257851
2.16867337226868
5.67590665221214
7
2.14585582017898
-2.81692470312119
-2.06311429738998
-1.93396648168564
2.25468237400056
1.81396089196205
12.5399789571762
7
0.377156424522399
-1.70118942260742
11.6413249373436
-0.251719844341278
-8.8468022108078
-5.16560678482056
6.36472898721696
7
-5.37316009402275
-14.4444821953774
-0.434835314750672
4.92856681346894
3.44944936037064
-19.2952608168125
-2.14974113106727
7
6.24152526855469
1.87609429955483
9.23605009317399
-4.6018170773983
-6.66669083237648
0.882950270175926
3.90934917926789
2
7
9.31142314076423
-7.19422317743301
-0.250837653875355
-14.2536324679852
2.45213531255722
-5.9741960823536
6.28520420789718
7
6.70066587924958
-1.94505609869957
2.80397598743438
-2.59676764607429
-0.267088675498961
-4.76475455164909
8.42846542596817
|Explorer2Genome 30
3
6
8
-6.76922525167465
-2.48129444718361
-10.3695115804672
5.03999894857407
-9.880033826828
-5.14534378647804
2.34828407168388
-2.8735345184803
8
8.48382551074028
4.60974138379097
-6.9802061855793
-0.795513427257539
1.83335912227631
-4.40861840248108
-2.17650819420815
0.874541491270064
8
11.3479570388794
7.70356284976006
-1.53191503286362
-0.555400204658508
-0.249746710062027
1.9781565785408
2.08716085553169
-7.87681249976157
8
13.2016707479954
-0.439715474843979
1.08281925320625
-7.49617491364479
0.995994347333908
-1.2918313741684
-2.19402786493301
-4.46880859732627
8
-4.48868283033371
6.75056616663933
3.36594780087471
12.8791275918484
-1.5256440281868
-10.543960827589
-5.24137973785401
-0.281744295358657
8
4.04699065685272
3.79078273773194
6.87419480085373
9.66437538266182
3.19926609396934
2.38118020892143
1.37762383818626
-1.83761770129204
6
7
8.51966695189476
4.59612702727318
5.56763761639595
-4.5288327395916
10.7865274965763
7.89394140839578
-9.39622195363045
7
2.39181744456291
3.5155997633934
-5.12235636115074
5.96573779582977
3.65377748608589
2.78569193482399
3.72987680435181
7
3.29249200224876
-3.2481109559536
-4.16586924791336
-2.34037073254586
3.37178641557694
2.86914324164391
16.1648424088955
7
-0.659663504362108
0.497935777902603
11.845492041111
0.302810794115066
-7.75364203453064
-5.74842153191567
4.43003265261651
7
-5.42716340422631
-14.3306683421135
-1.98424559235573
4.66704034805298
4.10989295840263
-19.378161406517
-3.07016220092773
7
7.03978700637817
1.95876427292824
9.44836887717248
-4.66883031725884
-6.61863995194435
0.858185040950767
3.50570933818817
2
7
8.10778635144233
-5.74619827270507
-1.90272537469864
-15.1071700274944
1.45985820293426
-5.53631660938263
6.35714729428291
7
5.35442742705346
-3.07763078212738
2.58355843424797
-1.53190425634384
0.798565357923509
-2.08843311071396
8.88045617938042
|Explorer2Genome 30
3
6
8
-6.76922525167465
-2.48129444718361
-10.3695115804672
5.03999894857407
-9.880033826828
-5.14534378647804
2.34828407168388
-2.8735345184803
8
8.48382551074028
4.60974138379097
-6.9802061855793
-0.795513427257539
1.83335912227631
-4.40861840248108
-2.17650819420815
0.874541491270064
8
11.3479570388794
7.70356284976006
-1.53191503286362
-0.555400204658508
-0.249746710062027
1.9781565785408
2.08716085553169
-7.87681249976157
8
13.2016707479954
-0.439715474843979
1.08281925320625
-7.49617491364479
0.995994347333908
-1.2918313741684
-2.19402786493301
-4.46880859732627
8
-4.48868283033371
6.75056616663933
3.36594780087471
12.8791275918484
-1.5256440281868
-10.543960827589
-5.24137973785401
-0.281744295358657
8
4.04699065685272
3.79078273773194
6.87419480085373
9.66437538266182
3.19926609396934
2.38118020892143
1.37762383818626
-1.83761770129204
6
7
8.51966695189476
4.59612702727318
5.56763761639595
-4.5288327395916
10.7865274965763
7.89394140839578
-9.39622195363045
7
2.39181744456291
3.5155997633934
-5.12235636115074
5.96573779582977
3.65377748608589
2.78569193482399
3.72987680435181
7
3.29249200224876
-3.2481109559536
-4.16586924791336
-2.34037073254586
3.37178641557694
2.86914324164391
16.1648424088955
7
-0.659663504362108
0.497935777902603
11.845492041111
0.302810794115066
-7.75364203453064
-5.74842153191567
4.43003265261651
7
-5.42716340422631
-14.3306683421135
-1.98424559235573
4.66704034805298
4.10989295840263
-19.378161406517
-3.07016220092773
7
7.03978700637817
1.95876427292824
9.44836887717248
-4.66883031725884
-6.61863995194435
0.858185040950767
3.50570933818817
2
7
8.10778635144233
-5.74619827270507
-1.90272537469864
-15.1071700274944
1.45985820293426
-5.53631660938263
6.35714729428291
7
5.35442742705346
-3.07763078212738
2.58355843424797
-1.53190425634384
0.798565357923509
-2.08843311071396
8.88045617938042
|Explorer2Genome 30
3
6
8
-6.76922525167465
-2.17662196755409
-9.80960931777954
4.30697334408761
-10.3603988647461
-5.1756895840168
2.34828407168388
-2.61477072834969
8
8.34046959280968
4.94577110409736
-6.9802061855793
-0.795513427257539
1.8501925945282
-4.40861840248108
-2.17650819420815
0.874541491270064
8
10.5976471185684
7.67761980891228
-2.06845963597298
0.907881051301957
-0.546689707040787
2.19090144038201
1.09754932522774
-8.03831774592399
8
10.9969649791717
0.0433239221572869
2.77429392933846
-7.82765655517578
-1.5047057390213
-2.08750828504562
-0.711519908905028
-3.27590012550353
8
-5.6552035689354
6.53332654833794
3.77536923289299
12.9986607193947
-1.2598497748375
-9.06574485301972
-4.8381199836731
0.604820054769517
8
4.07641370296478
2.7046061038971
6.50927146673203
9.91298955082893
2.81572345495224
2.04411853551865
1.43870260119438
-2.16251747012138
6
7
8.11710614562034
5.70984490513802
4.48114019036293
-6.59431194067001
11.5588873028755
7.44920333027841
-7.92445826530457
7
1.39058345556259
3.4118648648262
-5.2469226360321
5.93636903762817
3.60352628231049
1.81209106445313
4.62495808005333
7
3.29249200224876
-3.2481109559536
-4.16586924791336
-2.34037073254586
3.37178641557694
3.29907042980194
16.1648424088955
7
0.0887983739376056
-1.70118942260742
11.8004972159863
-0.464098781347275
-8.35576570034027
-5.16560678482056
5.84598218202592
7
-5.67016224265099
-15.1840497612953
-1.13071311116219
4.58619225621224
3.30646480321884
-19.3083212435246
-2.7186441719532
7
6.31459647417068
0.500846791267396
7.4999414741993
-3.63734623193741
-7.16125135421753
0.202135670185081
3.57755384445191
2
7
8.59137733578681
-5.33801369667053
-1.6396330177784
-14.9102452635765
1.40224256515503
-5.39132161140442
6.82655375599861
7
4.5871944308281
-2.10116193294525
3.75376971364021
-0.791011035442347
3.26077263355255
-0.99309031367302
6.52246706485748
|Explorer2Genome 30
3
6
8
-7.29992203116416
-1.62904499173164
-9.43758606910705
5.38114855885506
-8.62810883522033
-4.87510647177696
2.0773364007473
-0.955965554714203
8
8.52012802958489
6.23471816182136
-7.53333268761635
-1.44596849679947
1.8174024105072
-4.10951633453369
-2.82346374988556
1.08817564845085
8
11.6100905418396
8.28714479804039
-1.61981390118599
-1.26390500068665
-0.784904557466507
1.62036650776863
2.69162741303444
-7.87681249976157
8
13.3154572248459
-0.0292653977870946
1.19329457879067
-7.61201596260071
0.139377039670944
-1.22524051070213
-3.09104532003403
-4.46880859732627
8
-5.10488630533219
6.97670692801476
2.91260097622871
13.5169395148754
0.0345629096031175
-10.0263826608658
-4.8381199836731
0.415810078382493
8
4.97623547911644
5.72734903693199
7.55268785953522
9.68972576260567
2.39292225241661
2.80608152747154
2.67964779138565
-1.85170217752457
6
7
7.62068676352501
5.56062308549881
4.71126628518104
-5.99160591363907
11.9005551159382
7.40910144448282
-8.5772598028183
7
3.11146678328514
2.44337809085846
-5.26729290485382
7.79485437273979
5.10570652484894
1.64382838606834
4.79813309907913
7
2.58039613962173
-1.6737543463707
-0.838775432109831
-1.80472050309182
3.4286649465561
1.64391248822212
12.8808126032352
7
0.479078274965285
-0.339675879478454
12.0951206564903
-0.868390649557114
-6.60162634253502
-6.19228621125221
5.30111294984818
7
-4.98090506792069
-14.1739866375923
-0.474257636070252
6.22852421402932
3.12805890440941
-19.3937696278095
-2.7186441719532
7
6.26759331822395
2.61927594542503
8.01265538334847
-2.62215717434883
-7.35684023499488
1.71225180029868
3.04431958794594
2
7
9.12661834955215
-6.25796639919281
-1.74984595179558
-15.0407380580902
2.07310402393341
-5.26668622493744
6.55871860980987
7
5.46629503369332
-1.90544943809509
4.67720471024513
-0.264613568782801
3.55746151804924
-0.729369014501572
6.61258113384247
|Explorer2Genome 30
3
6
8
-8.03217195868491
-3.43417729139328
-8.28563939929009
6.24661304354668
-9.4748596727848
-5.05401215553284
2.96239358186722
-2.41149445772171
8
7.50460335612297
5.03685590028763
-7.86128643751144
-1.28182697892189
3.56943914890289
-5.02261829972267
-3.49445379376412
-0.308322554826738
8
11.4629344701767
8.31464564800263
-2.19113150238991
-0.741954922676086
-1.87992725968361
1.62036650776863
1.88402515053749
-7.81769525408744
8
13.4706117153168
-0.940964549779892
0.672100293636323
-7.2552867949009
0.630272769927978
-1.83934061527252
-1.78165560960769
-4.53931173086166
8
-6.4147552549839
6.44726363420487
2.83318162560463
13.252269589901
0.834711492061613
-9.73041963577271
-6.30163822174073
-0.61373546719551
8
4.78121011257172
3.82528747916222
6.81705945730209
10.2778498709202
4.08839792609215
2.47004595994949
1.62028407454491
-2.07048708796501
6
7
7.66057652235031
7.633973300457
3.90647495985031
-7.25454627275467
9.16171935796739
8.47628304958345
-8.58395221829415
7
1.33139954805374
3.52705072164535
-5.52139739394188
5.77184932827949
4.01577120423317
1.46054258346558
4.82876358628273
7
2.14585582017898
-3.20232516527176
-2.06311429738998
-1.6235092997551
1.90808761119843
2.38511505723
12.2461860895157
7
-0.0079320609569562
-0.000469672679900945
13.1537836372852
1.18093155026436
-7.9147509932518
-6.49457982182503
5.83988512754441
7
-6.18296679258347
-14.9276506960392
-1.41765856742859
6.30849323868752
4.13585066199303
-17.7100178539753
-2.18206784725189
7
7.36167812347412
1.47011938095093
10.0293704509735
-3.30091897249222
-5.13483548760414
-0.266631513834007
3.3825709104538
2
7
7.88888741135597
-6.13414325714111
-0.876439660787587
-15.3698934555054
3.27961478233337
-5.17844741344452
7.37462146878242
7
4.2998751461506
-1.85188086032867
4.70221591591835
-1.89097715616226
3.83814943432808
-0.966040146350861
6.64347660541534
|Explorer2Genome 30
3
6
8
-6.82951258420944
-2.17662196755409
-9.2006844997406
4.28310025334359
-9.32416467666625
-5.37031555175782
2.21044206023216
-2.41101139187813
8
9.04847106337548
6.48655024766922
-8.14312911629677
-1.46062723398209
1.99625437855721
-4.75720036029816
-2.62855189442635
0.646745842695235
8
11.9000046491623
8.50966643691064
-2.34483700990677
-0.60719244480133
-1.32145708203316
1.7561527132988
2.0233089029789
-7.75445591807364
8
13.2009867668152
-0.431095498800278
1.11796484589577
-7.00565090179443
1.26441466212273
-0.970319986343383
-2.5665793299675
-4.46880859732627
8
-5.0271447300911
6.96570999622345
3.22421680092812
12.6267627835274
-1.25410577058792
-9.79654461741448
-4.8381199836731
0.583861756324769
8
4.48309304118156
5.72734903693199
7.79383454322815
9.68972576260567
2.55452311038971
2.08008558154106
1.80992370843887
-1.20106385946274
6
7
7.61034196615219
7.24705055952072
4.16433209180832
-9.45980200171471
9.72384383082391
8.51669106483461
-9.0369495689869
7
2.97874671816826
3.5155997633934
-5.56348325610161
5.87160363197327
3.54555729031563
2.56192591190338
3.72987680435181
7
3.2597169816494
-3.67133550047874
-4.75095080137253
-1.42607956528664
2.7973834335804
2.83781475424767
15.8141832590103
7
0.328617256879805
-1.11833953857422
11.7863922476768
0.472707760334015
-7.07863237857819
-6.02148408889771
4.53226166963578
7
-4.57834388613701
-15.1840497612953
-0.271670371294022
4.5291244328022
3.43722327947617
-19.0420228242874
-2.81907759308815
7
6.70807689428329
2.36528745293617
8.98245297074318
-3.30950781702995
-6.88777015805244
2.55670418143272
3.53085730075836
2
7
8.78899198174476
-6.25796639919281
-1.73419860601426
-14.787069106102
3.0308839559555
-4.60077242255211
6.27166666984558
7
4.5871944308281
-2.92766468524933
3.75376971364021
-0.791011035442347
3.26077263355255
-0.99309031367302
6.52246706485748
|Explorer2Genome 30
3
6
8
-6.90555492639541
-1.67309181690216
-9.30846967697143
4.75721644163132
-10.073534321785
-4.72401382923126
2.37047881484031
-1.85293422937393
8
6.6350004374981
4.29129086136818
-7.83584856390953
-1.56196659803391
2.97237462997437
-4.93334946632385
-3.7072371006012
1.2814325094223
8
12.0020329475403
8.36673800945283
-2.64863866567612
-1.21196813583374
-0.255269914865494
1.2566153883934
2.60065952539444
-7.6660548865795
8
13.1830618679523
0.0866784155368799
1.08281925320625
-7.35659454464913
0.641987246274948
-1.60505166053772
-1.99213713407516
-4.88788852095603
8
-5.51332458257675
7.45757700800896
3.22421680092812
12.7860088765621
-0.65243035554886
-10.1630793511868
-4.8381199836731
-0.282487231492996
8
4.70205932259559
5.64750711321831
7.931686013937
8.77605888843536
3.58664667010307
4.0185562312603
0.724517977237702
-2.53819576501846
6
7
7.55934280157089
7.05317105054855
4.16433209180832
-7.94771289229393
9.19969684481622
8.51669106483461
-8.76906707286835
7
0.829196178913115
3.59968706965446
-6.07352125048637
5.60562698841095
3.75833721756935
2.92815358638763
3.86241405010223
7
3.06723424196243
-3.26943825483322
-4.94671466946602
-2.91965419054032
3.94700080156327
0.481522262096405
16.5293262898922
7
0.904447585344313
-0.707896327972412
12.3398452460766
-0.347881096601486
-8.396479845047
-6.1782019674778
4.23461505770684
7
-4.98090506792069
-14.1739866375923
-0.854819750785828
5.59107401371003
3.12805890440941
-18.8265543937683
-2.7186441719532
7
6.19826014637947
2.1010135114193
8.88331943750382
-4.50324162244797
-6.75337405204773
1.98568605780601
2.8497072994709
2
7
8.4931124985218
-6.25796639919281
-0.796077674627309
-14.9924625873566
2.53207905292511
-4.83137078285218
6.28589308857917
7
5.13367184400559
-2.89006512165069
5.3376494705677
-1.64986251592636
4.12081885933876
-0.485868084430695
6.33018772602081
|Explorer2Genome 30
3
6
8
-7.72093116044998
-0.821899652481078
-8.83879413604736
5.01386981606484
-9.08476021289825
-4.9013869702816
2.38002882003784
-1.76290820837021
8
7.50460335612297
4.70454665422439
-8.0846188724041
-1.28182697892189
3.56943914890289
-5.01312049031258
-3.49445379376412
-0.308322554826738
8
11.1232897043228
8.7391310274601
-1.45376890897751
0.372894668579102
-0.569657927751541
1.57962462902069
1.48337529301643
-7.27347037792205
8
13.2009867668152
-0.305599230527878
0.863331228494645
-7.46040361523628
-0.0416177093982699
-0.970319986343383
-3.09678753614426
-5.59152907729148
8
-5.09835775494576
6.70994099974632
2.42710312008858
12.9986607193947
-1.22565726041794
-9.85944256186485
-4.39468088150025
-0.516009575128555
8
4.78121011257172
3.82528747916222
6.81705945730209
10.2778498709202
3.79256845712662
2.47004595994949
1.62028407454491
-2.07048708796501
6
7
7.75500392317772
7.71044692397118
4.32410182356834
-8.22315658926964
9.72384383082391
8.5175381422043
-7.76956890225411
7
1.33139954805374
3.68274565935135
-5.52139739394188
5.77184932827949
4.01577120423317
1.46054258346558
4.82876358628273
7
2.14585582017898
-3.20232516527176
-2.06311429738998
-1.6235092997551
1.90808761119843
2.38511505723
12.2461860895157
7
-0.659663504362108
-0.207989501953125
12.3964453101158
0.410574299097061
-7.66585304737091
-6.93097851872444
5.3569732606411
7
-5.67529643774033
-14.9276506960392
-1.41765856742859
6.30849323868752
4.13585066199303
-17.7100178539753
-2.18206784725189
7
5.72618635296821
1.5159968495369
8.40400212407113
-3.86172783970833
-7.47359969019889
-0.223073583841332
4.21347665190697
2
7
7.88888741135597
-6.13414325714111
-0.876439660787587
-15.3698934555054
3.27961478233337
-5.17844741344452
7.37462146878242
7
5.35442742705346
-2.04264965057373
2.58355843424797
-1.64078792333602
0.798565357923509
-1.8977898478508
8.47463403940201
|Explorer2Genome 30
3
6
8
-8.91513521075248
-1.53136995434761
-8.60617001056671
5.63924751877785
-9.95283477306365
-4.92003474235535
2.5482839167118
-1.10014010071754
8
8.98323614597321
6.11591489911079
-8.23374141454696
-0.711056888103487
2.06887043118477
-3.50617923736572
-3.62141376137734
0.535206931829451
8
10.8471672654152
7.44506039619446
-0.454776620864867
0.271894031763077
-0.642846703529358
1.3563524723053
3.05581042170524
-7.67168330550193
8
11.7853449583054
0.0433239221572869
2.77429392933846
-7.59878880977631
-1.42488055229187
-2.1111018538475
-0.598966962099074
-3.19470100402831
8
-6.41125629544258
6.31322728395462
3.58017211556435
13.4264789938927
0.569505554437636
-10.2257974624634
-6.44829947948456
-0.848197710514068
8
4.03295778632164
6.60606281161308
7.52212204933166
10.13605235219
2.94220446944237
2.42904354929924
2.56651722192764
-1.20106385946274
6
7
7.92426538467407
6.06456545591354
5.07368136048317
-6.18876701593399
9.2749223291874
7.45727756619455
-8.65460521578789
7
1.36927341222763
3.48221046328545
-6.23345677852631
6.30175819993019
2.94378139972687
2.17203063964844
3.94866296648979
7
4.08575224280357
-2.92735684514046
-5.41503020524978
-1.64538890123368
5.67567140460015
3.42078276276588
17.4001487910748
7
-0.0702324092388165
-0.339675879478454
12.4288853049278
0.0985466301441191
-7.8704021692276
-6.12792041897774
5.63138577342034
7
-7.25665189623833
-13.9211166083813
0.43794058561325
7.22540631890297
4.34603955745697
-16.7894222617149
-3.41250289082527
7
6.31459647417068
0.975965714454651
6.92970097661019
-4.06600920557976
-7.21297121047973
-0.107035052776345
3.57755384445191
2
7
7.53660563230514
-7.0395043849945
-1.74984595179558
-15.1283730506897
2.0207239151001
-5.86897811889649
7.25804023742676
7
5.13367184400559
-1.91946637630462
4.92764363884925
-1.11500428915023
4.03285484910011
-0.788033449649811
6.46770315170288
|Explorer2Genome 30
3
6
8
-8.91513521075248
-2.26188209652901
-8.60617001056671
5.63924751877785
-10.1022524833679
-4.92003474235535
2.5482839167118
-1.1852680504322
8
8.98323614597321
6.11591489911079
-8.23374141454696
-0.711056888103487
1.8174024105072
-3.50617923736572
-3.62141376137734
0.535206931829451
8
10.8471672654152
7.44506039619446
-0.454776620864867
0.271894031763077
-0.642846703529358
1.32404344081879
3.05581042170524
-7.67168330550193
8
11.2158752202988
0.0433239221572869
2.77429392933846
-7.68988313674927
-1.42488055229187
-2.56075209379196
-0.598966962099074
-3.19470100402831
8
-6.41125629544258
6.31322728395462
3.58017211556435
13.4264789938927
0.569505554437636
-10.5932549476624
-6.30163822174073
-0.848197710514068
8
3.60445093512535
6.68823267817497
7.52212204933166
9.65758302807808
2.74212448000908
2.55093793272972
2.56651722192764
-1.20106385946274
6
7
7.92426538467407
5.83880944848061
5.24266431927681
-6.18876701593399
9.2749223291874
7.45727756619455
-8.69901751875878
7
0.634707129001616
3.48221046328545
-6.23345677852631
6.42972167134285
2.49781000614166
2.17203063964844
3.48692433238029
7
4.08575224280357
-2.92735684514046
-4.93654028177261
-1.64538890123368
5.76345366835595
3.01915836930275
17.4001487910748
7
0.0560113012790668
-0.339675879478454
12.4288853049278
0.0985466301441191
-7.8704021692276
-6.12792041897774
5.63138577342034
7
-7.25665189623833
-13.6240818440914
0.43794058561325
6.76356425881386
4.34603955745697
-16.721252310276
-3.41250289082527
7
6.31459647417068
0.500846791267396
6.92970097661019
-4.06600920557976
-7.21297121047973
-0.0175421833992084
3.57755384445191
2
7
7.29149185419082
-7.0395043849945
-1.90548724532128
-15.1283730506897
2.0207239151001
-5.86897811889649
7.60657963752746
7
5.13367184400559
-1.91946637630462
4.83341735005378
-1.11500428915023
4.03285484910011
-0.788033449649811
6.46770315170288
|Explorer2Genome 30
3
6
8
-7.72093116044998
-1.81012487411499
-8.91386930942535
4.42359228730202
-9.95131685733794
-4.23025845289231
2.11297745108604
-1.28440254926681
8
7.91242629885674
4.77127802968025
-8.02527839541435
-1.36878955960274
3.67607362270355
-4.45762055516243
-3.64907892346382
-0.318118911981584
8
11.4484232187271
8.52410686016083
-1.45376890897751
-0.0444178581237791
-0.244898492097855
1.57962462902069
1.88299039006233
-6.91283371448516
8
11.7853449583054
0.0433239221572869
2.77429392933846
-8.04269282817841
-1.0871621131897
-2.66568903326988
0.2015930891037
-3.59001891613006
8
-5.35275024175644
6.53332654833794
3.26239096522331
13.7195992350578
-1.2598497748375
-9.03229613304138
-5.31330800056458
0.540910524129868
8
2.94402039051056
3.59927060008049
6.93760386705399
10.5480719685554
3.0869796693325
2.60063856840134
2.58015047907829
-1.31364244818687
6
7
7.17502452135086
4.4367222905159
5.66722108125686
-5.1157226741314
11.8858926415444
7.67371359467508
-10.2340152323246
7
1.3875475525856
4.04461790919304
-6.57592281699181
5.65741456151009
3.75833721756935
2.30811033248901
4.2025094807148
7
4.42710067629814
-2.481737357378
-4.39865552186966
-1.57939039468766
4.35334543585778
4.44796767830849
17.9899881541729
7
-0.65406512618065
-0.625007575750351
11.1817493617535
0.960968381166458
-8.07704743742943
-7.91039745807648
5.98423628807068
7
-7.8009754061699
-14.3922210514546
-0.253329211473466
6.22126524448395
4.73131663799286
-16.8979709923267
-2.81000908017158
7
7.18107368946075
1.17665960788727
8.48194515109063
-4.45524894595146
-6.64639959931373
-0.342171800136574
3.59944068789482
2
7
7.34784814119339
-8.03958505988121
-1.12063578367234
-15.4429754972458
2.23371806144714
-5.5756510257721
7.21428489685058
7
6.74657937884332
-4.13831341266632
2.96883859038353
-2.01202694773673
1.14782257080078
-3.24117364287376
6.60466704368591
|Explorer2Genome 30
3
6
8
-6.6414907157421
-2.00103812813759
-9.298078083992
5.37025271058083
-10.1168137311935
-6.16441183686257
2.22349504828453
-1.43975087404251
8
7.91242629885674
4.69472971558571
-7.58011881709099
-0.812736088037493
3.53619928359986
-4.16041670441628
-3.51020951867104
-0.318118911981584
8
12.5220032691956
8.02414469122887
-2.18907979130745
-0.252056813240051
-0.648574024438858
1.317948782444
1.89783516526222
-7.54233502745627
8
11.7853449583054
0.0433239221572869
2.77429392933846
-7.82765655517578
-1.02656779289246
-1.70226473212242
0.119960737228395
-3.19544672966003
8
-5.6552035689354
6.53332654833794
3.77536923289299
13.5842627644539
-1.55221163034439
-9.03229613304138
-4.8381199836731
0.540910524129868
8
4.70205932259559
5.39964938163757
7.81256296038628
8.42331492900848
3.4106891810894
4.86617712378502
0.152414739131928
-2.53819576501846
6
7
7.78035757541656
5.02645851373673
4.04991121888161
-6.91246734857559
11.7738300919533
7.44920333027841
-7.88869597911835
7
1.33139954805374
3.62930389642715
-5.09116556048393
5.173463088274
4.01577120423317
1.93882257938385
4.50723038315773
7
2.80407361388206
-3.60366481542587
-4.26957619786262
-3.90032788515091
3.94700080156327
-0.477365601062775
16.9772032499313
7
-0.65406512618065
-0.649397295713425
11.8949824273586
0.960968381166458
-7.74976028800011
-8.16734934449196
5.98423628807068
7
-8.37745708227158
-14.7604625999928
0.310924309492111
5.74925954341889
4.41324298381806
-16.6519838869572
-2.33991032242775
7
6.31459647417068
0.987978005409241
7.4999414741993
-3.36622169613838
-8.00517745018005
0.202135670185081
3.50201246738434
2
7
7.34784814119339
-8.03958505988121
-1.03788233995438
-15.5896287441254
2.33770515918732
-5.63430256843567
7.15903825759887
7
5.96898960471154
-3.1754330098629
4.11576804518699
-1.43977899551391
0.885793495178224
-4.73881730437279
8.30667461156845
|Explorer2Genome 30
3
6
8
-6.6414907157421
-2.00103812813759
-9.298078083992
5.37025271058083
-10.1168137311935
-6.16441183686257
2.22349504828453
-1.43975087404251
8
7.91242629885674
4.69472971558571
-7.58011881709099
-0.812736088037493
3.53619928359986
-4.16041670441628
-3.51020951867104
-0.318118911981584
8
12.5220032691956
8.02414469122887
-2.18907979130745
-0.252056813240051
-0.648574024438858
1.317948782444
1.89783516526222
-7.54233502745627
8
11.7853449583054
0.0433239221572869
2.77429392933846
-7.82765655517578
-1.02656779289246
-1.70226473212242
0.119960737228395
-3.19544672966003
8
-5.6552035689354
6.53332654833794
3.77536923289299
13.5842627644539
-1.55221163034439
-9.03229613304138
-4.8381199836731
0.540910524129868
8
4.70205932259559
5.39964938163757
7.81256296038628
8.42331492900848
3.4106891810894
4.86617712378502
0.152414739131928
-2.53819576501846
6
7
7.78035757541656
5.02645851373673
4.04991121888161
-6.91246734857559
11.7738300919533
7.44920333027841
-7.88869597911835
7
1.33139954805374
3.62930389642715
-5.09116556048393
5.173463088274
4.01577120423317
1.93882257938385
4.50723038315773
7
2.80407361388206
-3.60366481542587
-4.26957619786262
-3.90032788515091
3.94700080156327
-0.477365601062775
16.9772032499313
7
-0.65406512618065
-0.649397295713425
11.8949824273586
0.960968381166458
-7.74976028800011
-8.16734934449196
5.98423628807068
7
-8.37745708227158
-14.7604625999928
0.310924309492111
5.74925954341889
4.41324298381806
-16.6519838869572
-2.33991032242775
7
6.31459647417068
0.987978005409241
7.4999414741993
-3.36622169613838
-8.00517745018005
0.202135670185081
3.50201246738434
2
7
7.34784814119339
-8.03958505988121
-1.03788233995438
-15.5896287441254
2.33770515918732
-5.63430256843567
7.15903825759887
7
5.96898960471154
-3.1754330098629
4.11576804518699
-1.43977899551391
0.885793495178224
-4.73881730437279
8.30667461156845
|Explorer2Genome 30
3
6
8
-6.98965403437614
-2.22280037999153
-9.2006844997406
4.39276617765427
-9.32416467666625
-5.73536332249642
2.39204871058464
-2.41101139187813
8
7.32265316843987
4.1827940762043
-7.97662197947502
-1.28182697892189
3.56943914890289
-4.16041670441628
-3.3255666077137
-0.318118911981584
8
11.4124947071076
8.50966643691064
-1.26486250162125
-1.26390500068665
-0.648574024438858
1.66514062285424
2.10504646897316
-8.40830830931662
8
13.2016707479954
0.622089248895645
1.27535964250565
-7.77910655140877
0.505878227949142
-1.2918313741684
-2.81351014375687
-4.01806351542472
8
-4.52322767972946
6.79241821169853
3.99548462629318
12.1325287938118
-0.369581615924837
-9.49281775951386
-4.8381199836731
0.0171671569347389
8
4.70205932259559
5.19667040705681
7.81256296038628
8.77605888843536
3.44111108183861
4.06123611330986
0.682947385311127
-2.53819576501846
6
7
7.9025257050991
5.30234652757645
4.43470033407211
-6.48515910506249
9.88300278782846
7.55781491398813
-9.70544748306275
7
1.33139954805374
3.25518337488174
-4.76337066888809
5.77184932827949
4.01577120423317
1.93882257938385
4.50723038315773
7
3.21314975619316
-3.67133550047874
-4.6609065413475
-1.19412034153939
2.59994295239449
3.26128320097923
15.5890664041042
7
0.475253480672835
-1.30547354221344
12.0545423388481
-0.23165363073349
-8.34961793422699
-5.68745315074921
5.5370815217495
7
-5.44986869692803
-15.6618049025536
-1.25674317479134
4.40445694923401
4.14672226309776
-19.378161406517
-2.7186441719532
7
5.85221427083015
1.97816263437271
8.91552813649178
-3.41367326378822
-8.63281142711639
-2.06999321579934
2.80293540358544
2
7
9.00706236958503
-6.21812529563903
-1.29488973021508
-14.4333986759186
2.53207905292511
-4.3690265417099
6.60223060250282
7
5.75288702845574
-2.93645812869072
4.11576804518699
-1.01872568130493
0.581564188003541
-4.73881730437279
7.72948576211929
|Explorer2Genome 30
3
6
8
-6.98965403437614
-1.63312087655067
-8.65783529281616
5.09567497372628
-10.0731789827347
-5.40255783200264
2.03077539801597
-2.14465959668159
8
9.20054678916932
6.88654414415359
-8.35791147351265
-1.36114826798439
1.8174024105072
-4.41450917720795
-2.56634181141853
1.33634440898895
8
11.4493323624134
8.85133609175682
-1.25830669999123
0.873241806030274
-0.611189842224121
1.38311439156533
0.132197195291518
-8.46795706152915
8
11.6152089893818
-0.686660236120225
0.487114077806474
-7.08686230778694
0.605630135536193
-1.10094921588898
-1.43831354379654
-4.32845110297202
8
-5.89057799577713
6.83361100554466
2.64645531773567
13.8365424573421
-1.47520145773888
-9.99963209629059
-4.02708143591881
-1.09858322739601
8
4.97623547911644
5.35866896510124
7.55268785953522
9.68972576260567
2.39292225241661
2.25104178786278
2.67964779138565
-2.76321073174477
6
7
7.7039114177227
3.61805194616318
5.134569221735
-5.88418177962303
11.0446701586247
7.1339442074299
-8.87907932400704
7
1.3359594464302
3.03978396654129
-5.38169326782227
5.45881159305573
3.60352628231049
1.81209106445313
4.82811152338982
7
1.85071376562118
-2.39730948209763
-2.29602838754654
-1.83964813947678
2.02129321098328
1.77954528927803
12.5976911365986
7
-0.344200676679613
0.0546288549900057
12.8463829934597
0.980386143922806
-8.07742645144463
-8.50878167748451
5.82991099357606
7
-4.97357255220413
-15.4759181618691
-0.71796470284462
4.49398550987244
3.32569144964218
-19.1519491016865
-2.50470724701881
7
7.97860740423202
1.82022204399109
8.4020494222641
-4.90357782244682
-7.69689520001411
0.373609435558311
2.44825052618981
2
7
7.97204910516738
-5.06478049755096
-1.62209879159928
-15.6587964951992
0.714927506446838
-4.3716692686081
6.86781242489815
7
4.69346112012864
-1.86547644138336
4.52364023327827
0.0236966311931666
3.6484112739563
-0.920647352933884
6.95258772969246
|Explorer2Genome 30
3
6
8
-6.04433893561363
-1.75128293037414
-10.0143270254135
4.83762779831887
-9.00220003128051
-5.98349326252938
2.52495413422584
-2.18420156240463
8
9.31825808882714
5.06059475541115
-7.25893283486366
-0.854101383686067
1.23360710144043
-3.50481753349304
-2.83233261704445
0.428673952817916
8
10.4326753854752
9.21680858135224
-3.01097470521927
-0.702013325691223
-0.89260106086731
0.910481268167498
2.12890210747719
-7.60785897970199
8
11.4623212337494
-0.00852789878845273
2.78707168698311
-7.8592244386673
-1.02225530147552
-1.61445355415344
-1.11246207356453
-3.43999073505401
8
-4.98118382692337
6.97670692801476
3.17441023588181
12.9986607193947
-0.471160018444063
-9.49281775951386
-4.8381199836731
0.0730259120464332
8
4.34228100180626
5.87710019946098
7.47641191482544
10.1214438974857
3.70482492446899
1.72719892859459
3.35498063564301
-1.73146804571152
6
7
6.92339183092117
4.79527441263199
4.99500015377998
-5.35789347887039
11.6354346871376
6.84129911065103
-9.03718388676644
7
1.89398929476738
3.67136227488518
-5.87176749110222
5.87160363197327
3.75833721756935
2.64605164527893
3.40588541030884
7
3.06032361984253
-3.2481109559536
-4.6609065413475
-1.87187443375588
2.4991752922535
4.0017217874527
15.6529601275921
7
0.197732716798781
0.0546288549900057
12.2710089623928
0.980386143922806
-8.4300566136837
-8.80978763103485
6.15259159207345
7
-6.90985673666001
-14.7604625999928
-0.409659492969514
5.08341360092164
4.20569715499878
-15.9334712862968
-1.68097968697548
7
7.63310247659683
2.75734755396843
7.95634149312974
-4.09921847581864
-7.4289687693119
1.85359661579131
2.62160373330116
2
7
7.77428341507911
-6.78582112789154
-1.73419860601426
-15.3728831529617
3.0308839559555
-4.60077242255211
6.07811381816864
7
5.08570556044579
-2.81228749752044
2.60794343352317
-1.27283886075019
1.41187889575958
-2.39695152044296
8.26634677648544
|Explorer2Genome 30
3
6
8
-7.27475361227989
-2.17662196755409
-8.91200850009918
4.76772306561471
-9.23452589511871
-5.1756895840168
2.39204871058464
-2.94709900021553
8
9.26719632148743
6.63811145424843
-8.58864816427231
-2.1985724747181
1.85935493111611
-5.80584668517113
-2.99041665196419
0.321882551908492
8
11.1232897043228
8.52410686016083
-1.63632613420486
-0.0444178581237791
-0.569657927751541
1.57962462902069
1.91472793221474
-6.91283371448516
8
13.0353985369205
-0.0484540641307836
1.18988357782364
-6.64462478160858
0.223165136575699
-1.51113393306732
-1.78165560960769
-3.83002580404281
8
-5.51332458257675
6.97950379252434
3.22421680092812
12.7860088765621
-0.606712156534196
-10.1630793511868
-4.8381199836731
-0.282487231492996
8
5.57098462581634
4.42861576080322
7.57024095058441
10.6342724442482
4.85449005365372
1.59634258747101
0.16046091914177
-2.09495673775673
6
7
7.17502452135086
4.45680330991745
5.50051887631416
-5.1157226741314
11.6780984759331
7.67371359467508
-10.2340152323246
7
3.4051743388176
3.14090473055839
-3.45171282887459
7.81705664396286
5.12077989578247
1.26686275601387
4.89807689189911
7
4.1129476070404
-2.83624556660652
-4.39865552186966
-1.06904827356339
4.56500005126
3.58936925530434
17.9899881541729
7
-0.615925616025926
0.16319140791893
13.5748394548893
1.18093155026436
-8.25446213483811
-6.49457982182503
6.82702115774155
7
-5.37316009402275
-14.9598823189735
-0.172410291433335
4.81228489875794
2.86604372262955
-19.2952608168125
-2.14974113106727
7
6.90089290738106
2.42199897170067
8.05126258134843
-3.25196257829666
-7.84814324975013
2.11656104922294
2.62160373330116
2
7
7.88421729207038
-6.13414325714111
-1.24891187548638
-15.3698934555054
2.83377113342285
-5.17844741344452
7.37462146878242
7
6.74657937884332
-3.60669686794281
2.96883859038353
-1.58645750880241
1.61866083145142
-3.2617921769619
6.39187504649162
|Explorer2Genome 30
3
6
8
-7.11633312106132
-1.52540422081947
-9.43118388652801
4.61132453083993
-10.1168137311935
-6.05510123372078
2.22349504828453
-1.50094844102859
8
9.2466703414917
6.64647758603096
-8.01475328207016
-2.48203924894333
1.72100458741188
-6.32868673801422
-3.08199835419655
-0.617751199007036
8
12.2252271950245
9.30638749599457
-1.55423410534859
-0.938493895530701
-0.275501996278763
1.49533107876778
1.34617972970009
-7.4826646387577
8
11.4408187866211
-0.0391825437545782
2.0085540831089
-7.50148406028748
-0.522057867050171
-2.0890820980072
-0.220931416749953
-3.45937051773071
8
-4.71531082391739
6.3619205892086
3.72999458909035
12.6267627835274
-1.25410577058792
-9.85944256186485
-4.8381199836731
0.334797137975693
8
4.42718614935875
5.97710559368134
7.55018482208252
9.29158852696419
2.55452311038971
1.69285141825676
3.31953059434891
-1.20106385946274
6
7
7.55916690230369
5.27907403707504
4.47087805867195
-6.89002190828323
11.5530825018883
7.44920333027841
-7.38737280368805
7
1.84197561144829
3.5155997633934
-5.58720921874046
5.87160363197327
4.25028482079506
2.62919735908508
3.72987680435181
7
2.16942199468612
-3.81297251582146
-2.77568605542183
-2.80408030748368
2.85426956415177
2.10882717967033
16.7896829545498
7
0.0887983739376056
-1.22927141189575
11.9575758337975
-0.50129114985466
-8.11321668624878
-5.16560678482056
5.51021236777306
7
-8.37745708227158
-14.7604625999928
0.524149501323699
5.74925954341889
4.6154539167881
-15.9747844576836
-2.04519985318184
7
6.49371914863586
1.61663213372231
9.44836887717248
-4.09092499613762
-7.18239837288856
0.858185040950767
3.64928664565087
2
7
7.34784814119339
-7.50545997023582
-1.38588958978653
-15.5896287441254
2.8432181596756
-5.13652133941651
7.15903825759887
7
4.96002649068833
-2.40517752170563
4.17828579545021
-0.77063289880752
3.26077263355255
-1.24487285017967
6.85187966823578
