50
1382
|Explorer1Genome 30
2
7
8
-0.521199041604997
-4.97002675533295
7.43272742033005
-4.41348095536232
-2.64317148327827
-1.02293397188187
0.183309829235077
-6.05926435589791
8
8.09234809279442
-4.1222152531147
-5.95058600902557
-7.19743776321411
-16.250096821785
15.7495921611786
-7.65848898887635
-4.58765758872032
8
-5.30341840982437
-11.2710870742798
7.63892441391945
1.81572043895721
-6.91817234754562
-6.97194146513939
-1.28017754554748
3.58354536294937
8
-2.55999210476875
13.2026386797428
-1.14810611605644
2.99976240396499
3.37737268805504
4.72828398346901
-1.20383633971214
-0.243753999471662
8
-3.26410998106003
-12.8546661555767
-5.09413318037988
-5.931491959095
3.42443085312844
0.848858410120013
0.403709703683854
0.910271722078323
8
-3.4322015285492
6.22818969488144
-6.64136403799057
2.22113549113273
-7.9849248111248
3.4580565571785
2.56115557551384
-5.45644031763077
8
0.502439558506011
3.25415952801704
-9.39326257109643
-4.52357987165451
9.65489849448204
6.01606766581535
3.06126988530159
-1.55107679963112
2
8
0.0893438875675153
0.193731182813645
7.25819253921509
1.23224499225616
-2.51951169371605
1.98740160465241
-3.89477218389511
1.9801338493824
8
-7.02931886911393
-1.26517135500908
-6.29012815356254
4.27962248325348
0.280937814712525
-2.32582000494004
9.70560263991356
0.924669003486634
|Explorer1Genome 30
2
7
8
-0.580881357192994
-3.14014501571655
5.71155144572258
-4.78944118618965
-1.56313017010689
-0.145118844509124
0.453190159797669
-3.09430325031281
8
6.89344702959061
-4.82919142246246
-5.64360289573669
-6.7434555053711
-13.497007894516
15.6863251447678
-7.08336454629898
-4.78143857121468
8
-4.95322526693344
-11.6364379882812
7.5813235104084
1.69879656434059
-8.34100519418717
-6.72508720159531
-0.730661582946776
4.01174329519272
8
-3.17731860280037
12.6543736457825
-0.188109534978869
3.16761854887009
3.3972663640976
5.36004818677902
-0.797342520952225
-1.05985249876976
8
-4.80913860201836
-11.2178880870342
-6.20456030964852
-5.89353528618813
3.35527513623238
3.2852274119854
0.756431937217714
-0.156395435333252
8
-1.95418652296067
4.482566010952
-5.81991217136383
1.2180146753788
-6.0109999537468
4.69008297324181
2.81495921015739
-5.33930385112762
8
0.601970380544662
5.08387191295623
-8.44222190380097
-5.12336638569832
7.85482625365257
5.68810517191886
2.12792384028435
-0.91478409767151
2
8
1.07370179295539
1.26318717598915
6.92684146761894
-0.157482349872589
-3.23216447234154
1.10385729670525
-3.13652859330177
3.48924277424812
8
-8.37844212651253
-2.07877178788185
-6.22679309844971
1.06243386268616
-1.56415768265724
-3.88266711831093
7.92981215119362
2.52416570782662
|Explorer1Genome 30
2
7
8
-0.425996446609498
-3.21756093502045
5.52141581773758
-4.82995913624763
-1.97115352749825
0.564516323804856
0.535375332832337
-3.15728344917298
8
8.50987877249718
-4.07686074376106
-5.7047625541687
-5.65820949077606
-16.4929221391678
15.8850884735584
-8.76440900564194
-4.58887218236923
8
-3.14747153520584
-10.4616082668304
8.17170763015747
1.76405692696571
-7.78452203273773
-6.66034062504768
-1.84512028694153
3.9841019153595
8
-2.02507143616676
14.3070205748081
-1.6494784295559
1.82732061743736
1.8877225458622
4.45721171498299
-1.87187886834145
-0.664893448352812
8
-5.46452750563622
-11.2098153531551
-7.20573502182961
-6.15946243405342
4.01321576833725
3.28761087656021
0.400656366348268
0.794493222236633
8
-1.23901101946831
6.12894740700722
-5.21202272176742
0.383634293079373
-5.50382208824158
3.23457910418511
1.9167932510376
-9.00638112425804
8
0.02973603606224
3.49669416546821
-8.71236078143121
-5.0411955177784
8.88064774870872
6.72150471210479
3.62062202692032
-0.180957120656968
2
8
-0.191551113128667
0.984410548210145
7.19651584029198
-0.575896245241165
-3.01582416296006
1.44403405189514
-2.65465787053108
3.35555639863014
8
-8.18697753548622
-2.65699489712715
-6.48266464471817
-0.409431123733519
-0.543488979339598
-0.0581296563148523
6.74163915514946
2.62945172786713
|Explorer1Genome 30
2
7
8
-1.6111478805542
-3.14014501571655
5.67500602602959
-5.26035025715828
-1.71412737965584
0.311996519565583
1.04079191684723
-3.09430325031281
8
7.3075646519661
-4.04427737593651
-5.73549952507019
-6.61513183116913
-13.7387383699417
15.4710730791092
-7.2380579829216
-5.31304916143417
8
-4.95322526693344
-12.2195683956146
8.43627182245254
1.59702261090279
-8.34100519418717
-7.07399259805679
-0.730661582946776
4.09771281480789
8
-2.07240255475044
14.3310464441776
-1.32908398509026
2.25564472079277
1.17532960176468
4.56093107461929
-1.4926796734333
0.847891944646837
8
-4.77063640356064
-11.6290360569954
-4.49802935719491
-7.88453565835953
4.52761533856392
3.34917376041413
-0.198500651121139
0.108081710338593
8
-4.52909896969796
5.13929680585862
-7.38841900825501
3.76935377717018
-6.45572605133057
1.86422793269158
1.62292179465294
-6.14952398538589
8
0.830303758382797
4.92566242218017
-9.28302533626557
-5.45446591973305
8.20777220129967
6.12512435317039
1.5967664539814
-0.358104562759401
2
8
0.410765242576594
1.78033037781715
6.92684146761894
0.0323658168315885
-3.08850242495537
1.20163461565971
-3.40375478863716
3.7492256462574
8
-8.18471165895462
-1.57686002850532
-5.7598096370697
2.10671031475067
-0.0489069998264301
-3.41804907917977
8.64213444590568
2.22583983540535
|Explorer1Genome 30
2
7
8
0.00175931453704725
-3.20766775012016
6.09318453073502
-5.26035025715828
-1.64727364182472
0.824300301074982
1.070969414711
-3.09430325031281
8
7.3075646519661
-4.83998191356659
-6.35847355723381
-7.23779077529907
-13.8413561105728
15.6796806335449
-7.64628947973252
-5.25539734959603
8
-3.41785365343094
-10.0834007740021
8.59549851417541
1.21543253064155
-7.78452203273773
-6.85090213418007
-1.31880757808685
3.9841019153595
8
-3.04832552075386
13.4933628857136
-0.479979526996615
2.87641238570213
2.18864513635635
4.78929105997086
-0.783086490631104
-0.140070402622221
8
-4.77063640356064
-11.6547979235649
-4.49802935719491
-7.88453565835953
3.49361746907234
3.09106044173241
-0.537609618902205
0.408930718898773
8
-3.83031077980996
5.3624045431614
-6.83676114082337
3.14482372403145
-6.76950788497925
2.23120304942131
3.06524915099144
-6.38581937551498
8
-0.175535172224046
4.35465152263641
-8.95092574954034
-5.18513785600662
8.46619746088982
6.65810431838035
2.41852403879166
-1.89586686491966
2
8
0.437467044591899
-0.117657190561294
7.52154117226601
1.90034196972847
-3.34173315763474
1.98501551151276
-3.24286485910416
1.1154322206974
8
-8.18471165895462
-1.65234590172768
-5.89038844108581
2.04174270629883
-0.0489069998264301
-2.65966220498085
8.64213444590568
1.84669201374054
|Explorer1Genome 30
2
7
8
-0.26749291419983
-2.90636755824089
5.82631208300591
-5.54053459763527
-1.74943769574165
0.311996519565583
2.21213998794556
-3.09430325031281
8
7.3075646519661
-3.74079577922821
-6.32523753643035
-6.15079517364502
-14.2829068660736
15.7073180437088
-7.56861299276352
-4.92545422315598
8
-3.15941466093063
-10.2037449121475
8.45853312015533
1.70851696133613
-7.22225048542023
-6.66034062504768
-0.985550117492675
3.65983872413635
8
-2.57206190228462
14.3310464441776
-1.36997994780541
2.55865322947502
1.57927564382553
3.43352316617966
-1.33466653823853
0.847891944646837
8
-3.95587984919548
-11.9898439347744
-6.43877412676812
-6.65024719238281
5.15851143598557
0.777174121141436
0.16959680914879
0.117629712820053
8
-1.71331576704979
6.12894740700722
-4.9693975508213
0.399949991703031
-5.14627783298493
4.02439866065979
1.40747036933899
-9.00638112425804
8
1.31536223292351
3.07692523598671
-8.54770483374596
-4.82824934720993
8.88884356021881
6.79978932738304
3.79932236075401
-2.13858745098114
2
8
-0.18094236850739
-1.46332617402077
7.30131165981293
1.33369005322456
-3.09549589157105
2.66355624198914
-2.67122946977615
0.71354096531868
8
-7.78483808636666
-2.07877178788185
-6.290984582901
1.36859841942787
-1.25996422767639
-4.15531795620918
7.18351004123688
3.09925263524056
|Explorer1Genome 30
2
7
8
-0.330783247947694
-5.19095015525818
7.96135176420212
-4.70206735134125
-3.06725762486458
-1.6618026137352
-0.0461856245994565
-6.5946960747242
8
7.3075646519661
-4.2807464838028
-5.73549952507019
-7.18451924324036
-13.7387383699417
15.3237650871277
-7.2380579829216
-5.31304916143417
8
-4.61139396429062
-12.0636653184891
7.52178912758827
1.59702261090279
-8.49160364866257
-6.00482733845711
-0.730661582946776
3.66079505681992
8
-2.65489824414253
12.2677254915237
-0.258659571409228
3.12061079740524
3.00347301959991
6.11520775556564
-1.37060418725014
-1.51232456564903
8
-4.77063640356064
-11.6290360569954
-4.49802935719491
-7.88453565835953
4.64353025555611
3.09106044173241
-0.198500651121139
0.408930718898773
8
-4.80994377732277
5.33862912058831
-7.38841900825501
3.21298251748085
-6.34815909862518
2.47338027358055
1.62292179465294
-6.50705636739731
8
0.326027756929397
4.90401935577392
-10.0497272014618
-4.20742270946503
7.85482625365257
5.96390613913536
1.5967664539814
-0.91478409767151
2
8
-0.344336748123174
0.9939288854599
7.2298398911953
-0.369672334194184
-2.48366586565972
1.20163461565971
-3.13652859330177
3.41904664635658
8
-7.54518262147904
-0.988862466812133
-6.290984582901
1.77830514907837
-1.00316722989082
-3.55024135708809
8.9435984313488
2.66435649394989
|Explorer1Genome 30
2
7
8
0.0134398698806752
-3.21756093502045
5.52141581773758
-5.26035025715828
-1.68807626366615
0.564516323804856
0.535375332832337
-3.15728344917298
8
7.77625204920769
-4.85291495323181
-6.35970213413238
-7.59406700730324
-16.2944083631039
16.9381022930145
-7.65848898887635
-5.86070522665978
8
-3.41785365343094
-10.0834007740021
8.35009648799896
2.20091918110847
-7.78452203273773
-6.66034062504768
-1.31880757808685
3.9841019153595
8
-1.9622910797596
14.3070205748081
-1.6494784295559
1.82732061743736
1.8877225458622
4.31019268631935
-2.43669329285622
-0.374112880229948
8
-3.55171109437942
-11.2046661019325
-4.6472735464573
-7.93513336777688
4.48683739304543
2.06738010048866
-1.4380166888237
0.852699410915375
8
-1.68886154890061
3.91596459150315
-5.78808858394623
0.534066289663312
-6.31390074491501
4.52071257829666
2.51465165019035
-6.80214745998382
8
0.103831022977828
3.49669416546821
-8.47457222342492
-5.0411955177784
8.88064774870872
6.25945208072662
3.16767445802689
0.274795109033583
2
8
0.233771884441371
-1.27352097630501
6.52278232574463
1.89360683560371
-3.29008718729019
1.75091216564179
-2.55485814809799
1.38180196881294
8
-7.48283284902573
-2.24059002995491
-6.03214349150658
2.4130684196949
-1.6960168838501
-3.43440055847168
8.45459406971931
3.14515672922134
|Explorer1Genome 30
2
7
8
-0.521199041604997
-4.82009119987488
7.75870271921158
-4.41348095536232
-2.39900350570679
-0.0771800637245174
0.310739433765412
-6.18257896900177
8
8.32114323973656
-5.22802494168282
-5.67079384326934
-6.93227134346962
-16.5935656309128
15.9366502761841
-9.02903420925141
-4.37886465787888
8
-3.74477194547653
-10.5181285262108
9.02641046643257
2.66518243551254
-7.3255048930645
-8.74055545330048
-1.63037025928497
4.59666473865509
8
-3.46932755112648
12.6638770341873
-0.258659571409228
3.00612617731094
3.00347301959991
4.9134013056755
-0.797342520952225
-1.05985249876976
8
-3.68177284002304
-11.9870092332363
-7.54818097949029
-6.19096732139588
4.64192034006119
0.176554065942766
-0.135051494836806
0.324798512458801
8
-1.78320748209954
6.12894740700722
-5.5654767870903
0.0588325142860385
-5.14627783298493
4.12711015343666
2.45223627090454
-9.00638112425804
8
1.0516478896141
4.30667797923088
-9.04996628165246
-6.20966366529465
9.92602826952934
5.03578845262527
1.91022222042084
-2.39290440678597
2
8
-0.520942831039434
0.98238537311554
7.52980348467827
-0.278682720661164
-2.22949576973915
1.15682547092438
-3.15586603283882
2.6487952709198
8
-8.86738536953927
-2.19746139645576
-6.290984582901
1.57940711975098
-1.56415768265724
-3.88266711831093
7.75620678067207
2.6443948328495
|Explorer1Genome 30
2
7
8
-0.521199041604997
-5.56238811016083
7.43272742033005
-4.41348095536232
-2.64317148327827
-1.02293397188187
0.183309829235077
-6.05926435589791
8
8.77440358996392
-4.69786787629127
-6.22750992774963
-6.54237070679665
-16.4929221391678
16.1630040407181
-8.39200352430344
-4.99144357442856
8
-5.30341840982437
-11.2710870742798
7.10837689042091
1.81572043895721
-6.91817234754562
-6.97194146513939
-1.7151421546936
3.58354536294937
8
-2.55999210476875
13.2026386797428
-1.14810611605644
2.99976240396499
3.00613078474998
4.72828398346901
-1.20383633971214
-0.243753999471662
8
-3.26410998106003
-12.8546661555767
-5.09413318037988
-5.931491959095
3.90435886979103
0.848858410120013
0.403709703683854
0.910271722078323
8
-4.18304601311684
5.28734303116799
-6.26137230396271
3.21298251748085
-6.81817610263825
2.23120304942131
2.3258154630661
-7.09244068861007
8
0.72356594800949
4.42177557349205
-8.665417188406
-6.42261359095574
9.6710862159729
5.13965209722519
1.42031896114349
-1.45739052891731
2
8
0.0893438875675153
0.193731182813645
7.25819253921509
1.30276656150818
-2.51951169371605
1.98740160465241
-3.89477218389511
1.9801338493824
8
-7.81118479967118
-1.63367894291878
-6.93555545806885
2.58159363269806
-0.0489069998264301
-2.80372930169106
8.24055904746055
3.80125226974487
|Explorer1Genome 30
2
7
8
0.309795427322387
-2.84858619570732
5.74578580260277
-5.26035025715828
-1.74943769574165
0.311996519565583
1.63905448913574
-3.09430325031281
8
7.3075646519661
-3.74079577922821
-6.04090694785118
-6.15079517364502
-14.1962597131729
15.7073180437088
-7.56861299276352
-4.92545422315598
8
-3.15941466093063
-10.2372695922852
8.45853312015533
2.2816897213459
-7.56457018256187
-6.66034062504768
-0.985550117492675
3.65983872413635
8
-1.3635037958622
14.0445778667927
-1.05888704657555
2.13139705657959
1.1323769390583
4.69462682008743
-2.43669329285622
-0.49448741674423
8
-5.13198043704033
-10.9308211266995
-7.14137266278268
-5.612139159441
3.7560849249363
3.08488215208054
0.984408402442933
0.975584959983826
8
-4.15530675053597
5.35039225220681
-7.48215827941895
3.39699319601059
-6.34815909862518
2.23120304942131
2.13189362883568
-6.94355469942093
8
-0.626146751642228
3.43346999287605
-8.21811743974687
-5.86735836267472
7.93673834204674
6.38473255634307
3.62062202692032
-0.180957120656968
2
8
-0.542837166786199
-1.46332617402077
7.30131165981293
1.33369005322456
-3.09549589157105
2.66355624198914
-2.67122946977615
0.71354096531868
8
-7.78483808636666
-2.07877178788185
-6.290984582901
1.13104269504547
-1.25996422767639
-3.76758783459664
7.18351004123688
3.2957509636879
|Explorer1Genome 30
2
7
8
0.677751249074935
-5.13617057800293
7.33722568750382
-4.27560961842537
-2.37847841978073
-1.77716408371925
0.220813405513764
-5.44358153343201
8
7.9885323882103
-4.33790278434753
-6.18396016955375
-6.66426430344582
-16.7549112319946
17.0533993721008
-8.6670386493206
-4.435632199049
8
-2.90646897554397
-9.87111630439758
8.45853312015533
1.70851696133613
-7.70519382357597
-5.70545833706856
-1.5597981929779
3.9841019153595
8
-3.37486894726753
12.523404955864
0.0369139254093145
3.80340027213097
2.20573256015778
5.66921647787094
-1.02938328385353
-0.817723143100737
8
-4.09905681014061
-12.0072690665722
-6.56148905158044
-6.75010892748833
3.52896605134011
0.439376145601275
0.641766160726548
0.575190895795822
8
-1.64654694795609
4.9100229382515
-5.51449732780457
0.146715825796125
-6.06650438904762
4.52071257829666
3.07800178527832
-6.80332670211792
8
0.56982752084732
4.30879248976707
-8.665417188406
-5.83464848399163
9.95087210536003
4.34501606225967
1.20221552848816
-2.02145422101021
2
8
0.401350796222682
-1.19624460339546
6.52278232574463
0.731676608324051
-3.16030324697495
1.81943407654762
-2.57692693471909
1.84417203068733
8
-8.51580067873001
-1.07278712391853
-6.83733882904053
2.10671031475067
-0.0730689823627461
-2.72124729752541
8.43432683348655
2.30038981437683
|Explorer1Genome 30
2
7
8
-0.137458187341691
-4.24166797995567
5.64012109041214
-4.88400212526321
-2.11869603395462
-0.00230466127395579
-0.288816320896148
-5.83767977356911
8
6.86790338754655
-3.78674802780151
-5.78727068305015
-7.34309562444687
-16.0629991531372
16.3930921554565
-7.58696772456169
-4.60757840871811
8
-2.94406505227089
-10.9397584080696
9.10370137691497
2.18216599822044
-7.05421652793884
-7.90467332005501
-2.35937265753746
4.93051679134369
8
-2.57206190228462
13.9293273508549
-1.36997994780541
2.87406570315361
1.57927564382553
4.21023060083389
-1.4926796734333
0.847891944646837
8
-4.09905681014061
-11.1751368939877
-6.21777448058129
-6.11573874354363
3.60146301388741
0.0603243649005911
0.691765612363817
-0.056359750032425
8
-1.68886154890061
3.91596459150315
-5.38669250011444
0.534066289663312
-6.31390074491501
4.37950078248978
2.71382848620415
-6.80214745998382
8
0.654479449987411
4.2503424346447
-9.16054789423943
-6.48208503127098
9.85561740398407
5.60172128677368
1.05957887172699
-2.49965160489082
2
8
-0.520942831039434
0.298162078857422
7.38963574767113
-0.278682720661164
-2.22949576973915
1.44403405189514
-3.15586603283882
2.67187135219574
8
-7.89313367009163
-2.29813285470009
-6.44187495112419
-0.781914424896238
-1.30833824276924
-0.0581296563148523
6.34750892519951
3.04302852749825
|Explorer1Genome 30
2
7
8
-0.0227617084980022
-4.99001337885857
6.48043214082718
-4.60688980817795
-2.23297702074051
-1.02888003587723
-0.288816320896148
-5.32113513350487
8
7.62320228815079
-3.75582602024078
-5.97523601055145
-6.15079517364502
-14.1962597131729
15.9232047379017
-8.22390390634537
-4.51262449026108
8
-2.79916352033615
-9.78434562683105
8.45853312015533
1.70851696133613
-7.97735562324524
-6.58262551426888
-1.06033890247345
3.9841019153595
8
-1.57138565182686
14.3310464441776
-1.32908398509026
2.78679363131523
1.17532960176468
5.05182667970657
-1.4926796734333
0.847891944646837
8
-3.26410998106003
-12.8546661555767
-5.5174179494381
-4.92881470918656
3.42443085312844
0.249092727899554
-0.141858190298079
1.08487278223038
8
-5.51864383816719
5.27461888194085
-7.25173699855805
3.41006506681442
-6.34815909862518
1.86422793269158
1.62292179465294
-6.24388853311538
8
0.285996949672698
3.54710503220558
-9.03519517779351
-4.60077620744705
8.88884356021881
6.24594520926475
3.1186511695385
-1.77121880054474
2
8
-0.520942831039434
1.43906028270722
7.7515551507473
0.00403248071670516
-2.48257340192795
1.44403405189514
-3.15586603283882
3.091024518013
8
-8.18471165895462
-1.01348269581795
-6.37189395427704
2.10671031475067
-0.166357427835463
-3.16137734055519
8.76240305304527
3.17583966255188
|Explorer1Genome 30
2
7
8
-0.552896547317506
-3.42328688502312
5.52141581773758
-5.30582056641579
-1.55587819218636
0.200180518627167
0.535375332832337
-2.72682473659516
8
7.50864076018334
-3.69508757591248
-6.0672887802124
-5.96098191142082
-14.1042062282562
15.8338981926441
-8.3869733452797
-5.42190609574318
8
-5.09579190015793
-12.1358639657497
7.5554039299488
2.49211652874947
-7.91442538499832
-6.85703216195107
-0.730661582946776
3.65145260095596
8
-3.11052852272987
14.426450830698
-1.4814055621624
2.15754138827324
1.41161213517189
5.19737778902054
-2.54452803730965
0.116322314739229
8
-3.71180701851845
-11.331683576107
-4.42427569031716
-7.33147960901261
4.41178875565529
2.68919600844383
-0.631032103300094
0.408930718898773
8
-4.80994377732277
4.99002184271813
-7.86394712924957
3.55064259171486
-6.22160312533379
2.11997690200806
1.3259223639965
-6.63675318956375
8
-0.609874612092973
4.57824382781982
-10.4604505777359
-4.1611225605011
7.98388692736626
6.11135002970695
1.5967664539814
-1.09157602190972
2
8
-0.367922449111943
1.58766589164734
8.42520508766174
0.302029943466186
-3.08850242495537
1.20163461565971
-3.78450539112091
3.19876111149788
8
-8.21063359975815
-1.90086157917976
-6.37189395427704
2.81589238643646
-0.567000633478163
-2.5809199154377
8.94189841151237
2.38804819583893
|Explorer1Genome 30
2
7
8
-0.552896547317506
-3.42328688502312
5.52141581773758
-5.30582056641579
-1.55587819218636
0.200180518627167
0.535375332832337
-2.72682473659516
8
7.50864076018334
-3.69508757591248
-6.0672887802124
-5.96098191142082
-14.1042062282562
15.8338981926441
-8.3869733452797
-5.42190609574318
8
-5.09579190015793
-12.1358639657497
7.5554039299488
2.49211652874947
-7.91442538499832
-6.85703216195107
-0.730661582946776
3.65145260095596
8
-3.11052852272987
14.426450830698
-1.4814055621624
2.15754138827324
1.41161213517189
5.19737778902054
-2.54452803730965
0.116322314739229
8
-3.71180701851845
-11.331683576107
-4.42427569031716
-7.33147960901261
4.41178875565529
2.68919600844383
-0.631032103300094
0.408930718898773
8
-4.80994377732277
4.99002184271813
-7.86394712924957
3.55064259171486
-6.22160312533379
2.11997690200806
1.3259223639965
-6.63675318956375
8
-0.609874612092973
4.57824382781982
-10.4604505777359
-4.1611225605011
7.98388692736626
6.11135002970695
1.5967664539814
-1.09157602190972
2
8
-0.367922449111943
1.58766589164734
8.42520508766174
0.302029943466186
-3.08850242495537
1.20163461565971
-3.78450539112091
3.19876111149788
8
-8.21063359975815
-1.90086157917976
-6.37189395427704
2.81589238643646
-0.567000633478163
-2.5809199154377
8.94189841151237
2.38804819583893
|Explorer1Genome 30
2
7
8
-0.552896547317506
-3.42328688502312
5.52141581773758
-5.30582056641579
-1.55587819218636
0.200180518627167
0.535375332832337
-2.72682473659516
8
7.50864076018334
-3.69508757591248
-6.0672887802124
-5.96098191142082
-14.1042062282562
15.8338981926441
-8.3869733452797
-5.42190609574318
8
-5.09579190015793
-12.1358639657497
7.5554039299488
2.49211652874947
-7.91442538499832
-6.85703216195107
-0.730661582946776
3.65145260095596
8
-3.11052852272987
14.426450830698
-1.4814055621624
2.15754138827324
1.41161213517189
5.19737778902054
-2.54452803730965
0.116322314739229
8
-3.71180701851845
-11.331683576107
-4.42427569031716
-7.33147960901261
4.41178875565529
2.68919600844383
-0.631032103300094
0.408930718898773
8
-4.80994377732277
4.99002184271813
-7.86394712924957
3.55064259171486
-6.22160312533379
2.11997690200806
1.3259223639965
-6.63675318956375
8
-0.609874612092973
4.57824382781982
-10.4604505777359
-4.1611225605011
7.98388692736626
6.11135002970695
1.5967664539814
-1.09157602190972
2
8
-0.367922449111943
1.58766589164734
8.42520508766174
0.302029943466186
-3.08850242495537
1.20163461565971
-3.78450539112091
3.19876111149788
8
-8.21063359975815
-1.90086157917976
-6.37189395427704
2.81589238643646
-0.567000633478163
-2.5809199154377
8.94189841151237
2.38804819583893
|Explorer1Genome 30
2
7
8
-0.0241540431976329
-2.6320077419281
5.70953971743584
-5.3797959625721
-1.74943769574165
0.86808854341507
1.07881119251251
-2.93608211874962
8
8.77440358996392
-4.78999009728432
-5.12535907626152
-6.24989348053932
-16.4929221391678
16.1953148424625
-8.57629215121269
-4.58887218236923
8
-3.51938098669052
-9.48639070391654
8.45853312015533
1.1489682495594
-7.97735562324524
-6.77765365242958
-1.75976803302765
3.9841019153595
8
-2.60973849892616
14.004419028759
-1.35373613238335
2.28210224509239
1.41161213517189
5.13417214155197
-2.12368445396423
0.116322314739229
8
-4.71654159426689
-11.7001156508923
-7.05720505118371
-6.56762607097626
3.52896605134011
0.206815749406817
0.630318564176561
0.628527730703354
8
-1.78320748209954
5.49488614201546
-4.81909521222114
0.739293706417081
-5.26127557754517
3.50645682215691
1.6783994436264
-9.8079864680767
8
1.32066587209701
3.6828668653965
-8.77544018626214
-3.66468626260758
9.41175944805145
6.26600033640861
3.17873758673668
-1.24840905666351
2
8
-0.109231543540959
1.551327252388
7.29430939555168
-0.157482349872589
-2.43257631063462
1.20163461565971
-3.63509173989296
3.54257610440254
8
-7.37747591137886
-1.86631672978401
-6.290984582901
0.797586393356325
-1.73599122166633
-4.06352589726448
8.1669976234436
2.52416570782662
|Explorer1Genome 30
2
7
8
0.276034158468245
-5.21419854164123
7.39959141016007
-4.62378237843513
-2.29755810499191
-2.55274697542191
-0.389548361301422
-5.46604061722756
8
7.18010565042496
-3.96664192676544
-6.31971306204795
-7.48953486680985
-16.0629991531372
16.8840556383133
-7.47926887869835
-4.60757840871811
8
-2.94406505227089
-10.9397584080696
8.87467341423034
2.18216599822044
-7.05421652793884
-8.27088339924812
-2.35937265753746
4.93051679134369
8
-3.37486894726753
12.523404955864
-0.726142138242724
3.25170764327049
2.05553028583527
5.66921647787094
-0.797342520952225
-1.05985249876976
8
-4.09905681014061
-11.7008035838604
-6.56148905158044
-5.99079686999321
3.52896605134011
0.439376145601275
0.641766160726548
0.028117674589157
8
-1.64654694795609
4.9100229382515
-5.51449732780457
0.146715825796125
-6.05145147442818
4.52071257829666
2.87723037600517
-6.80214745998382
8
0.72356594800949
4.30879248976707
-8.665417188406
-6.01077498793602
9.46290547251701
4.88019915819168
1.45389712452888
-2.02145422101021
2
8
0.401350796222682
-0.929199600219726
6.52278232574463
0.786753660440445
-2.64740709066391
2.03362877964973
-2.57692693471909
1.84417203068733
8
-8.18471165895462
-1.57686002850532
-6.290984582901
2.10671031475067
-0.0730689823627461
-2.72124729752541
8.43432683348655
2.4042121887207
|Explorer1Genome 30
2
7
8
-0.380829745531083
-4.24757549166679
5.42852891683579
-4.88400212526321
-2.11869603395462
-0.00230466127395579
-0.288816320896148
-5.83767977356911
8
8.95936343073846
-4.45328310132027
-5.80839831829071
-6.24989348053932
-16.4929221391678
16.4560966730118
-8.256292116642
-5.05168412923813
8
-3.86772655248642
-11.1716286897659
7.77794382572174
1.3227294921875
-8.02920873165131
-6.33290473818779
-2.32958441972732
4.52797114849091
8
-1.3635037958622
14.0445778667927
-1.6494784295559
1.87195464968681
1.1323769390583
4.69462682008743
-2.43669329285622
-0.201795202493666
8
-4.96276925802231
-11.0326015174389
-7.14137266278268
-5.612139159441
3.7560849249363
3.67930129766464
0.920644712448121
0.51585476398468
8
-4.15530675053597
5.35039225220681
-7.62200458049774
3.39699319601059
-6.56595296859741
2.23120304942131
2.13189362883568
-6.40546580553055
8
-0.534245330095292
3.43346999287605
-8.21811743974687
-5.86735836267472
8.39740766882896
6.38473255634307
3.62062202692032
-0.180957120656968
2
8
-0.520942831039434
0.838033676147461
6.89288677573204
-0.278682720661164
-2.22949576973915
1.77841396331787
-2.59225566983223
2.67187135219574
8
-7.89313367009163
-2.26285122036934
-6.44187495112419
-0.165537518262861
-1.30833824276924
-0.0581296563148523
6.34750892519951
2.78130345344543
|Explorer1Genome 30
2
7
8
0.258981782197951
-3.21756093502045
5.52141581773758
-6.25017364621162
-2.12798250317574
0.311996519565583
0.423414134979248
-3.09430325031281
8
7.3075646519661
-4.26992452144623
-5.64360289573669
-7.19232711791992
-13.8373071193695
15.6863251447678
-7.4161279797554
-5.06225453615189
8
-3.11893011331558
-10.1269216001034
8.77174317836761
1.47962201833725
-7.84945639967918
-8.50990062355995
-2.43318524360657
3.85628514289856
8
-2.60973849892616
13.789212757349
-1.44265264868737
2.17345768809318
0.5377985060215
5.13417214155197
-2.03753190040588
0.116322314739229
8
-4.80913860201836
-10.7144254386425
-6.6327298462391
-6.0175937473774
3.72782910466194
3.08488215208054
1.31253018379212
-0.156395435333252
8
-2.03384712934494
4.23559950590134
-5.76823966503143
0.534066289663312
-6.31390074491501
4.52071257829666
2.56545855402946
-6.25253336429596
8
0.706497013568878
4.61683232188224
-9.08148116469384
-6.05545193552971
9.64958414435386
5.13965209722519
0.946535277366638
-1.95293758511543
2
8
0.00798115134238717
-0.309395027160644
7.49756780266762
2.0141656935215
-3.41474496126175
2.28061790466309
-2.95185047388077
1.06906476616859
8
-9.10739270448685
-1.25533456802368
-6.21615488529205
2.13795683383942
-0.527567225694655
-3.11075904965401
9.45411922335625
2.81959509849548
|Explorer1Genome 30
2
7
8
-0.292699652910234
-3.98139126300812
6.70544113516808
-4.29387201070785
-1.54758907556534
-0.659546595811843
0.237153351306916
-4.86551454663277
8
7.77625204920769
-4.49554758071899
-6.30879130363464
-7.97871709465981
-16.2081130445004
16.9381022930145
-7.65848898887635
-5.94204460978508
8
-3.5431066095829
-11.041715323925
9.45594952106475
2.48072602748871
-7.1865002155304
-8.30995152592659
-2.35937265753746
4.93051679134369
8
-2.45033712387085
14.2521607995033
-1.18355113267899
2.46952056288719
0.781714177131653
3.80414522886276
-1.37214599251747
-0.00932637453079016
8
-3.55171109437942
-10.8448881745339
-4.39735561013223
-7.54438529610634
4.48683739304543
2.12052705287934
-1.4380166888237
0.683820736408234
8
-4.48092320561409
5.05096645951272
-7.51789267063141
2.39820244908333
-5.59362775683403
1.88636538386345
2.40277454853058
-6.97150610685348
8
0.65952695608139
5.36527306437492
-9.04999818205834
-6.37296797633171
9.64958414435386
5.30594555139541
1.42031896114349
-1.88419587612152
2
8
-0.357672387361531
-1.12591837048531
7.40166207551956
2.33352128267288
-2.40488992333413
1.77568876743317
-2.85867890119553
0.772299939393997
8
-7.01816853284836
-2.24059002995491
-6.17508813738823
2.4130684196949
-1.56566503047943
-3.57917180657387
8.46823335289955
3.44500945806503
|Explorer1Genome 30
2
7
8
0.848527121543883
-4.94853703975677
8.2623546242714
-4.08794612884521
-2.16631126999855
-2.08572474718094
-0.462727463245392
-5.44358153343201
8
7.9885323882103
-3.85837080478668
-6.75603880286216
-6.97989730834961
-16.6736888647079
16.8905045986176
-7.4854872405529
-4.89715647101402
8
-4.34998353123665
-10.3803506374359
7.77794382572174
1.67455077171326
-8.14726190567016
-7.19396154880524
-2.32815262079239
4.52797114849091
8
-2.24416029453278
14.8876899302006
-1.39690474867821
3.16881828308105
1.11282190084457
4.56093107461929
-1.35551028847694
0.687699049711229
8
-3.55171109437942
-12.180676472187
-3.22845228314401
-8.0098885178566
4.61739422082901
1.96284701228142
-2.11364639997482
0.852699410915375
8
-1.61865068674088
4.482566010952
-5.81991217136383
1.2180146753788
-6.12322264909745
4.52071257829666
3.04922313094139
-5.33930385112762
8
0.742746031284332
3.75655844807624
-8.47239999175073
-4.60077620744705
8.55083787441253
6.30635671019554
4.03914144039154
-2.16981701850891
2
8
-0.357672387361531
-0.676241379976272
7.40166207551956
1.96438031792641
-2.90387578606606
1.86431045532227
-3.44299362897873
1.13882687687874
8
-8.13643676042557
-2.13079026341438
-5.89369149208069
2.10671031475067
-0.448599058389663
-3.01999681591988
8.60884136557579
2.83084700107575
|Explorer1Genome 30
2
7
8
-0.0241540431976329
-3.46258931159973
5.09150220155716
-5.47024176716804
-0.371859884262086
-0.0386390089988702
0.244881135225296
-3.0510582447052
8
6.47313243150712
-4.58262445926666
-6.65613257884979
-7.02207500934601
-13.6403455018997
15.2169985771179
-7.78267058134079
-4.97829810380936
8
-2.75108309984207
-10.103227609396
9.27967689037323
1.47962201833725
-7.84945639967918
-8.40814254879952
-2.43318524360657
3.85628514289856
8
-3.17731860280037
12.6113323450089
-0.258659571409228
3.11761938333511
3.3972663640976
5.36004818677902
-0.456686812639237
-1.53062688708305
8
-3.7036127448082
-11.2046661019325
-4.17974613308907
-7.25160866379738
4.78826633095741
2.10122737884522
-1.4380166888237
0.852699410915375
8
-1.14237784147263
4.9100229382515
-4.81395189762116
-0.402901846170428
-6.05145147442818
4.3791573882103
2.94820341467857
-6.90689673423767
8
0.150877487659454
4.30879248976707
-8.665417188406
-6.7439968764782
9.94253522753715
5.05815834403038
1.42031896114349
-2.02145422101021
2
8
0.673750633001323
-0.693429976701736
6.52278232574463
0.786753660440445
-2.64740709066391
1.8144642829895
-2.03831862211227
1.84417203068733
8
-8.06792970895768
-1.4777800142765
-6.90984551906586
1.5293883562088
-0.527567225694655
-3.6542773783207
8.64507505893707
2.98281543850899
|Explorer1Genome 30
2
7
8
0.282974410057067
-4.94853703975677
7.9469141125679
-4.79175346493721
-2.37847841978073
-1.28423550724983
-0.874189484119415
-5.44358153343201
8
7.9885323882103
-4.33790278434753
-5.87712876200676
-7.24138978123665
-16.2625324726105
16.1682715415955
-8.44830722212792
-5.17708031535149
8
-3.11893011331558
-10.1269216001034
8.77174317836761
1.47962201833725
-7.84945639967918
-8.53159576058388
-2.43318524360657
3.85628514289856
8
-3.03632832169533
14.0019632875919
0.115783298015592
2.87641238570213
2.18813751935959
4.78929105997086
-0.783086490631104
-0.592683088779447
8
-4.3767533659935
-12.3166302084923
-4.72191248536111
-7.31320768594742
4.08134153485298
3.09106044173241
-0.198500651121139
0.155973517894745
8
-4.13527229428292
5.13929680585862
-7.38841900825501
3.21298251748085
-6.5726678609848
1.38497869372368
2.0154118001461
-6.39624401330948
8
0.697822248935699
4.51676339507103
-9.42866544127465
-6.39820405840874
9.39927288889885
5.55494903326034
1.42031896114349
-1.95293758511543
2
8
-0.344336748123174
0.9939288854599
6.68724059462548
-0.638513147830963
-2.14743658900261
1.48871021270752
-3.66653781533241
3.41904664635658
8
-7.8317780315876
-1.59556713104248
-6.290984582901
0.623600792884828
-1.46127123832703
-3.685954195261
8.67484822273254
2.52416570782662
|Explorer1Genome 30
2
7
8
-0.477644419670106
-4.28130865097046
7.85849682688713
-4.99005547165871
-2.45376175045967
-1.69435011148453
0.300841653347016
-7.01745255589485
8
7.54592105150223
-4.93765257000923
-6.64883813261985
-7.95702006220818
-15.357173204422
16.1827745676041
-7.22770056128502
-4.20496481657028
8
-3.32421351671219
-9.6778657913208
8.45853312015533
1.12771185040474
-7.78452203273773
-6.72847452759743
-1.15305401682854
3.9841019153595
8
-2.06250615119934
13.9381651222706
-1.6454697072506
1.93045997619629
1.72326179146767
4.03035767674446
-2.45664823055267
-0.823160463571546
8
-4.27331535220146
-12.7329899251461
-7.06296640038491
-5.11048610806465
3.54893391728401
0.90038141012192
-1.32715285420418
1.59276981949806
8
-1.89862894415856
5.49488614201546
-5.05641298890114
0.765289747714994
-4.92223336100578
3.82357589602471
2.31340520381927
-9.57622873187065
8
-0.984629386663438
4.18822388648986
-8.36896678805352
-5.07827850580216
8.71146587729454
7.19781205058097
2.55617371797562
-1.89586686491966
2
8
0.302550017833705
0.0916587531566624
8.03319433927536
0.223391634225845
-2.06206280589104
1.99904224872589
-3.83994218111038
2.46530883908272
8
-8.49748677015305
-1.96591787934303
-6.290984582901
1.329957228899
-0.527567225694655
-3.9025049507618
8.6485519349575
3.12776392698288
|Explorer1Genome 30
2
7
8
-0.362798666954042
-4.28130865097046
8.20270363688469
-4.99005547165871
-2.77402480244637
-1.53181711435318
0.300841653347016
-7.01745255589485
8
7.28985926508904
-3.81561331748962
-5.66993605494499
-7.59406700730324
-15.568711912632
16.9381022930145
-7.98409628868103
-5.2697183072567
8
-2.79916352033615
-9.78434562683105
8.45853312015533
1.70851696133613
-7.84140846729279
-5.69735491871834
-1.19487292766571
3.70098989009857
8
-2.15559230446816
13.789212757349
-1.6454697072506
1.69267579913139
1.72326179146767
4.03035767674446
-2.45664823055267
-0.0815255939960459
8
-4.27331535220146
-13.0955107152462
-6.36245329976083
-5.56184802651406
3.54893391728401
0.872234880924227
-1.32715285420418
1.59276981949806
8
-4.3129320204258
5.05096645951272
-7.51789267063141
2.05760825276375
-5.59362775683403
2.17058677077294
2.13189362883568
-7.4242489695549
8
0.510016477108001
4.6149970471859
-8.07398709654809
-5.68119531869888
9.65151669383049
5.00338207483291
0.865689063072204
-1.4934022963047
2
8
0.302550017833705
0.0916587531566624
8.20120168924332
0.155838179588318
-2.06206280589104
1.68659365177155
-3.83994218111038
2.46530883908272
8
-8.33651224374771
-1.98560722470283
-6.290984582901
1.07669463157654
-0.527567225694655
-3.9025049507618
8.7512979209423
2.93830571770668
|Explorer1Genome 30
2
7
8
-0.0241540431976329
-2.6320077419281
5.74578580260277
-5.02914734482765
-1.45960836410523
1.1103357732296
1.07881119251251
-2.93608211874962
8
7.65278927087784
-4.2807464838028
-5.73549952507019
-6.7434555053711
-13.7387383699417
15.3237650871277
-7.2380579829216
-5.31304916143417
8
-4.61139396429062
-12.0595641136169
6.98937206864357
1.59702261090279
-8.49160364866257
-6.00482733845711
-0.730661582946776
3.66079505681992
8
-2.60973849892616
14.1634691417217
-1.83460542559624
1.7716951072216
1.41161213517189
5.13417214155197
-2.13363773822784
0.116322314739229
8
-4.77063640356064
-11.1181808114052
-4.49802935719491
-7.88453565835953
4.64353025555611
3.09106044173241
-0.198500651121139
0.408930718898773
8
-4.80994377732277
4.88661395907403
-7.61692554950714
3.21298251748085
-7.24222519397736
2.67323772907257
1.62292179465294
-6.50705636739731
8
0.0788366794586174
4.90401935577392
-10.0497272014618
-4.86504712700844
7.85482625365257
5.9846972644329
1.5967664539814
-1.10648500919342
2
8
-0.109231543540959
1.551327252388
7.29430939555168
0.245786845684051
-2.73105995059014
1.64768168330193
-3.22150512337685
3.54257610440254
8
-7.81469849348069
-0.988862466812133
-6.290984582901
1.77830514907837
-0.916041785478591
-3.62085304856301
9.48714787364006
2.66435649394989
|Explorer1Genome 30
2
7
8
-0.0241540431976329
-2.6320077419281
5.74578580260277
-5.02914734482765
-1.45960836410523
1.1103357732296
1.07881119251251
-2.93608211874962
8
7.65278927087784
-4.2807464838028
-5.73549952507019
-6.7434555053711
-13.7387383699417
15.3237650871277
-7.2380579829216
-5.31304916143417
8
-4.61139396429062
-12.0595641136169
6.98937206864357
1.59702261090279
-8.49160364866257
-6.00482733845711
-0.730661582946776
3.66079505681992
8
-2.60973849892616
14.1634691417217
-1.83460542559624
1.7716951072216
1.41161213517189
5.13417214155197
-2.13363773822784
0.116322314739229
8
-4.77063640356064
-11.1181808114052
-4.49802935719491
-7.88453565835953
4.64353025555611
3.09106044173241
-0.198500651121139
0.408930718898773
8
-4.80994377732277
4.88661395907403
-7.61692554950714
3.21298251748085
-7.24222519397736
2.67323772907257
1.62292179465294
-6.50705636739731
8
0.0788366794586174
4.90401935577392
-10.0497272014618
-4.86504712700844
7.85482625365257
5.9846972644329
1.5967664539814
-1.10648500919342
2
8
-0.109231543540959
1.551327252388
7.29430939555168
0.245786845684051
-2.73105995059014
1.64768168330193
-3.22150512337685
3.54257610440254
8
-7.81469849348069
-0.988862466812133
-6.290984582901
1.77830514907837
-0.916041785478591
-3.62085304856301
9.48714787364006
2.66435649394989
|Explorer1Genome 30
2
7
8
0.831021970510482
-5.21419854164123
7.27864502668381
-4.62378237843513
-2.33893200159073
-2.55274697542191
-0.389548361301422
-5.67578070759774
8
7.56309105157853
-4.31036972999573
-7.12781312465667
-7.4870287001133
-15.9609766483307
16.9070536136627
-7.58696772456169
-4.87001954317093
8
-2.6542650103569
-10.0790614783764
8.45853312015533
1.70851696133613
-8.27962827682495
-7.42330220341683
-1.75976803302765
4.27899139523506
8
-1.39873128533363
13.2762256205082
-1.2469191968441
1.97690705657005
1.72326179146767
4.07933581471443
-2.13831350803375
-0.0252681553363779
8
-4.8000117957592
-13.0955107152462
-6.36245329976083
-5.56184802651406
3.21723249554634
0.456506359577181
-0.364974671602248
1.18492958545685
8
-1.82840164899826
5.49488614201546
-4.54603095650673
0.808225762844083
-5.84123675823212
3.24364196658135
1.27398912906647
-9.68120574355125
8
1.41950833201408
4.37415370345115
-9.16054789423943
-6.39820405840874
9.67581098079681
5.32444789409637
1.05957887172699
-2.34372630119324
2
8
0.438511908054347
0.181649726629258
7.96697261929512
0.155838179588318
-2.06206280589104
1.98740160465241
-3.55944207310676
2.46530883908272
8
-7.92019006013871
-1.53916848301887
-6.290984582901
1.3161749124527
-0.527567225694655
-3.62085304856301
8.85705255866051
2.66435649394989
|Explorer1Genome 30
2
7
8
0.677751249074935
-5.13617057800293
7.00327678918839
-4.27560961842537
-2.37847841978073
-2.08572474718094
-0.122009527683258
-5.44358153343201
8
8.27769424319268
-4.33790278434753
-6.18396016955375
-7.25385633111
-16.4571145772934
16.9788340330124
-7.87229927778244
-4.435632199049
8
-2.79916352033615
-9.87111630439758
8.45853312015533
1.70851696133613
-7.97735562324524
-6.20304287075996
-1.65463974475861
3.9841019153595
8
-2.54567978382111
14.0649766027927
-1.6331647515297
2.46952056288719
1.20612189769745
3.80414522886276
-1.17332580089569
-0.00932637453079016
8
-4.09905681014061
-11.1732090651989
-6.21777448058129
-6.11573874354363
3.84971633553505
0.0603243649005911
0.691765612363817
0.117629712820053
8
-1.68886154890061
3.91596459150315
-5.38669250011444
0.534066289663312
-6.31390074491501
3.95730348825455
2.64660696387291
-6.80214745998382
8
0.904578274488449
4.2503424346447
-9.16054789423943
-6.39820405840874
9.99819841384888
5.60172128677368
1.05957887172699
-2.49965160489082
2
8
0.23263219594955
-1.51176586747169
6.22908780574799
2.0042932331562
-2.72828370332718
1.75091216564179
-2.73582707643509
1.30962370634079
8
-7.53987292051316
-2.24059002995491
-5.56656073331833
2.59589973092079
-1.56566503047943
-3.03117275834084
8.45459406971931
2.62537087202072
|Explorer1Genome 30
2
7
8
1.19374346137047
-4.36548616886139
7.61026097536087
-4.33316467404365
-1.88913270235062
-2.08572474718094
-0.462727463245392
-5.44358153343201
8
7.18010565042496
-4.93765257000923
-6.64883813261985
-7.95702006220818
-15.3954822301865
16.0780682086945
-7.22770056128502
-4.20496481657028
8
-3.1626474738121
-9.89046211242675
8.45853312015533
1.12771185040474
-7.73688035011292
-6.66034062504768
-1.15305401682854
3.9841019153595
8
-1.79722428917885
14.3229551136494
-1.57766410708428
1.46653260588646
1.63877691030502
4.45721171498299
-3.21784439682961
-0.293747389316557
8
-3.335154992342
-11.6290360569954
-4.02045419216157
-7.95734711885453
4.99827326536179
2.05272368788719
-1.34562174081802
0.753946268558502
8
-1.89862894415856
5.77622252702713
-4.99472325444221
0.71892508268356
-4.92223336100578
3.82357589602471
1.89041004180908
-9.26061870455742
8
-0.296507734060288
4.35465152263641
-8.95092574954034
-5.07827850580216
8.71146587729454
6.73180076479911
2.5424712061882
-2.49362167716026
2
8
0.00798115134238717
-0.376263499259948
7.49756780266762
2.5720399916172
-3.41474496126175
1.93522777557373
-2.48268519639969
1.1154322206974
8
-8.18471165895462
-1.05783942341804
-6.42713136672974
2.10671031475067
-0.553956085443496
-2.62719304561615
8.94376406669616
2.46899175643921
|Explorer1Genome 30
2
7
8
-0.376898485422135
-4.26247705817223
7.35435554385186
-4.60688980817795
-1.54758907556534
-0.659546595811843
0.237153351306916
-5.45454853177071
8
6.92491298913956
-5.0942866563797
-6.65613257884979
-7.02207500934601
-13.8970338344574
15.6595380306244
-7.90909360647202
-4.97829810380936
8
-5.53926849961281
-11.4192690372467
8.23087455034256
0.153784662485122
-7.54417217969894
-7.23714906573296
-1.85535409450531
3.38061702847481
8
-2.79034114480019
13.2527291119099
-1.94517287611962
3.06910909414291
2.75477101802826
5.77950290441513
-1.73100971579552
-0.419888728857038
8
-3.51141396164894
-11.3128145575523
-3.94946883320809
-7.25160866379738
4.06539419293404
2.21004323959351
-1.4380166888237
0.852699410915375
8
-4.21209076046944
5.13333767056466
-6.86112604141235
3.21298251748085
-6.29843675494194
2.23120304942131
2.41222450733185
-5.90334075689316
8
0.227696669101715
4.30879248976707
-8.665417188406
-6.6045339524746
9.94253522753715
5.05815834403038
1.41433277130127
-2.03698950409889
2
8
0.673750633001323
-0.693429976701736
6.52278232574463
0.845845013856888
-2.48485508561135
1.93178317546845
-2.57692693471909
2.16954844594002
8
-8.31895922422409
-1.88129389882088
-5.90554699897766
1.79122372269631
-0.146320468187331
-3.12939911484719
7.86684554219246
2.82069979310036
|Explorer1Genome 30
2
7
8
-0.376898485422135
-4.26247705817223
7.35435554385186
-4.60688980817795
-1.54758907556534
-0.659546595811843
0.237153351306916
-5.45454853177071
8
6.92491298913956
-5.0942866563797
-6.65613257884979
-7.02207500934601
-13.8970338344574
15.6595380306244
-7.90909360647202
-4.97829810380936
8
-5.53926849961281
-11.4192690372467
8.23087455034256
0.153784662485122
-7.54417217969894
-7.23714906573296
-1.85535409450531
3.38061702847481
8
-2.79034114480019
13.2527291119099
-1.94517287611962
3.06910909414291
2.75477101802826
5.77950290441513
-1.73100971579552
-0.419888728857038
8
-3.51141396164894
-11.3128145575523
-3.94946883320809
-7.25160866379738
4.06539419293404
2.21004323959351
-1.4380166888237
0.852699410915375
8
-4.21209076046944
5.13333767056466
-6.86112604141235
3.21298251748085
-6.29843675494194
2.23120304942131
2.41222450733185
-5.90334075689316
8
0.227696669101715
4.30879248976707
-8.665417188406
-6.6045339524746
9.94253522753715
5.05815834403038
1.41433277130127
-2.03698950409889
2
8
0.673750633001323
-0.693429976701736
6.52278232574463
0.845845013856888
-2.48485508561135
1.93178317546845
-2.57692693471909
2.16954844594002
8
-8.31895922422409
-1.88129389882088
-5.90554699897766
1.79122372269631
-0.146320468187331
-3.12939911484719
7.86684554219246
2.82069979310036
|Explorer1Genome 30
2
7
8
-0.499443769454957
-2.90430982112885
5.34771031141281
-5.74408808350563
-1.4456066429615
-0.876927244663238
0.00663719177246125
-3.67068393230438
8
8.77440358996392
-4.69786787629127
-6.22750992774963
-6.54237070679665
-16.4929221391678
16.1630040407181
-8.39200352430344
-4.99144357442856
8
-4.20476278066635
-11.4038408458233
8.77174317836761
2.10043259859085
-7.68916735649109
-8.7577634871006
-1.09998468756676
3.62793538570404
8
-2.68849259018898
14.3310464441776
-2.01505894064903
2.56107199192047
0.488180553913117
4.5706790804863
-2.16668112277985
0.7669417321682
8
-3.63835746049881
-12.3849426925182
-4.71020521521569
-6.76558443307877
3.50204711556435
0.882568126916888
1.10512946248055
0.559106475114822
8
-4.18304601311684
5.28734303116799
-6.68924300670624
3.21298251748085
-6.81817610263825
2.23120304942131
2.3258154630661
-7.09244068861007
8
0.72356594800949
4.42177557349205
-8.665417188406
-6.89691469073296
9.6710862159729
5.13965209722519
1.42031896114349
-1.45739052891731
2
8
-0.109231543540959
0.523814857006073
7.21133322119713
0.0412651181221005
-3.48731386065483
1.73921889662743
-3.27845214009285
2.26334915757179
8
-7.81118479967118
-1.93961198925972
-7.33813757896423
2.10671031475067
-0.0489069998264301
-2.80372930169106
8.24055904746055
3.80125226974487
|Explorer1Genome 30
2
7
8
0.831021970510482
-5.21419854164123
7.27864502668381
-4.62378237843513
-2.33893200159073
-2.55274697542191
-0.389548361301422
-5.67578070759774
8
7.56309105157853
-4.31036972999573
-7.12781312465667
-7.4870287001133
-15.9609766483307
16.9070536136627
-7.58696772456169
-4.87001954317093
8
-2.6542650103569
-10.0790614783764
8.45853312015533
1.70851696133613
-8.27962827682495
-7.42330220341683
-1.75976803302765
4.27899139523506
8
-1.39873128533363
13.2762256205082
-1.2469191968441
1.97690705657005
1.72326179146767
4.07933581471443
-2.13831350803375
-0.0252681553363779
8
-4.8000117957592
-13.0955107152462
-6.36245329976083
-5.56184802651406
3.21723249554634
0.456506359577181
-0.364974671602248
1.18492958545685
8
-1.82840164899826
5.49488614201546
-4.54603095650673
0.808225762844083
-5.84123675823212
3.24364196658135
1.27398912906647
-9.68120574355125
8
1.41950833201408
4.37415370345115
-9.16054789423943
-6.39820405840874
9.67581098079681
5.32444789409637
1.05957887172699
-2.34372630119324
2
8
0.438511908054347
0.181649726629258
7.96697261929512
0.155838179588318
-2.06206280589104
1.98740160465241
-3.55944207310676
2.46530883908272
8
-7.92019006013871
-1.53916848301887
-6.290984582901
1.3161749124527
-0.527567225694655
-3.62085304856301
8.85705255866051
2.66435649394989
|Explorer1Genome 30
2
7
8
0.276034158468245
-5.20170574188232
6.96262522935868
-4.62378237843513
-2.33893200159073
-2.55274697542191
-0.940019333362579
-5.93375006318093
8
8.95936343073846
-4.31985722184181
-5.80839831829071
-5.67793322205544
-16.1407975912094
16.0242245435715
-8.18424469232559
-5.05168412923813
8
-3.86772655248642
-10.9751121759415
7.77794382572174
1.82919406890869
-8.02920873165131
-5.77709323763847
-2.61664946675301
4.14946732521057
8
-2.54567978382111
14.0649766027927
-1.6331647515297
2.8461991250515
1.19629693031311
3.79303079843521
-1.17332580089569
-0.00932637453079016
8
-4.36842448115349
-11.559083455801
-6.2586152970791
-6.65024719238281
4.67859271764755
0.777174121141436
0.528829711675645
0.117629712820053
8
-1.71331576704979
6.40781615972519
-4.9693975508213
0.0873755812644931
-5.14627783298493
4.02439866065979
1.40747036933899
-9.06282874941826
8
1.17604295015335
2.94441002011299
-8.54770483374596
-5.06508446931839
8.88884356021881
6.79978932738304
3.79932236075401
-2.16981701850891
2
8
-0.179182875156407
-1.51176586747169
6.17901968955994
1.53990557789803
-2.72828370332718
1.75091216564179
-2.73582707643509
1.5125216782093
8
-6.48461049795151
-2.21658769249916
-5.56656073331833
1.66090870499611
-1.56566503047943
-3.03117275834084
8.67090040445327
2.62537087202072
|Explorer1Genome 30
2
7
8
1.19374346137047
-4.36548616886139
7.61026097536087
-4.33316467404365
-1.88913270235062
-2.08572474718094
-0.462727463245392
-5.44358153343201
8
6.90634686350823
-4.3862078666687
-5.66993605494499
-8.13080421090126
-15.568711912632
16.9381022930145
-7.97361371517182
-5.2697183072567
8
-2.79916352033615
-9.78434562683105
8.40774588584899
1.70851696133613
-7.84140846729279
-5.69735491871834
-1.19487292766571
3.70098989009857
8
-1.79722428917885
14.3229551136494
-1.57766410708428
1.46653260588646
1.63877691030502
4.45721171498299
-3.21784439682961
-0.293747389316557
8
-3.335154992342
-11.5707736849785
-3.98117570877076
-7.95734711885453
5.36836174726486
2.05272368788719
-1.30966304540634
0.852699410915375
8
-4.3129320204258
4.48765063881875
-7.51789267063141
2.05760825276375
-5.59362775683403
2.17058677077294
2.13189362883568
-7.5114817738533
8
0.510016477108001
4.6149970471859
-8.07398709654809
-5.94591797590256
9.65151669383049
5.00338207483291
0.865689063072204
-1.4934022963047
2
8
0.00798115134238717
-0.376263499259948
7.49756780266762
2.5720399916172
-3.41474496126175
1.93522777557373
-2.16717015504837
1.1154322206974
8
-8.18471165895462
-1.57686002850532
-6.5495621919632
2.10671031475067
-0.544120889902114
-2.76157007217407
8.68011094927788
2.91628150939941
|Explorer1Genome 30
2
7
8
0.258981782197951
-3.21756093502045
5.3722192645073
-5.66747954487801
-2.12798250317574
0.311996519565583
0.423414134979248
-3.09430325031281
8
8.77440358996392
-4.34167137742043
-5.24038240909576
-6.24989348053932
-16.4929221391678
16.0632299423218
-8.82083359956742
-4.58887218236923
8
-3.76341304779053
-10.244390463829
7.77794382572174
1.56592538356781
-7.89042966365814
-6.86274607181549
-2.77162719964981
4.50126457214356
8
-3.46932755112648
12.6638770341873
-0.638985937833788
3.47634080648422
2.87532358169556
4.32920209169388
-1.30660031437874
-1.05985249876976
8
-3.95587984919548
-11.8235295414925
-7.27706550955773
-7.02153673171997
4.64192034006119
0.480826431512835
0.333126944303514
0.324798512458801
8
-3.83031077980996
5.3624045431614
-6.83676114082337
3.21298251748085
-6.23725590705872
2.16306127905846
3.16979615092277
-6.38581937551498
8
0.949170196056365
3.14008246064186
-8.99181570410729
-4.16930912733078
9.41175944805145
5.77335764765739
3.17873758673668
-1.91004686355591
2
8
0.704803299903865
-0.117657190561294
7.86970334649086
1.77573605179787
-3.34173315763474
1.46478741168976
-2.68418289422989
1.63027258515358
8
-8.56410275697709
-1.64592292308807
-6.290984582901
2.46112990379334
-0.108879405260085
-3.11075904965401
9.02444836497307
2.84843928813934
|Explorer1Genome 30
2
7
8
0.258981782197951
-3.21756093502045
5.3722192645073
-5.66747954487801
-2.12798250317574
0.311996519565583
0.423414134979248
-3.09430325031281
8
8.77440358996392
-4.34167137742043
-5.24038240909576
-6.24989348053932
-16.4929221391678
16.0632299423218
-8.82083359956742
-4.58887218236923
8
-3.76341304779053
-10.244390463829
7.77794382572174
1.56592538356781
-7.89042966365814
-6.86274607181549
-2.77162719964981
4.50126457214356
8
-3.46932755112648
12.6638770341873
-0.638985937833788
3.47634080648422
2.87532358169556
4.32920209169388
-1.30660031437874
-1.05985249876976
8
-3.95587984919548
-11.8235295414925
-7.27706550955773
-7.02153673171997
4.64192034006119
0.480826431512835
0.333126944303514
0.324798512458801
8
-3.83031077980996
5.3624045431614
-6.83676114082337
3.21298251748085
-6.23725590705872
2.16306127905846
3.16979615092277
-6.38581937551498
8
0.949170196056365
3.14008246064186
-8.99181570410729
-4.16930912733078
9.41175944805145
5.77335764765739
3.17873758673668
-1.91004686355591
2
8
0.704803299903865
-0.117657190561294
7.86970334649086
1.77573605179787
-3.34173315763474
1.46478741168976
-2.68418289422989
1.63027258515358
8
-8.56410275697709
-1.64592292308807
-6.290984582901
2.46112990379334
-0.108879405260085
-3.11075904965401
9.02444836497307
2.84843928813934
|Explorer1Genome 30
2
7
8
-0.499443769454957
-2.90430982112885
5.34771031141281
-5.74408808350563
-1.4456066429615
-0.876927244663238
0.00663719177246125
-3.67068393230438
8
8.09234809279442
-4.1222152531147
-5.95058600902557
-7.19743776321411
-16.2203695774078
15.8568740129471
-7.65848898887635
-4.21902665495873
8
-4.14861227273941
-11.4038408458233
8.77174317836761
2.10043259859085
-7.31795406341553
-8.79386451840401
-1.09998468756676
3.62793538570404
8
-2.95380104184151
14.3310464441776
-2.01505894064903
2.56107199192047
0.488180553913117
4.5706790804863
-2.17172389030457
0.7669417321682
8
-3.63835746049881
-12.3849426925182
-4.71020521521569
-7.23708602190018
3.50204711556435
0.882568126916888
0.717617923021318
0.559106475114822
8
-3.4322015285492
6.22818969488144
-7.04870318174362
2.64809367060661
-7.9849248111248
3.33080705404282
2.56115557551384
-5.45644031763077
8
0.502439558506011
3.25415952801704
-9.29628712534905
-4.52357987165451
9.95231711864471
6.01606766581535
3.06126988530159
-1.55107679963112
2
8
0.0699178278446148
-0.0133839726448054
7.21133322119713
0.133142507076263
-3.48731386065483
1.73921889662743
-3.27845214009285
2.26334915757179
8
-7.02931886911393
-1.26517135500908
-6.29012815356254
4.28409161567688
0.280937814712525
-2.32582000494004
9.70560263991356
0.924669003486634
|Explorer1Genome 30
2
7
8
-0.295324820280076
-3.21756093502045
5.52141581773758
-5.66747954487801
-1.56301615834236
-0.27600792646408
0.897443723678589
-3.09430325031281
8
7.3075646519661
-4.14516410827637
-5.64360289573669
-6.7434555053711
-13.8373071193695
15.6863251447678
-7.4161279797554
-5.06225453615189
8
-3.93530285954475
-10.244390463829
7.6848536491394
1.81856386661529
-8.71882419586182
-6.31697418689728
-2.77162719964981
4.50126457214356
8
-3.03632832169533
14.0413389027119
-0.479979526996615
2.87641238570213
2.5940914273262
4.78929105997086
-0.783086490631104
0.352683579921725
8
-3.95587984919548
-11.8235295414925
-7.27706550955773
-6.65024719238281
4.64192034006119
0.480826431512835
0.42749771475792
0.324798512458801
8
-3.83031077980996
5.65617007017136
-6.83676114082337
3.21298251748085
-6.23725590705872
2.67695242762566
3.16979615092277
-6.38581937551498
8
1.32066587209701
3.14008246064186
-8.77544018626214
-4.24316779375076
9.41175944805145
5.77335764765739
3.17873758673668
-1.77540547847748
2
8
0.605455851554866
-0.117657190561294
7.52154117226601
1.90034196972847
-3.34173315763474
1.98501551151276
-3.24286485910416
1.1154322206974
8
-8.56410275697709
-1.54938857555389
-6.290984582901
2.13795683383942
-0.527567225694655
-3.11075904965401
9.02444836497307
2.81959509849548
|Explorer1Genome 30
2
7
8
0.276034158468245
-5.21419854164123
7.39959141016007
-4.96395900845527
-2.28552378416061
-2.55274697542191
-0.568146073818207
-5.93375006318093
8
7.18010565042496
-3.90032513141632
-6.17391998171806
-7.48953486680985
-16.0629991531372
17.0426367044449
-7.58696772456169
-4.60757840871811
8
-2.94406505227089
-10.9397584080696
9.70090007781982
1.88683997988701
-7.05421652793884
-8.37417920231819
-2.35937265753746
4.93051679134369
8
-2.54567978382111
14.0649766027927
-1.6331647515297
2.46952056288719
1.20612189769745
3.80414522886276
-1.17332580089569
-0.00932637453079016
8
-4.09905681014061
-11.1732090651989
-6.21777448058129
-5.60559460520745
3.79735067486763
0.0603243649005911
0.998087185621263
0.491310781240463
8
-1.68886154890061
3.66888092756272
-5.44409456253052
0.534066289663312
-6.31390074491501
3.95730348825455
2.64660696387291
-6.80214745998382
8
0.402269548177719
4.62498609423637
-9.16054789423943
-6.39820405840874
9.99819841384888
6.10652253627777
1.05957887172699
-2.49965160489082
2
8
-0.179182875156407
-1.51176586747169
7.07456142902374
1.53990557789803
-2.72828370332718
1.75091216564179
-2.73582707643509
1.11048637032509
8
-7.39860805273057
-2.11888075470924
-5.30770698189735
2.11630259156227
-1.56566503047943
-3.03117275834084
8.65705820322036
2.62537087202072
|Explorer1Genome 30
2
7
8
-0.722024559974672
-3.14014501571655
6.23387903571129
-5.26035025715828
-1.54880340099335
0.311996519565583
1.04079191684723
-3.09430325031281
8
7.68274904489518
-3.69508757591248
-5.97523601055145
-6.41163971424103
-14.1962597131729
15.9469590246677
-7.03838168382645
-5.32736343145371
8
-5.2950657248497
-11.6975348472595
8.13866336941719
1.88329105973244
-8.88685032129288
-7.08636473417282
0.203604602813722
4.22912308573723
8
-2.07240255475044
14.5456620573998
-1.79921364188195
1.74406835436821
0.928795540332794
4.41101711988449
-1.59884815812111
0.847891944646837
8
-4.3767533659935
-11.8141585469246
-3.97766593098641
-7.96636899709702
4.34052151441574
3.37752313613892
-0.511865061521529
0.970013654232025
8
-3.95212348103524
5.54027296304703
-7.54961097240448
3.05048757195472
-6.85735151767731
2.29352548122406
1.62292179465294
-5.60748480558395
8
0.514718121290206
4.92566242218017
-9.58761686682702
-5.92161388993263
8.20777220129967
6.12512435317039
1.39207814335823
-1.08208491802216
2
8
-0.110201930999761
0.97761989235878
6.92684146761894
1.18577142953873
-3.08850242495537
2.0691271007061
-2.73637294173241
3.41904664635658
8
-8.18471165895462
-1.89914067387581
-5.66272720694542
2.10671031475067
-0.26110993027687
-3.16137734055519
9.09508222937584
2.81502311229706
|Explorer1Genome 30
2
7
8
-0.722024559974672
-3.14014501571655
6.23387903571129
-5.26035025715828
-1.54880340099335
0.311996519565583
1.04079191684723
-3.09430325031281
8
7.68274904489518
-3.69508757591248
-5.97523601055145
-6.41163971424103
-14.1962597131729
15.9469590246677
-7.03838168382645
-5.32736343145371
8
-5.2950657248497
-11.6975348472595
8.13866336941719
1.88329105973244
-8.88685032129288
-7.08636473417282
0.203604602813722
4.22912308573723
8
-2.07240255475044
14.5456620573998
-1.79921364188195
1.74406835436821
0.928795540332794
4.41101711988449
-1.59884815812111
0.847891944646837
8
-4.3767533659935
-11.8141585469246
-3.97766593098641
-7.96636899709702
4.34052151441574
3.37752313613892
-0.511865061521529
0.970013654232025
8
-3.95212348103524
5.54027296304703
-7.54961097240448
3.05048757195472
-6.85735151767731
2.29352548122406
1.62292179465294
-5.60748480558395
8
0.514718121290206
4.92566242218017
-9.58761686682702
-5.92161388993263
8.20777220129967
6.12512435317039
1.39207814335823
-1.08208491802216
2
8
-0.110201930999761
0.97761989235878
6.92684146761894
1.18577142953873
-3.08850242495537
2.0691271007061
-2.73637294173241
3.41904664635658
8
-8.18471165895462
-1.89914067387581
-5.66272720694542
2.10671031475067
-0.26110993027687
-3.16137734055519
9.09508222937584
2.81502311229706
|Explorer1Genome 30
2
7
8
-0.722024559974672
-3.14014501571655
6.23387903571129
-5.26035025715828
-1.54880340099335
0.311996519565583
1.04079191684723
-3.09430325031281
8
7.68274904489518
-3.69508757591248
-5.97523601055145
-6.41163971424103
-14.1962597131729
15.9469590246677
-7.03838168382645
-5.32736343145371
8
-5.2950657248497
-11.6975348472595
8.13866336941719
1.88329105973244
-8.88685032129288
-7.08636473417282
0.203604602813722
4.22912308573723
8
-2.07240255475044
14.5456620573998
-1.79921364188195
1.74406835436821
0.928795540332794
4.41101711988449
-1.59884815812111
0.847891944646837
8
-4.3767533659935
-11.8141585469246
-3.97766593098641
-7.96636899709702
4.34052151441574
3.37752313613892
-0.511865061521529
0.970013654232025
8
-3.95212348103524
5.54027296304703
-7.54961097240448
3.05048757195472
-6.85735151767731
2.29352548122406
1.62292179465294
-5.60748480558395
8
0.514718121290206
4.92566242218017
-9.58761686682702
-5.92161388993263
8.20777220129967
6.12512435317039
1.39207814335823
-1.08208491802216
2
8
-0.110201930999761
0.97761989235878
6.92684146761894
1.18577142953873
-3.08850242495537
2.0691271007061
-2.73637294173241
3.41904664635658
8
-8.18471165895462
-1.89914067387581
-5.66272720694542
2.10671031475067
-0.26110993027687
-3.16137734055519
9.09508222937584
2.81502311229706
|Explorer1Genome 30
2
7
8
-0.722024559974672
-3.14014501571655
6.23387903571129
-5.26035025715828
-1.54880340099335
0.311996519565583
1.04079191684723
-3.09430325031281
8
7.68274904489518
-3.69508757591248
-5.97523601055145
-6.41163971424103
-14.1962597131729
15.9469590246677
-7.03838168382645
-5.32736343145371
8
-5.2950657248497
-11.6975348472595
8.13866336941719
1.88329105973244
-8.88685032129288
-7.08636473417282
0.203604602813722
4.22912308573723
8
-2.07240255475044
14.5456620573998
-1.79921364188195
1.74406835436821
0.928795540332794
4.41101711988449
-1.59884815812111
0.847891944646837
8
-4.3767533659935
-11.8141585469246
-3.97766593098641
-7.96636899709702
4.34052151441574
3.37752313613892
-0.511865061521529
0.970013654232025
8
-3.95212348103524
5.54027296304703
-7.54961097240448
3.05048757195472
-6.85735151767731
2.29352548122406
1.62292179465294
-5.60748480558395
8
0.514718121290206
4.92566242218017
-9.58761686682702
-5.92161388993263
8.20777220129967
6.12512435317039
1.39207814335823
-1.08208491802216
2
8
-0.110201930999761
0.97761989235878
6.92684146761894
1.18577142953873
-3.08850242495537
2.0691271007061
-2.73637294173241
3.41904664635658
8
-8.18471165895462
-1.89914067387581
-5.66272720694542
2.10671031475067
-0.26110993027687
-3.16137734055519
9.09508222937584
2.81502311229706
|Explorer1Genome 30
2
7
8
-1.02236056923866
-4.97002675533295
8.01280683279038
-4.41348095536232
-2.12639921307564
-1.02293397188187
-0.145889484882355
-6.05926435589791
8
6.75968762636185
-3.51297532916069
-5.70129384994506
-6.15079517364502
-14.1962597131729
15.8338981926441
-6.97747036218643
-5.2539355635643
8
-4.93781250715256
-11.5802791833878
7.9677944779396
1.03009875416756
-7.80268076658249
-6.59096017479897
-0.635458111763
3.71691216230393
8
-3.61177223324776
12.2221837282181
-0.0165232062339808
3.59843875169754
3.00347301959991
5.36004818677902
-0.797342520952225
-0.811311787366865
8
-4.34275352358818
-11.2793575942516
-7.1897192656994
-6.65024719238281
4.81837850809097
0.777174121141436
0.651683664321901
-0.440964132547379
8
-5.07657223343849
3.73696841001511
-7.1785357773304
5.33894129395485
-5.57559354901314
2.70450577735901
4.21555067896843
-5.52154589891433
8
0.256653064489364
4.92566242218017
-9.76486008167268
-5.45446591973305
8.20777220129967
6.6560392320156
1.99159205555916
-0.729492968320848
2
8
0.640357202291484
-0.693429976701736
6.52278232574463
0.916755896806717
-2.64740709066391
1.35783185958862
-2.57692693471909
2.4246967613697
8
-8.27854005098343
-1.57668700814247
-7.15063128471374
2.09251613616944
-0.253065663576125
-3.11668086647988
8.24279529452324
2.70625023841858
|Explorer1Genome 30
2
7
8
0.258981782197951
-3.21756093502045
5.52141581773758
-6.22312367558479
-2.12798250317574
0.311996519565583
0.423414134979248
-3.36058430671692
8
8.77440358996392
-4.34167137742043
-5.37095298767089
-6.24989348053932
-16.0263562440872
16.0632299423218
-8.97284452319145
-4.58887218236923
8
-3.11893011331558
-10.1269216001034
8.85292692184448
1.47962201833725
-7.84945639967918
-8.50990062355995
-2.43318524360657
3.85628514289856
8
-3.46932755112648
12.6638770341873
-0.311013644933703
3.59843875169754
2.87532358169556
4.9134013056755
-1.30660031437874
-0.800200808048246
8
-4.80913860201836
-11.2178880870342
-6.6327298462391
-6.0175937473774
3.72782910466194
3.08488215208054
1.06207444667816
0.069860965013504
8
-3.98646391034127
5.3624045431614
-7.38732266426087
3.21298251748085
-6.76950788497925
2.23120304942131
3.06524915099144
-6.25525809526443
8
0.706497013568878
4.51676339507103
-9.08148116469384
-6.39820405840874
9.64958414435386
5.13965209722519
1.24989304542541
-1.95293758511543
2
8
0.704803299903865
-0.117657190561294
7.01332193017006
1.90034196972847
-2.81994107961655
1.64352708458901
-3.24286485910416
1.63027258515358
8
-8.54089521169663
-1.64592292308807
-6.290984582901
2.0320426940918
-0.527567225694655
-3.11075904965401
9.02444836497307
3.20622115135193
|Explorer1Genome 30
2
7
8
0.978613239526747
-2.43415171504021
5.88788015246392
-5.16518283486366
-1.48000994324684
-0.117655456066131
1.33086338043213
-3.09430325031281
8
7.3075646519661
-4.30231494903564
-6.35847355723381
-6.7434555053711
-14.0409411430359
15.6796806335449
-7.2380579829216
-5.81423438191414
8
-5.17627757191658
-11.4694198548794
7.72817152142524
1.22055132985115
-8.21351137757301
-6.61200033426285
-0.730661582946776
4.18209518194199
8
-1.07700002789497
15.0366307079792
-0.908778059482577
2.74272372126579
2.35623127222061
4.54866327643394
-1.82346930503845
0.135795223712923
8
-4.31739608049393
-11.6290360569954
-4.49802935719491
-7.92954963445664
3.87315934300423
3.32646868228913
0.370197880268098
0.490800034999847
8
-3.79094153046608
5.00915618538857
-7.38841900825501
3.21298251748085
-6.84691157341003
2.23120304942131
1.68686551451683
-6.40546580553055
8
1.28712824583054
5.32198292613029
-9.73852824568749
-5.5452389895916
9.72657505869865
5.13965209722519
2.01791169643402
-1.33160887360573
2
8
-0.520942831039434
0.984410548210145
7.80532190799713
0.0947874903678892
-2.70288311243058
1.82454645633698
-2.33086733818054
3.00264630317688
8
-4.76871391534806
-0.482793372869492
-6.05264281034469
4.65936509370804
0.118606305122376
-2.20542944669724
6.73517674803734
0.350438952445985
