50
2258
|Explorer2Genome 30
3
6
8
-8.47776778936386
-2.64506639242172
-6.52130616307258
4.43197075724602
-10.089533662796
-6.39057173132897
2.82656288743019
-1.49730827212334
8
4.38817780017853
6.22481453418731
-7.8398505628109
1.54737433195114
-0.0351156353950483
-4.9244110763073
-1.26511391997338
0.916762411594389
8
11.5270249068737
8.05908180475235
-1.24512244462967
-1.15745044946671
0.143192744255066
1.6334908246994
2.61422504782677
-9.07438113093375
8
9.02378557920456
0.367526441812515
4.48892917633057
-8.15900533795357
-0.471297812461853
-4.38431748151779
1.25478604435921
-4.3085938334465
8
-3.49727804660797
4.43650146126747
1.13523526191711
12.3241427659988
-0.788813066482545
-7.77267609834671
-2.83577844500542
-0.635336101055145
8
2.58737290501595
4.26478870511055
5.24123837947845
10.1954672336578
2.84022030234337
1.86052722930908
0.22440744638443
-3.3443383872509
6
7
7.98666976690292
7.18490193486214
4.78352263569832
-3.95481876730919
11.1488632142544
7.3464197933674
-8.04557833075524
7
6.93868395090103
1.91560329198837
-4.58610640764236
7.82235286235809
2.01772375702858
4.19609177708626
4.1913186609745
7
-0.736146491765978
-1.73499513268471
-3.79577043056488
1.35819735527038
4.20983096361161
5.4833769261837
13.6479006528854
7
0.660499870777129
-0.572931557893753
11.4075290262699
-0.761158561706543
-5.59350256323815
-5.32829343676567
3.00197797417641
7
-4.81205518245697
-15.5467944800854
-2.35514461994171
7.85697450637818
7.15041428804398
-11.3175897717476
-3.02464144825935
7
4.02302856445312
0.884504747390748
8.13340451717377
-0.788631135225297
-3.12704693675041
3.26468410491943
4.07803155183792
2
7
11.2899839818478
-5.35380563139915
-4.14024616479874
-14.4720105230808
2.18715931177139
-6.40753239393234
6.96617451906204
7
6.67814281582833
-2.43489026427269
2.89893650412559
0.526316529512411
-0.937789809703826
-0.200241899490356
6.43716076612473
|Explorer2Genome 30
3
6
8
-8.68260002732276
-2.022676384449
-8.90124502778053
3.47991948723794
-8.52310299873351
-6.49565216898918
6.06499163508415
-1.75572276711464
8
5.18344640731812
7.35931041240692
-7.68032730817795
2.13240504860878
-0.731148982048033
-4.7345311164856
-1.46197254061699
0.648504710197447
8
11.6947925567627
7.24775955080986
-0.859257012605666
-2.04971966147423
0.820696407556534
1.29973504543305
2.46605781912803
-8.11074531078338
8
8.53163212537766
1.68513036370277
4.63667826652527
-8.87113626599312
-0.95092134475708
-3.58362780809403
1.02814410328865
-4.2026965022087
8
-3.83591330051422
4.60578502416611
0.91718590259552
12.3022488594055
0.543465757369994
-8.86426435709
-3.0784592807293
-0.0344639182090753
8
1.50020199418068
4.39230342507362
6.15508921742439
10.6421802043915
4.3015227496624
1.58651497364044
-0.0226549744606016
-2.88120056986809
6
7
8.13381625413894
7.18490193486214
4.78352263569832
-4.33606171607971
11.3890039622784
7.85077593922616
-8.14157673716545
7
4.95483765602111
1.98673504590988
-4.46152466535568
7.85871533751488
1.49424632191658
3.72271385788918
2.76280779242515
7
0.110756158828733
-2.15622102022171
-3.40241283774376
0.418386435508725
3.322516310215
2.58483512997627
11.40549300313
7
1.11881357431412
-0.126546692848206
11.9630738794804
-0.498044514656067
-6.13252858519554
-5.41460184454918
3.35308313965798
7
-5.00191767215729
-15.6933276355267
-2.60002508163452
7.5941746711731
9.38763018250465
-12.0839296996594
-2.57338508367538
7
4.98529372215271
3.41836117506027
8.426052993536
-3.96533145308495
-6.70932350754738
4.58470056653022
3.84596185684204
2
7
10.0410411775112
-4.68609210252762
-2.46820307374001
-14.2328043818474
2.55631967782974
-7.3015740275383
6.93991683721542
7
6.33109590411187
-3.22575700879097
2.45501397848129
0.0830323159694728
0.739610850811005
-1.5551261305809
7.05426696538925
|Explorer2Genome 30
3
6
8
-7.88613331317901
-1.83159669041634
-8.45286343693733
3.90800033211709
-7.98551263809203
-5.69536346793175
5.55171481966972
-1.81113098263741
8
6.97824438810349
7.48935356140136
-4.76154264807701
2.39849253892898
-0.000288689136503345
-5.7249503672123
-1.05568451881409
1.07041366696358
8
13.0951628148556
7.60286909341812
-0.568627417087554
-2.08073400855064
-0.785281175374985
1.73446828722954
3.67460147738456
-8.20299379229545
8
10.6955647945404
0.271259385347366
4.62030191421509
-8.54188974499703
0.420372712612152
-2.71095318794251
-1.12091571688652
-4.04010519385337
8
-4.91885182857514
4.95029095411301
1.60166665315628
12.3022488594055
-0.14217610359192
-7.22195657491684
-2.9439566552639
0.33119809627533
8
2.29189139008522
3.10195977687836
5.12678251266479
10.7620578169823
4.27976581454277
1.76459782719612
0.0659501016139986
-2.36102003455162
6
7
8.78110445737839
6.86552050709725
4.78352263569832
-4.60947616100311
11.7525306880474
8.38519628643991
-8.7329108953476
7
9.32348639369011
2.8556737601757
-6.5725340783596
7.41054320931435
1.82986832857132
1.39824352264404
4.559744566679
7
-0.578788208961489
-2.00097671151161
-4.03300051689148
-0.31894102096558
4.98749133348466
6.18146695494652
12.9436302423477
7
1.00138539075851
-0.753927308320999
10.1704300165176
-0.781111299991608
-8.6589591562748
-3.87388905882835
6.24572353959084
7
-7.35779967904091
-13.3712023198605
-3.86260695457458
7.43321325182915
7.81091423034668
-8.77712341547013
-3.49678238630295
7
4.81957649588585
4.26543518304825
8.9924048781395
-2.84040684103966
-6.82681463360786
3.22127337455749
2.97723670005798
2
7
10.2831886470318
-4.52338824868202
-3.1911279976368
-14.1442572951317
3.08510731458664
-6.70413594841957
7.50199161767959
7
6.57668593525887
-1.69994280338287
3.34423056840896
-1.87967577576637
-1.1672508597374
-1.02768678665161
7.22566148042679
|Explorer2Genome 30
3
6
8
-7.88613331317901
-2.45373312234879
-8.45286343693733
3.90800033211709
-7.98551263809203
-5.69536346793175
5.55171481966972
-1.81113098263741
8
6.97824438810349
7.71223533153534
-4.76154264807701
2.96306306123733
-0.000288689136503345
-5.0162543118
-1.05568451881409
1.07041366696358
8
13.0951628148556
7.60308030843735
-0.568627417087554
-2.08073400855064
-0.785281175374985
1.73446828722954
3.67460147738456
-8.17131676077842
8
10.6955647945404
0.271259385347366
4.62030191421509
-8.08772080540657
0.420372712612152
-2.71095318794251
-0.971790546178817
-4.04010519385337
8
-3.15274863839149
5.42535145878792
1.28452572822571
11.7657721698284
0.746899133920668
-7.78875259757042
-0.839460557699207
-1.58881491422653
8
3.73361056447029
3.73772136569023
6.51348916888237
11.4345357179642
5.8790453851223
2.84360191226006
0.648378199338913
-3.35697268247604
6
7
8.15876170992851
7.18490193486214
4.50747490525245
-4.17533094882965
11.3890039622784
7.85077593922616
-8.22762613296509
7
5.43995985984802
1.99851294755936
-4.46152466535568
8.23985772132873
1.49424632191658
3.48084213733673
2.76280779242515
7
-0.578788208961489
-2.51371636986732
-4.53919386863708
-0.31894102096558
4.98749133348466
6.18146695494652
12.9436302423477
7
1.43635765314102
-0.492109304666519
11.0356847345829
-0.641698479652405
-5.59350256323815
-5.50452679991722
3.5797071993351
7
-7.35779967904091
-13.3712023198605
-3.86260695457458
7.43321325182915
7.81091423034668
-8.77712341547013
-3.49678238630295
7
4.22856314778328
0.797530007362366
8.13340451717377
-0.967680889368058
-2.59671756625175
3.09998930096626
4.63476516008377
2
7
9.64416987299919
-4.7072531580925
-1.97409983277321
-14.3341420292854
2.55491282343864
-7.3015740275383
7.52027505636215
7
6.21856740117074
-1.57218418121338
3.34423056840896
-1.66905443668365
-1.1672508597374
-1.02768678665161
7.22566148042679
|Explorer2Genome 30
3
6
8
-7.88613331317901
-2.022676384449
-8.45286343693733
3.90800033211709
-7.5420331954956
-5.69220482707024
5.09521686434746
-1.81113098263741
8
6.80429270863533
7.3329340159893
-7.0609318614006
1.66739773154259
0.988427394628526
-4.44164526462555
-1.3384801864624
0.284336578845976
8
13.0951628148556
7.60308030843735
-1.16003648042679
-1.61310095191002
-0.785281175374985
1.81693062186241
3.67460147738456
-8.17131676077842
8
10.1541898906231
0.22427589893341
4.95819973945618
-6.32731743454933
0.17859810590744
-2.05387089848518
0.137106454372407
-3.97267095446586
8
-3.49727804660797
3.88157973885537
1.35969107747078
12.3241427659988
0.229775762557982
-7.77267609834671
-3.19826862215996
0.0284480452537542
8
0.975524717569351
4.39230342507362
5.94595503807068
10.1114291191101
4.25490688681603
1.58651497364044
-0.0226549744606016
-2.33420345187187
6
7
8.01771613955497
7.39523954987526
5.71939592957496
-4.15804085731506
12.5275856494904
7.3876791059971
-7.16874231696129
7
6.66929689645767
2.30875791311264
-4.40133269429207
7.46294679641723
2.42180945277214
3.8767772257328
4.1160888671875
7
-0.254627013206484
-2.00097671151161
-4.03300051689148
-0.31894102096558
4.98749133348466
6.18146695494652
12.9436302423477
7
1.01108454465866
-0.294180876016617
11.9631122887135
0.195721650123596
-5.59350256323815
-5.41460184454918
3.09974227547646
7
-7.35779967904091
-13.0860247254372
-3.86260695457458
7.43321325182915
7.81091423034668
-8.77712341547013
-3.49678238630295
7
3.63929107189178
0.648027110099793
7.98996503949166
-0.650213414430619
-2.52333778142929
2.92966046333312
5.28107205033302
2
7
10.0410411775112
-4.68609210252762
-2.46820307374001
-14.2328043818474
2.55631967782974
-7.3015740275383
6.93991683721542
7
6.57668593525887
-1.57218418121338
3.34423056840896
-1.87967577576637
-1.23408600091934
-1.02768678665161
7.22566148042679
|Explorer2Genome 30
3
6
8
-8.74429582357406
-3.17040876746178
-6.40257607102394
4.41852344870568
-10.6131895542145
-5.84485942721367
5.11775439381599
-1.27014589309692
8
6.40475886464119
7.3329340159893
-7.35947000384331
1.66739773154259
0.205971807241442
-4.85901801586151
-1.3384801864624
0.126037484407423
8
12.7720321595669
8.05908180475235
-0.377908337116241
-1.15745044946671
0.452856850624084
0.89368996024132
2.48665353655815
-8.97443179488181
8
9.26623824834823
0.464910799264907
5.26538763046265
-6.81907912492752
0.144236862659454
-2.72746776342392
0.766837060451509
-4.43002449870109
8
-3.34715312719345
4.19398590326309
0.765400552749634
11.9462432086468
0.945746111869811
-7.70003225803375
-2.12807403802872
-1.12863889932632
8
2.39041643738747
3.86933818459511
6.3408518075943
10.1954672336578
3.03092128634453
2.15149261951447
0.22440744638443
-3.3443383872509
6
7
8.43425406217575
6.86552050709725
4.78352263569832
-4.17533094882965
11.1926342189312
8.38519628643991
-8.25111892223358
7
9.20901607871055
3.49836964607239
-6.57870308756828
6.9860735476017
2.09139801263809
2.03177471160889
4.64519852995872
7
-0.140801501274111
-2.18095046877861
-3.06789869070053
-0.313621306419376
3.2665720820427
3.92201295495033
11.1113471031189
7
1.80282958745956
-0.809196674823761
10.5443014144897
-1.33278390169144
-7.05259898304939
-4.47611856460571
4.71306084990502
7
-6.94275411963463
-12.8436355531216
-4.72570696473122
7.17485803365707
6.97550232410431
-8.8930391907692
-2.55398078560829
7
4.81957649588585
4.26543518304825
8.9924048781395
-2.84040684103966
-6.77359266877174
3.45053822994231
2.97723670005798
2
7
10.8507862746715
-4.52338824868202
-3.1911279976368
-14.1442572951317
2.49097813367844
-6.70413594841957
7.50199161767959
7
6.34229307174683
-2.09496874809265
2.95977610349655
-2.38079095482826
-0.642622345685958
-0.787512975931167
7.30869115591049
|Explorer2Genome 30
3
6
8
-9.10513933897018
-3.13723166584969
-6.34182353615761
3.58777114748955
-9.02191991806029
-6.39057173132897
4.52846105694771
-0.905239975452423
8
5.13709046840668
5.87851231098175
-8.00077360868454
2.0362167596817
0.0882780313491838
-4.33742322325707
-1.99284343123436
0.714256739616392
8
12.2524903297424
7.24775955080986
-0.312961131334304
-2.53423375487328
0.820696407556534
1.49849966168404
2.5165743291378
-8.11074531078338
8
9.02230664491653
0.332956504821777
4.76030828952789
-6.62533129453659
0.452572596073151
-3.19880970716476
0.109338653087617
-4.79794024825095
8
-3.49727804660797
3.88157973885537
2.26346936225891
12.4388452529907
-0.308332586288454
-7.55803852677345
-2.84632152915001
-0.0302632927894587
8
1.98508351445198
4.64786662459374
6.09011397361755
10.5606092751026
3.30474133491516
1.13200843334198
0.209286153316498
-2.39791106581688
6
7
8.13381625413894
7.18490193486214
5.15620061159134
-4.17533094882965
11.9525160491467
7.41050742268564
-8.07669538855553
7
7.46706153154373
1.35579980611801
-4.61228957772255
8.56683022975922
0.730208855867386
3.94701778888702
3.14270686507225
7
-0.166250175237658
-2.35562831163406
-2.44406434893608
0.712106758356091
2.82330249547959
4.05954611897469
11.3366607964039
7
1.47034560441971
-1.29173453450203
10.4628960132599
-0.519279223680497
-8.35900301933289
-4.94297714233398
6.24572353959084
7
-5.18569755554199
-15.0974917113781
-2.41091048121452
8.21970549225808
7.36341265439987
-13.8312183737755
-2.19039058089256
7
4.16652528047562
4.46159211993217
8.25386964082719
-3.89735977053642
-5.50739938020706
4.88516340851783
4.2955279648304
2
7
11.1920709609985
-5.08892862200737
-3.2670439362526
-14.6641320586205
2.18715931177139
-5.94101892709732
6.38995829224586
7
6.25134649872781
-2.06392824053764
1.1204100549221
1.187906986475
-0.706209528446197
-0.537581253051757
6.58148943185806
|Explorer2Genome 30
3
6
8
-7.13712113499641
-0.92419592142105
-4.20186033844948
3.64083353877068
-9.47093411684036
-6.27628264427185
4.15965792536735
-0.779865300655365
8
4.7529887676239
5.95974526405334
-7.71104038953781
1.45643904209137
-0.775370007753371
-4.15240163803101
-2.28652023077011
2.00361306667328
8
12.3473625838757
8.30237173438072
-0.991937434673309
-1.40470675826073
0.780336046218872
1.44604319930077
2.63388156294823
-9.07438113093375
8
11.7453694224358
-0.190043425559998
5.65859097838402
-8.93949890732765
0.532217180728912
-4.96704139113426
0.491843223571778
-5.02348563075065
8
-3.6019982457161
4.19398590326309
0.765400552749634
11.9462432086468
0.509791517257689
-7.50080800056458
-2.12807403802872
-0.665668952465057
8
2.60225680470467
4.26914033889771
5.62243930697441
10.0552806854248
5.5409847676754
2.89037178754807
0.505004042387009
-3.3975748360157
6
7
8.40177816152572
6.86504536271095
4.78352263569832
-3.97314596176147
11.7525306880474
8.89887064099313
-7.77499138116837
7
6.99903301000595
2.05339528918266
-4.7859681725502
9.02179954051971
-0.178788864612579
4.26912333965302
2.54494404196739
7
-0.105548262596132
-1.88881946206093
-2.25359875559807
0.153365802764889
3.2665720820427
3.92201295495033
11.4974199771881
7
0.748394787311553
0.236774665117264
10.1166960895062
0.871209794282913
-7.30340076088906
-3.3460245847702
3.68617278337479
7
-7.35779967904091
-13.9396944463253
-4.18700949549675
7.48859228491783
7.81091423034668
-8.77712341547013
-2.01088572740555
7
4.98529372215271
3.77748178243637
8.86795651316643
-4.98090047240257
-6.60963867306709
4.73187709450721
3.2876095533371
2
7
10.8065882444382
-5.54948014616966
-2.8250028192997
-13.7624846279621
3.26242654323578
-4.90525789856911
8.32877897024154
7
7.12548971772195
-1.84913452863693
2.74095709323883
0.0185039281845148
-0.959061014652251
0.145179843902589
7.30251871347427
|Explorer2Genome 30
3
6
8
-7.88613331317901
-1.53840848207474
-8.45286343693733
3.90800033211709
-7.5420331954956
-5.69220482707024
5.09521686434746
-1.81113098263741
8
6.80429270863533
6.74765011668205
-7.0609318614006
1.66739773154259
0.988427394628526
-4.74138770103455
-0.807746982574465
0.284336578845976
8
13.0951628148556
7.60308030843735
-1.16003648042679
-1.823252171278
-0.785281175374985
1.81693062186241
3.67460147738456
-8.17131676077842
8
9.47204412817954
0.0589501857757563
5.26689474582672
-7.40536833405495
0.790779554843903
-3.20343793034554
-0.808745372295378
-3.77544834017753
8
-3.49727804660797
3.8235007584095
1.35969107747078
12.3241427659988
0.229775762557982
-7.77267609834671
-2.61233212351799
0.361857497692109
8
0.975524717569351
4.39230342507362
5.94595503807068
9.70139803886413
4.25490688681603
1.45352354049683
-0.402071535587311
-2.33420345187187
6
7
8.26771246790886
6.91094990372658
4.84400759339332
-4.89507734775543
11.3314670741558
8.38519628643991
-8.25111892223358
7
5.18571155071258
1.85413821935654
-4.72018703222275
7.95675336718559
1.98032446503639
3.84307475090027
2.47331940531731
7
-0.118610763549807
-2.0769297003746
-2.81114775538444
0.418386435508725
3.04892555475236
3.92201295495033
11.1113471031189
7
0.991283118724822
-0.628179162740707
9.42745448946953
0.901785135269165
-7.42830367088318
-3.82148733139038
4.02033168077469
7
-6.76674513220787
-12.8436355531216
-5.35898173451424
7.17485803365707
7.13874211907387
-8.73743423223496
-2.55398078560829
7
5.05094604492187
3.97000371813774
8.91822368502617
-3.82470180392265
-6.17763693928718
5.27568030953407
3.47605283260346
2
7
10.0410411775112
-4.68609210252762
-2.46820307374001
-14.2328043818474
2.55631967782974
-7.3015740275383
6.93991683721542
7
4.58901482820512
-2.52638009190559
2.9198004245758
-2.70529121756553
-1.45012583136558
-3.14152696728706
7.89536769390106
|Explorer2Genome 30
3
6
8
-8.68260002732276
-2.10804351568222
-9.21206570267677
4.24160497784615
-8.38978898525237
-6.0491835296154
5.92199983596802
-1.19036446213722
8
5.23137639164925
6.48282694816589
-7.47061568498611
1.59871492385864
-1.1069735109806
-5.9819678068161
-1.80161895155907
0.562422949075697
8
12.6375282466412
8.36235858798027
-1.10111959576607
-0.465007150173187
-0.119990468025208
1.44604319930077
2.57119826674461
-9.50869771838187
8
9.13484269380569
0.741000318527221
5.26538763046265
-6.862191593647
-0.408176386356354
-2.53100868463516
0.534053486585618
-4.56512786746024
8
-3.84682245254517
3.85092571973801
1.04163360595703
12.3022488594055
0.288132977485655
-8.72807358503342
-3.54510306715966
0.358669388294221
8
1.7447818338871
4.13129525184632
6.86611924171448
10.539067274332
4.39199635982513
2.24896028637886
-0.862526088953018
-2.44785544276237
6
7
7.91021980047226
6.99154044985771
5.66405695080757
-3.93604602217674
12.1019206523895
7.98812871575357
-8.44796928167343
7
5.69944160580635
2.16403376460075
-4.93180931806564
7.85871533751488
1.49424632191658
4.14625869393349
2.7257234275341
7
0.161023688316343
-2.97346864938736
-2.59219574332237
-0.114876627922062
3.322516310215
2.89310727715492
11.3150820493698
7
1.11881357431412
-0.294180876016617
12.0811819851398
-0.514949870109558
-6.69837419390679
-5.06545841097832
3.38266332745553
7
-6.5393092930317
-14.2837552726269
-4.25392179489136
7.56909446120262
7.83352947235107
-7.67492176294328
-3.1068155169487
7
6.23262285590172
4.12297067046165
9.4751384139061
-3.27338246703148
-5.19315338134765
3.79843697547912
4.22847002148628
2
7
11.452688139677
-5.71385249495506
-3.80673872232438
-15.4790857374668
2.18715931177139
-6.34850083589554
6.87884764075279
7
6.24656022191048
-2.43489026427269
2.89893650412559
0.863709956407552
-0.0407611250877374
-0.200241899490356
6.29688164591789
|Explorer2Genome 30
3
6
8
-8.74429582357406
-3.17040876746178
-6.40257607102394
4.27245313525201
-10.6131895542145
-5.84485942721367
5.47211955189705
-1.27014589309692
8
4.8363400220871
6.67157635688781
-7.21847603917122
2.26832668781281
-1.43787499070167
-5.69311184883118
-1.80161895155907
0.562422949075697
8
12.3473625838757
8.30237173438072
-1.45909341573715
-1.40470675826073
0.352756452560425
1.44604319930077
2.63388156294823
-9.07438113093375
8
10.1545170664787
0.958205658197402
5.26538763046265
-6.81907912492752
0.526835882663727
-3.16810849905014
0.766837060451509
-4.43002449870109
8
-3.34715312719345
4.19398590326309
0.765400552749634
11.9462432086468
0.354077982902525
-7.555326795578
-2.12807403802872
-1.12863889932632
8
2.22864976525307
2.37539568543434
7.24664101600647
10.8103516340256
2.36132668852806
1.48332408070564
-0.531898605823517
-3.33670798540115
6
7
8.13381625413894
7.05729857683182
5.29188521504402
-3.93604602217674
11.6331068515778
8.05475471615793
-8.64110090136528
7
9.32348639369011
2.8556737601757
-6.32630702257156
7.41054320931435
2.3813673377037
2.21336610913277
5.63712096214294
7
-0.140801501274111
-2.60038530230522
-3.06789869070053
-0.313621306419376
3.2665720820427
3.92201295495033
11.1113471031189
7
0.780785858631133
-0.253700333833695
12.0811819851398
-0.333696842193604
-5.4291477560997
-5.06545841097832
3.27518191933632
7
-6.94275411963463
-12.8436355531216
-4.72570696473122
7.17485803365707
6.97550232410431
-8.85175956487656
-2.55398078560829
7
4.6433109998703
4.26543518304825
9.01614943742753
-3.37893375754356
-6.77359266877174
3.85504953861236
2.97723670005798
2
7
10.8065882444382
-6.08148435950279
-2.8250028192997
-13.7624846279621
3.26242654323578
-4.90525789856911
8.17484270334243
7
6.38820755481721
-2.03891208171844
2.6394541144371
-2.38079095482826
-1.10067655444145
-0.312242418527602
7.18679541349411
|Explorer2Genome 30
3
6
8
-9.82689996957778
-2.87692447900772
-6.75458560585976
4.19085869193078
-10.1346709489822
-4.91199669837952
5.95091295838356
0.156561475992203
8
6.40475886464119
7.74682944417
-7.35947000384331
1.526443785429
0.743671888113024
-5.6839409828186
-0.991611909866335
0.126037484407423
8
12.2021450519562
7.82270900607109
-1.04988489747047
-2.04971966147423
0.820696407556534
1.55818024277687
2.68826774954796
-8.03329033851623
8
9.84805730581283
-0.231533783674241
4.6945041179657
-6.81907912492752
0.144236862659454
-2.2412872672081
0.766837060451509
-3.9735971391201
8
-3.15274863839149
5.13944121003151
1.28452572822571
11.7657721698284
0.746899133920668
-7.78875259757042
-0.787823313474659
-1.58881491422653
8
3.73361056447029
3.73772136569023
6.51348916888237
11.4345357179642
5.8790453851223
2.84360191226006
0.648378199338913
-3.35697268247604
6
7
7.98666976690292
6.92351050972939
4.50747490525245
-4.17533094882965
11.9089745700359
7.85077593922616
-8.22762613296509
7
5.43995985984802
1.99851294755936
-4.46152466535568
8.23985772132873
1.41611786484718
3.48084213733673
2.76280779242515
7
0.290450286865233
-2.27708556056023
-3.38266405463218
-0.305157184600834
2.71156710386277
2.19512085318565
11.3476542949676
7
1.43635765314102
0.0122296750545502
11.0356847345829
-0.641698479652405
-5.59350256323815
-5.32829343676567
3.5797071993351
7
-5.1098970413208
-15.383318901062
-2.23205161094666
7.5941746711731
9.38763018250465
-11.8460224270821
-2.35649152398109
7
4.02302856445312
0.884504747390748
8.13340451717377
-0.51637483239174
-2.59671756625175
3.09998930096626
4.63476516008377
2
7
9.64416987299919
-4.68609210252762
-2.46820307374001
-14.2328043818474
2.27822459936142
-7.31649390459061
7.12046254873275
7
6.19004675745965
-3.75261095166206
2.01261063814163
-0.518959742784495
0.739610850811005
-1.73544748425484
6.62664917707443
|Explorer2Genome 30
3
6
8
-8.74429582357406
-3.17040876746178
-6.40257607102394
4.27245313525201
-10.6131895542145
-5.84485942721367
5.11775439381599
-1.27014589309692
8
5.11563336849213
6.8716838657856
-7.35154618620872
2.81687639355659
-0.554970479011534
-4.8601948261261
-1.82817260622978
0.608154970407484
8
12.7720321595669
8.05908180475235
-0.377908337116241
-1.15745044946671
0.893856287002563
0.383066457509997
2.48665353655815
-8.66924976706504
8
9.69628547430038
0.958205658197402
5.56785926818848
-6.81907912492752
0.144236862659454
-3.29551478624344
0.766837060451509
-4.69693755507469
8
-3.54068276882172
4.58988036513329
1.69088550806046
12.4437055587768
0.189018058776854
-7.06908954381943
-4.03576349616051
-0.376700949668884
8
1.85045099854469
4.5395750284195
5.55138878822326
10.9822275698185
4.17977985739708
2.14505458474159
-0.285210567712784
-2.44785544276237
6
7
7.67019149065017
7.05729857683182
5.57736850976944
-3.93604602217674
11.6331068515778
8.00960841774942
-8.64110090136528
7
4.99680648446083
2.45044220685959
-4.46152466535568
7.85871533751488
1.23621960282326
4.14940417408943
2.7257234275341
7
-0.140801501274111
-2.60038530230522
-2.89161520600319
-0.20341105461121
3.2665720820427
3.92201295495033
11.1113471031189
7
1.47080966234207
0.206316357851028
12.4530234158039
0.6354576587677
-6.14258472323418
-5.16552626490593
3.589003521204
7
-6.94275411963463
-13.30577673316
-4.72570696473122
7.17485803365707
7.56423633098602
-8.85175956487656
-2.55398078560829
7
4.39833936095238
4.26543518304825
8.9924048781395
-2.84040684103966
-6.77359266877174
3.34928033351897
2.97723670005798
2
7
11.2433684051037
-4.52338824868202
-3.1911279976368
-14.5285264372826
2.49097813367844
-6.70413594841957
8.34071850180625
7
6.34229307174683
-1.77683730125427
2.79502853155136
-1.93690846562385
-0.935566365718841
-1.58405588269234
6.77627688646317
|Explorer2Genome 30
3
6
8
-9.23088891506194
-2.90873714089394
-4.95590417981148
4.25837768912316
-9.86101918220519
-6.66489127874375
4.45281890034675
-1.38506554961205
8
4.07712967395783
6.05477762818336
-7.75869137048721
1.97727417945862
-0.365436720848082
-4.33742322325707
-1.16450747847557
0.714256739616392
8
13.0951628148556
7.60308030843735
-0.199466407299041
-2.36169125437736
-0.785281175374985
1.73446828722954
3.84263877868652
-8.6959119260311
8
10.6513127088547
0.065212589502334
4.72009789943695
-8.08772080540657
0.420372712612152
-2.71095318794251
-0.971790546178817
-4.48424832224845
8
-3.56107469201088
4.79674273133278
1.75990765094757
11.7461083590984
1.00025635957718
-6.51401584744453
-0.746298640966419
-1.58881491422653
8
2.84071713089943
2.62349479794502
8.01814659237861
10.8830743312836
1.8572041451931
2.00725570321083
-0.531898605823517
-4.2948313832283
6
7
8.65599528551101
6.75682988762856
5.35582476854324
-4.21802837252617
11.8892659842968
7.94203456044198
-8.35993049144745
7
6.48433290719986
2.34734774827957
-4.27424948811531
8.56683022975922
0.316791898012161
4.4768717288971
3.18615126609802
7
0.161023688316343
-2.7526624083519
-2.82274691462517
0.915849161148068
3.31950172185898
3.70271061062813
11.5861909389496
7
1.88358052968979
-0.492109304666519
11.0356847345829
-0.641698479652405
-6.09705876708031
-5.32829343676567
3.5797071993351
7
-7.35779967904091
-13.3712023198605
-3.86260695457458
7.43321325182915
7.81091423034668
-8.77712341547013
-3.61709719896316
7
4.70681993365288
3.8699805855751
9.62976733446122
-2.28940071463585
-6.86300335526466
3.16685585975646
2.97723670005798
2
7
10.0641116797924
-4.9996457517147
-3.13383100628853
-13.3156374752522
3.59868755936623
-5.31126344799996
8.31930462121963
7
7.12548971772195
-2.06999718546867
2.74095709323883
0.0185039281845148
-0.801816403865813
-0.200241899490356
6.98694044351578
|Explorer2Genome 30
3
6
8
-8.74429582357406
-3.09411295652389
-6.05591929554939
4.04403514266015
-10.9747634172439
-5.96862563490868
3.24169245362282
-1.92000467181206
8
3.01884336471558
6.36222960948944
-7.38582376241684
2.37002330422401
-0.794450813531874
-5.159548163414
-2.29307903647423
1.17924803495407
8
12.2524903297424
7.24775955080986
-1.23470748066902
-2.04971966147423
1.21970167756081
1.29973504543305
3.15328919291496
-8.11074531078338
8
9.46427518129348
0.332956504821777
5.15055024623871
-6.25369886159897
0.144236862659454
-3.19880970716476
0.109338653087617
-4.79794024825095
8
-2.77300910353661
5.32775431275368
1.28452572822571
11.4504955947399
0.746899133920668
-8.32208861708641
-0.787823313474659
-1.58881491422653
8
2.36251581311226
4.62745615839958
5.62847146987915
10.5606092751026
3.64277362823486
1.13200843334198
0.209286153316498
-2.94252666831016
6
7
8.13381625413894
7.18490193486214
4.88346975445747
-4.17533094882965
11.9525160491467
7.41050742268564
-8.07669538855553
7
7.00005747079849
1.75272167921066
-4.61228957772255
8.56683022975922
0.730208855867386
4.51853816509247
2.64379310011864
7
-1.22692627906799
-2.43681493401527
-3.37589587569237
-0.31894102096558
5.44634090662003
6.02816712260246
13.2376628637314
7
1.69020541906357
-0.538746625185013
11.6723803400993
0.0522813320159908
-7.5159511089325
-5.55618398189545
3.93608835935593
7
-5.75838036537171
-15.8964570999146
-2.39121741652489
8.21970549225808
7.36341265439987
-13.8312183737755
-2.11937949061394
7
4.59063649177551
0.813392090797425
8.13340451717377
-0.967680889368058
-2.63024553656578
3.09998930096626
4.63476516008377
2
7
10.0410411775112
-4.68609210252762
-2.46820307374001
-14.2328043818474
2.68516298532486
-7.3015740275383
7.47599285840988
7
6.34229307174683
-1.62985990047455
2.8922483086586
-2.16251321434974
-1.1712312400341
-1.37029891610145
6.75616718530655
|Explorer2Genome 30
3
6
8
-7.10748680233955
-1.30314686894417
-4.20186033844948
3.79543161392212
-9.47093411684036
-6.02688963413239
3.90716893076896
-0.850171506404877
8
4.62824437618256
6.55472100377083
-7.58382489681244
2.81687639355659
-0.0950540304183943
-4.8601948261261
-1.82817260622978
0.987131363153456
8
12.4248445928097
8.05908180475235
-0.885617816448211
-1.40470675826073
-0.478473281860352
1.1812796831131
3.54806830286979
-8.59086853861808
8
10.1105007827282
0.22427589893341
5.16491479873657
-6.19899599552154
-0.0279792666435242
-2.11387713551521
-0.0717844843864429
-4.50106820464134
8
-3.10289998054505
4.58988036513329
1.69088550806046
12.7169543504715
0.189018058776854
-7.06908954381943
-4.03576349616051
-0.581553894281387
8
1.37503216862678
4.11397708654404
5.71494753360748
10.3192921638489
4.10339560508728
1.58651497364044
-0.574951565265655
-1.79754177927971
6
7
7.15812394022941
7.45837717652321
5.73742881417274
-3.7307736158371
11.7770615100861
6.74339669346811
-6.5561157822609
7
7.00005747079849
1.94356499910355
-4.44625746011734
7.97284352779388
1.09498735070229
3.4033732175827
3.20762111544609
7
0.161023688316343
-2.55834137201309
-3.51703163981438
0.0592628061771359
3.322516310215
2.73944681286812
10.7842843294144
7
0.829153811931609
-1.29173453450203
11.3634794294834
-1.0033961892128
-8.12553587555885
-4.70586421489716
6.15321479439736
7
-5.39749264717102
-15.3546178340912
-2.39121741652489
8.51457723379136
7.37541192770004
-13.3996476531029
-1.67258247733116
7
4.6696455001831
3.77748178243637
8.75441653132439
-4.98090047240257
-6.70932350754738
4.19472876191139
3.64810030460358
2
7
11.5920800030231
-5.12415546774864
-3.78679413795472
-15.3036947846413
2.27238659262657
-5.26131635308266
7.89189227223396
7
4.92211208939553
-3.48351364731788
3.58233165740966
-2.72769181132316
0.0486479341983803
-3.58874540925026
7.94202218055725
|Explorer2Genome 30
3
6
8
-8.74429582357406
-3.09411295652389
-6.00358991622925
4.11493434906007
-10.8097755908966
-6.095669734478
4.05064390301704
-1.57483312487602
8
4.43522953987122
6.10008001327514
-7.24952126741409
2.90001602172852
-0.551166391372679
-4.49202244281769
-0.578398531675341
0.474508953094481
8
11.8188120186329
7.913807284832
-1.01377231478691
-2.30081653594971
-0.310237926244736
1.4435458123684
2.63521923422813
-7.39769413471221
8
10.6510249078274
1.69957382678986
5.184360653162
-5.48619160056114
0.179625356197357
-1.86177902817726
0.426399129629136
-4.15638326406478
8
-3.84682245254517
4.58110727071762
1.04163360595703
12.3241540670395
0.543465757369994
-8.38763610124588
-2.73114039301873
0.956462824344636
8
1.70687935948372
2.95796619057655
8.02940130233764
11.3203593015671
1.92708527445793
2.52368679642677
-0.531898605823517
-3.96468013525009
6
7
8.05083793401718
7.26103489995003
4.22741802334785
-4.1048364341259
11.3890039622784
7.85077593922616
-8.14157673716545
7
6.73687223792076
2.17795271277428
-4.44625746011734
8.66661019325256
0.316791898012161
4.77728171348572
3.0128668487072
7
-0.578788208961489
-2.00097671151161
-4.03300051689148
-0.3672821700573
5.01164959669114
6.39583866596222
12.9436302423477
7
0.875801002979278
-1.48940153717995
10.4628960132599
-0.781111299991608
-9.19787424206734
-4.70586421489716
5.92041936516762
7
-5.60751883983612
-16.9565449953079
-2.13807401657105
6.67117626667023
7.34534795880318
-11.8677588164806
-3.85442318320274
7
5.22927698493004
3.91996301412582
9.09457708597184
-2.27775720953941
-5.7192899942398
4.47505350708961
3.83848169445992
2
7
9.07955729365348
-4.68609210252762
-2.46820307374001
-14.2328043818474
1.81812790632248
-7.3015740275383
7.52027505636215
7
6.44445553421975
-2.09022488594055
3.60529374480247
-1.87967577576637
-0.819894921779632
-1.08161942958832
7.22566148042679
|Explorer2Genome 30
3
6
8
-8.68260002732276
-2.10804351568222
-9.21206570267677
4.10769129395485
-8.38978898525237
-6.0491835296154
6.15170843601227
-1.19036446213722
8
6.07883685231209
7.3329340159893
-7.35947000384331
1.66739773154259
0.205971807241442
-4.85901801586151
-1.3384801864624
0.126037484407423
8
12.6417885959148
8.10089200735092
-0.808892977237701
-1.40470675826073
1.23169617652893
1.18652551174164
2.50403339266777
-9.07438113093375
8
10.5459334373474
1.69957382678986
4.7620233297348
-5.0651106774807
0.179625356197357
-1.86177902817726
0.426399129629136
-3.79133819341659
8
-3.32146191000939
4.37420526146889
1.13523526191711
11.9981239080429
-8.62598419204552E-05
-7.77267609834671
-1.75145448446274
-0.941022598743438
8
2.39041643738747
3.86933818459511
6.88982403278351
10.1954672336578
3.03092128634453
2.15149261951447
0.22440744638443
-3.3443383872509
6
7
8.77205818891525
6.35765073895455
4.67853825688362
-4.17533094882965
11.1926342189312
8.38519628643991
-8.25111892223358
7
6.47519987821579
1.88562849760055
-4.21182187795639
8.37746085524559
2.01772375702858
4.36975665688515
4.69715143442154
7
0.0198728144168835
-2.18095046877861
-3.56884349584579
-0.313621306419376
3.2665720820427
3.92201295495033
11.1113471031189
7
2.0187795817852
-0.526532346010208
10.5443014144897
-1.33278390169144
-7.05259898304939
-4.47611856460571
4.70289155840874
7
-5.00191767215729
-15.8520923614502
-2.60002508163452
7.5941746711731
9.38763018250465
-12.531642383337
-2.90344656705856
7
5.08795725703239
3.39609497785568
8.9924048781395
-2.58182760477066
-6.2883455812931
2.93805077075958
3.08199598789215
2
7
11.5393318414688
-5.35380563139915
-3.80673872232438
-15.242717820406
2.34018697142601
-5.92062598466873
6.58986903429031
7
6.34229307174683
-1.7613136768341
3.06952315568924
-2.38079095482826
-0.642622345685958
-0.787512975931167
7.30869115591049
|Explorer2Genome 30
3
6
8
-8.72968776226043
-2.90873714089394
-4.95590417981148
4.25837768912316
-9.86101918220519
-6.67837463617325
4.45281890034675
-1.64419676661491
8
4.31972661018372
6.41308071613311
-7.75869137048721
1.56924810409546
-0.365436720848082
-4.33742322325707
-1.50003537535668
0.714256739616392
8
11.3344034969807
8.22549670934677
-1.06028503775597
-2.02711734771728
0.267451101541519
1.4435458123684
2.63521923422813
-7.39769413471221
8
8.9941697537899
-0.140002149343491
4.09156670570373
-8.32429035305977
-0.471297812461853
-3.44217876195908
2.36533265709877
-3.38547397851943
8
-3.32146191000939
4.37420526146889
1.13523526191711
11.9981239080429
-8.62598419204552E-05
-7.89367254972458
-1.97887803912163
-0.660943257808685
8
2.58210088014603
3.86933818459511
6.3408518075943
10.1954672336578
3.03092128634453
2.15149261951447
-0.199456965923309
-3.01349055171013
6
7
8.65599528551101
6.35544481873512
5.35582476854324
-4.21802837252617
11.8892659842968
8.13053227066995
-8.33870177268982
7
6.47519987821579
1.95590702295303
-4.21182187795639
8.37746085524559
2.01772375702858
4.36975665688515
4.69715143442154
7
0.0198728144168835
-2.18095046877861
-3.00380183458328
-0.313621306419376
3.2665720820427
3.92201295495033
11.1113471031189
7
1.01447335481644
-1.29173453450203
10.4628960132599
-0.435524904727936
-8.61495512127876
-4.70586421489716
5.92041936516762
7
-5.00191767215729
-15.8520923614502
-2.60002508163452
7.5941746711731
8.95426374077797
-12.531642383337
-2.90344656705856
7
5.08795725703239
3.94313928484917
8.9924048781395
-2.58182760477066
-6.2883455812931
2.93805077075958
3.08199598789215
2
7
10.5204265296459
-4.52338824868202
-3.1911279976368
-14.1442572951317
2.49097813367844
-6.70413594841957
7.7670014321804
7
7.12548971772195
-2.06999718546867
2.74095709323883
0.0185039281845148
-0.801816403865813
-0.200241899490356
6.98694044351578
|Explorer2Genome 30
3
6
8
-8.18288773298263
-2.85849382281303
-5.80363094806671
4.74833201766015
-10.3700955867767
-4.93530568480492
4.78778575062752
-1.67110239863396
8
6.97824438810349
7.71223533153534
-4.76154264807701
2.08104745149612
-0.000288689136503345
-6.07457759976387
-1.56870584487915
1.07041366696358
8
12.8209961891174
7.24775955080986
-0.312961131334304
-2.04971966147423
0.820696407556534
1.59703679680825
2.5165743291378
-8.11074531078338
8
10.6955647945404
0.271259385347366
4.62030191421509
-8.16057496666908
0.350426924228668
-2.71095318794251
-0.971790546178817
-4.04010519385337
8
-3.78139622211456
4.19654921889305
1.69088550806046
12.7169543504715
0.0952119112014756
-8.24837702512741
-4.03576349616051
-0.873387873172759
8
3.9220880150795
3.73772136569023
6.51348916888237
11.4345357179642
5.8790453851223
3.33948585391045
0.688326734304428
-3.35697268247604
6
7
7.98666976690292
7.18490193486214
4.50747490525245
-4.17533094882965
11.3890039622784
7.85077593922616
-8.22762613296509
7
5.92112441062927
1.99851294755936
-4.46152466535568
8.23985772132873
1.1062785923481
3.48084213733673
2.93840277194977
7
-0.405365085601809
-2.15622102022171
-2.46380370855331
0.00425536632537493
3.322516310215
3.30905838608742
12.0812072753906
7
1.31825355291366
-0.758245450258255
11.3877303183079
-0.641698479652405
-5.59350256323815
-5.50675768256187
3.5797071993351
7
-7.35779967904091
-13.2094053387642
-3.60274369120598
7.16743859648705
8.50979626178741
-8.90793660879136
-3.29620093107223
7
4.59394208192825
4.80582124590874
8.25386964082719
-3.34028441309929
-5.39504050016403
4.88516340851783
4.2955279648304
2
7
9.64416987299919
-4.68609210252762
-2.46820307374001
-13.7607777953148
2.27822459936142
-7.3015740275383
7.52027505636215
7
6.5042730152607
-1.77012569904327
3.45564014315605
-1.79571812748908
-1.06352967619896
-0.871945983171462
6.23811503648758
|Explorer2Genome 30
3
6
8
-8.68260002732276
-2.10804351568222
-9.21206570267677
4.10769129395485
-8.38978898525237
-5.47555558085442
6.15170843601227
-1.19036446213722
8
2.10917568206787
6.7091319322586
-7.25835968255996
2.23776915669441
-0.794450813531874
-5.60578362941742
-2.29307903647423
0.927845245599745
8
12.2524903297424
7.24775955080986
-0.312961131334304
-1.70632438063621
0.820696407556534
1.59703679680825
2.28689512610435
-8.72598176002502
8
9.37564605474471
0.332956504821777
4.76030828952789
-6.62533129453659
-0.0509998440742494
-3.19880970716476
0.109338653087617
-4.65043513178825
8
-4.43624811172485
4.03263636827469
0.902017617225647
12.0576831102371
0.543465757369994
-8.86426435709
-3.24884507060051
0.358669388294221
8
2.71856089234352
3.86933818459511
6.88982403278351
10.1954672336578
3.03092128634453
2.15149261951447
0.22440744638443
-3.3443383872509
6
7
8.43425406217575
6.86552050709725
4.43171752095222
-4.5851461648941
11.1926342189312
8.38519628643991
-8.25111892223358
7
7.00005747079849
1.35579980611801
-4.61228957772255
8.56683022975922
0.730208855867386
3.94701778888702
3.25741092562675
7
0.0833538532257061
-2.15622102022171
-2.27158486247063
0.00425536632537493
3.43613761663437
3.30905838608742
12.0812072753906
7
1.80282958745956
-0.526532346010208
10.5443014144897
-1.33278390169144
-6.48066018223763
-4.47611856460571
4.84180116057396
7
-6.5393092930317
-13.6887670695782
-3.86260695457458
7.56909446120262
8.14312705993652
-8.13006108999253
-3.54487174749374
7
3.9846159696579
0.47459990978241
9.24555094242096
-0.634429150819779
-2.74526439905166
3.56740842461585
5.04512876272202
2
7
10.0410411775112
-4.68609210252762
-2.46820307374001
-14.2328043818474
2.64001826047897
-7.14088683724404
6.66425505876541
7
5.85239953994752
-2.09496874809265
2.64438778758049
-2.39009521603584
-0.642622345685958
-0.787512975931167
7.30869115591049
|Explorer2Genome 30
3
6
8
-8.55737534165382
-2.61501492261887
-7.17084105610847
4.58463442325593
-10.39060754776
-6.12837651968003
4.05064390301704
-1.49386331439018
8
6.14014049172402
7.36681603789329
-7.35947000384331
1.98732861876488
0.927830266952516
-5.34592900276184
-1.63147312998772
0.126037484407423
8
12.3075525939465
8.40261133909226
-0.653158861398696
0.015691858530045
0.146165400743485
1.68275400996208
2.47660158276558
-8.98953624367713
8
9.90107213258743
0.233888220787048
5.29759929776192
-6.27629507780075
0.0946290850639342
-3.08628095388412
1.11872192621231
-4.43002449870109
8
-3.15274863839149
5.72351702451706
0.702007937431335
11.7657721698284
0.746899133920668
-7.84974846243858
-1.09484769701958
-1.77258878946304
8
1.71405637860298
4.25033002495766
6.31237211227417
10.1954672336578
3.1799357354641
1.52471880912781
0.30601669549942
-3.3443383872509
6
7
8.703449177742
7.95198960900307
5.87496374845505
-3.96904518604279
11.9970108032227
7.37190721631051
-7.02508956789971
7
7.02602046728134
2.15947581529617
-2.91175992488861
6.0084920823574
2.13610585927963
3.37968693375588
2.41308557391167
7
-0.455569690465929
-2.50181197524071
-3.70970760583877
-0.0686748266220128
3.37433623075486
3.92201295495033
11.1113471031189
7
1.11684490442276
-0.126546692848206
10.8770072519779
0.583966898918151
-6.35414592623711
-5.15124756097794
3.26983359456063
7
-5.13151113986969
-16.0658581972122
-1.54017372131348
6.70149195194245
9.06070657968521
-12.4154071033001
-2.91578149199486
7
4.70681993365288
3.92350381612778
9.58351138830185
-2.83561198115349
-6.86300335526466
3.45053822994231
2.97723670005798
2
7
11.188080906868
-5.71312035918236
-3.2670439362526
-13.5742201447487
1.679672062397
-5.46414498090744
6.60778940916061
7
6.50921289324761
-2.90351750850677
2.83537245988845
-2.30889267921447
-0.746658366918563
-1.9008153796196
8.53492534160614
|Explorer2Genome 30
3
6
8
-8.55737534165382
-3.12758392095566
-7.17084105610847
4.58463442325593
-10.39060754776
-6.12837651968003
4.05064390301704
-1.49386331439018
8
5.01992764472962
7.75699846744537
-7.71288197636604
1.85891695022583
-1.20020768642425
-5.40136125087738
-1.82788578867912
0.831420332193373
8
12.3075525939465
8.58438612818718
-0.653158861398696
0.015691858530045
0.614268094301224
1.68275400996208
2.47660158276558
-8.98953624367713
8
10.7783882081509
1.071067237854
4.9082991361618
-6.00006799697876
0.252469074726105
-1.91631076931953
0.282116669416429
-3.62848054170608
8
-3.37123446464539
4.66509812474251
1.13265309929848
12.7400259077549
-1.36556140780449
-7.65181969404221
-2.6988041818142
-0.123325788974761
8
3.09668198227882
3.40170269608498
7.84676747322082
10.8830743312836
1.96412100195885
1.99493742585182
-0.949850732088089
-3.86341372728348
6
7
8.36702958941459
7.78961709737778
4.74027501940727
-5.28517841696739
9.85229642987252
7.14887263178827
-9.67470570206642
7
7.02602046728134
2.15947581529617
-2.91175992488861
6.0084920823574
1.89496927857399
3.37968693375588
2.43053516745567
7
-0.604466140270235
-1.52058293819427
-3.35833826065063
1.94829063415527
4.0175065457821
5.13321933150291
14.131702709198
7
1.21200016736984
-0.126546692848206
11.4075290262699
0.583966898918151
-6.35414592623711
-5.15124756097794
3.26983359456063
7
-5.1098970413208
-15.2918229579926
-2.23205161094666
8.0531325340271
9.38763018250465
-11.8747427344322
-2.82417193055153
7
5.49993444085121
3.99691333770752
9.41799668669701
-4.27788190245628
-5.79003127217292
4.93029153943061
2.72886464595795
2
7
10.6101826131344
-4.83565252423286
-3.11665256619454
-14.0771743357182
1.99608918428421
-7.37289827466011
7.11138450503349
7
5.72462904453278
-2.09496874809265
2.8922483086586
-2.05928443074226
-1.01878086328506
-0.407083183526992
7.33522993326187
|Explorer2Genome 30
3
6
8
-8.18288773298263
-3.18738214373588
-5.80363094806671
4.74833201766015
-9.75390427112579
-4.93530568480492
4.42327511906624
-1.10971676707268
8
2.84207112789154
7.0782023191452
-7.77546705007553
2.37002330422401
-0.794450813531874
-5.159548163414
-2.29307903647423
1.16014364361763
8
13.7789065122604
7.81129204034805
-1.14769130945206
-2.62961725592613
-0.492855089902878
1.73446828722954
2.92000409960746
-7.52633012533187
8
10.6510249078274
1.69957382678986
5.29675281047821
-5.95771922469139
0.727872312068939
-1.86177902817726
0.426399129629136
-4.21268748044967
8
-3.78139622211456
4.19654921889305
2.10811663866043
12.7169543504715
0.0952119112014756
-8.24837702512741
-4.03576349616051
-0.548824703693389
8
2.59052746891975
2.68242278695107
8.51737864613533
10.7265419006348
1.96412100195885
1.82141650915146
-0.531898605823517
-4.2948313832283
6
7
7.80590404272079
6.85309293866158
4.52109500169754
-4.17533094882965
10.4123154580593
7.88160194158555
-8.04557833075524
7
6.47519987821579
1.41400917768478
-3.92537461519241
7.70138146281242
2.01772375702858
4.44441190361977
4.93589534163475
7
0.0833538532257061
-2.57390905618668
-2.64155847430229
0.308140349388119
3.322516310215
3.30905838608742
12.2324971497059
7
1.612675344944
-0.538746625185013
11.3889342904091
-0.126208949089051
-7.5473112821579
-5.53408780097961
3.56167587041855
7
-5.60751883983612
-16.6316161155701
-2.13807401657105
6.11813108921051
7.71553393006325
-11.8677588164806
-3.2743811070919
7
5.14444007277489
3.8699805855751
8.88207167387009
-2.84040684103966
-6.84598613381386
3.57601361274719
2.97723670005798
2
7
10.0410411775112
-4.68609210252762
-2.93634081482888
-14.2830837845802
2.30461174249649
-6.72766226530075
6.93991683721542
7
5.20425195693971
-1.54309430122375
2.8922483086586
-1.83028236031532
-1.1712312400341
-1.37029891610145
6.45774153470993
|Explorer2Genome 30
3
6
8
-8.55737534165382
-2.61501492261887
-7.17084105610847
4.06213381290437
-10.39060754776
-6.09211741685868
4.05064390301704
-1.19616736769676
8
4.93404588699341
6.15818617343902
-8.18851350545883
2.02242712974548
-0.642073035240172
-5.68689363002777
-2.37711464762688
1.19396207928657
8
12.3075525939465
8.40261133909226
-0.163940674066543
0.015691858530045
0.146165400743485
1.68275400996208
2.47660158276558
-8.98953624367713
8
10.7783882081509
1.1643059015274
4.9082991361618
-6.11906144618988
0.413184535503387
-1.86177902817726
0.426399129629136
-4.20901829004287
8
-3.42491462230683
4.61150785684586
0.872399735450745
12.2383620738983
-1.12975623607636
-7.65181969404221
-2.6988041818142
-0.123325788974761
8
3.02192838788033
3.40170269608498
7.84676747322082
10.3089710235596
1.96412100195885
1.99493742585182
-0.363896638154983
-3.86341372728348
6
7
8.02670876383781
7.78961709737778
4.56299904584884
-6.3535858809948
9.86241922974588
6.95957192182542
-9.67470570206642
7
6.90824953317642
1.78947910070419
-4.09130280613899
7.83181113600731
2.06003256440163
4.51863878369331
4.81735017895698
7
-0.864263260364534
-1.73499513268471
-3.35833826065063
1.94829063415527
4.42234129309655
5.13321933150291
14.131702709198
7
1.21200016736984
-0.126546692848206
11.4075290262699
0.0583647966384884
-6.35414592623711
-5.41460184454918
3.40341268181801
7
-5.1098970413208
-15.2918229579926
-2.23205161094666
7.5941746711731
9.73244538903236
-11.8747427344322
-2.82417193055153
7
5.01450700163841
4.08914358019829
8.47732189893723
-3.74750661253929
-5.85353806018829
3.59057536125182
3.5114801466465
2
7
10.6101826131344
-4.49904437661171
-3.02154851555825
-14.6505952894688
1.99608918428421
-7.37289827466011
7.11138450503349
7
5.96616754531861
-2.09496874809265
2.95887545347213
-2.05928443074226
-0.656017458438873
-0.787512975931167
7.33522993326187
|Explorer2Genome 30
3
6
8
-8.68260002732276
-2.10804351568222
-8.71778021454811
3.97376187443734
-8.52310299873351
-6.0491835296154
5.94008450508117
-1.19036446213722
8
4.72066564559937
6.67157635688781
-7.21847603917122
2.26832668781281
-1.29145448803902
-5.69311184883118
-1.80161895155907
0.562422949075697
8
12.7720321595669
8.11659072637558
-0.377908337116241
-1.15745044946671
0.452856850624084
0.383066457509997
2.48665353655815
-9.29789075255393
8
9.69628547430038
0.958205658197402
4.92654480934143
-7.12614885568619
0.144236862659454
-3.16810849905014
0.766837060451509
-4.43002449870109
8
-3.34715312719345
3.92191928625107
0.765400552749634
11.9462432086468
0.354077982902525
-7.555326795578
-2.12807403802872
-1.12863889932632
8
2.56594613194466
4.93132116794586
5.54866868853569
10.5338711738586
6.35467042326927
2.89037178754807
0.505004042387009
-3.78268039822578
6
7
8.4362442612648
7.05729857683182
5.29188521504402
-3.93604602217674
11.6331068515778
8.05475471615793
-8.64110090136528
7
5.55544009804725
1.98673504590988
-4.46152466535568
7.85871533751488
1.49424632191658
4.14625869393349
2.83605512976646
7
0.161023688316343
-2.55834137201309
-3.13116561770439
0.770340323448178
3.322516310215
3.81989861130714
11.366537976265
7
1.11881357431412
-0.253700333833695
12.0811819851398
-0.333696842193604
-5.68823797106743
-5.06545841097832
3.58766155838967
7
-5.24276058673859
-14.9278738021851
-2.94594029784203
8.3147201359272
7.36341265439987
-13.3710940003395
-1.9221136033535
7
4.39833936095238
4.26543518304825
8.9924048781395
-2.84040684103966
-6.77359266877174
3.85504953861236
2.89374639987946
2
7
11.2433684051037
-4.52338824868202
-3.1911279976368
-14.1450281977653
2.49097813367844
-6.70413594841957
8.10148879289627
7
4.23507784008981
-2.67142150998115
2.00406000614166
-1.91357759237289
-0.413790810108184
-2.43035834431648
8.64500868916512
|Explorer2Genome 30
3
6
8
-8.68260002732276
-1.40230754613876
-9.77281032204628
4.44869347214699
-8.34343549609184
-6.38017041087151
6.42166476249695
-1.75572276711464
8
6.80429270863533
7.80793170332908
-7.0609318614006
1.66739773154259
0.988427394628526
-4.44164526462555
-1.22555882930756
0.435528749227522
8
13.5207106530666
7.79619418978691
-0.741209542751311
-1.08958839774132
-0.785281175374985
1.81693062186241
3.67460147738456
-8.56078237891196
8
10.5522738933563
1.22889034748077
4.9082991361618
-5.02825226187706
0.179625356197357
-1.72936580777168
-0.108483988046645
-3.88663015961646
8
-3.84682245254517
4.15173782110215
1.04163360595703
12.6068798542023
0.543465757369994
-8.15778639912605
-2.95331920981408
-0.142698848247527
8
1.40656858086586
4.39230342507362
5.46717858314514
10.1114291191101
4.25490688681603
1.58651497364044
-0.0226549744606016
-2.33420345187187
6
7
8.01771613955497
7.39523954987526
5.71939592957496
-4.15804085731506
12.8747692108154
7.3876791059971
-7.16874231696129
7
6.74117974042892
2.30875791311264
-4.40133269429207
7.46294679641723
2.42180945277214
3.92302888035774
4.1160888671875
7
-0.254627013206484
-2.01814792752266
-3.68462934494018
-0.668918514251712
4.98749133348466
5.77873334288597
12.9436302423477
7
1.47034560441971
-0.967916089296341
10.6090947151184
-0.781111299991608
-9.38679051995278
-4.70586421489716
6.37472119927407
7
-7.35779967904091
-13.7082344889641
-3.86260695457458
7.43321325182915
7.81091423034668
-8.77712341547013
-3.49678238630295
7
5.30706548094749
3.8699805855751
8.85029879808426
-2.95504910349846
-6.2883455812931
3.45053822994231
2.97723670005798
2
7
10.0410411775112
-4.68609210252762
-2.46820307374001
-14.2328043818474
2.55631967782974
-7.88420261144638
6.93991683721542
7
6.57668593525887
-1.57218418121338
3.34423056840896
-2.14851143956184
-1.23408600091934
-1.02768678665161
7.22566148042679
|Explorer2Genome 30
3
6
8
-9.15767258405685
-2.90873714089394
-5.93239040970802
3.45443453192712
-8.87034049034118
-6.39057173132897
3.93567405343056
-0.724231368303299
8
4.54630753993988
6.87274503707885
-8.69839557409286
1.79837684631348
-1.1069735109806
-4.6988572537899
-1.65177568197251
1.22665711641311
8
12.7015133976936
7.80153509378433
-0.499069154262542
-2.23292220830917
-0.537774062156677
3.66605864167214
2.01257938742637
-7.22927021980285
8
10.6510249078274
1.20383865833282
5.31867926120758
-5.0651106774807
0.179625356197357
-1.86177902817726
0.426399129629136
-3.79133819341659
8
-3.32710509896278
3.8202827334404
0.947324115037918
11.9462432086468
0.945746111869811
-7.23975226283073
-1.51089674234391
-0.542564231157302
8
2.90155549645424
4.46908274888992
4.85691223144531
9.80299224853515
2.68094064593315
1.4962875366211
-0.356782329082489
-3.25143812894821
6
7
8.01771613955497
7.64345982670784
6.02123199105263
-4.1409943819046
11.8598631620407
6.44912324547769
-7.53620561361313
7
5.74454647302627
2.25426572561264
-4.4763168156147
7.96663019061088
1.51188245415688
3.93976822495461
4.50044734477997
7
-0.0192208290100117
-2.55834137201309
-3.13116561770439
0.892601633071896
3.322516310215
3.18583956360817
11.5861909389496
7
0.805672752857207
-0.613757801055908
11.4075290262699
0.0101174354553219
-6.65082921385765
-5.41460184454918
3.66016495823861
7
-4.63529059886933
-14.9380439698696
-2.68930330276489
7.97829105257988
7.32917279005051
-11.3175897717476
-2.47263575196266
7
5.40189380049705
4.74092680811882
9.33291324377061
-3.27338246703148
-5.46935682296753
3.69153635501861
3.54897494316101
2
7
10.2817412555218
-4.79548267126083
-2.67876125574112
-14.6115629792213
2.0185949742794
-5.93203703165055
7.33520200848579
7
5.53418110013009
-2.91821177601814
3.36961715817451
-2.76736468672752
-0.402297884225845
-3.89694275856018
8.76692011356354
|Explorer2Genome 30
3
6
8
-7.10748680233955
-0.717667990922927
-4.38491795659065
3.79543161392212
-9.47093411684036
-6.02688963413239
4.17134084105491
-0.850171506404877
8
4.36887261867523
6.67157635688781
-7.21847603917122
2.06954646110535
-1.29145448803902
-5.69311184883118
-1.80161895155907
0.562422949075697
8
12.4898518979549
8.05908180475235
-0.885617816448211
-1.40470675826073
-0.478473281860352
0.785107684135439
3.91001688838005
-8.59086853861808
8
9.94082890748977
0.332956504821777
4.76030828952789
-6.62533129453659
0.583741343021393
-2.2389037489891
0.732833945751191
-4.73293544650077
8
-3.34715312719345
4.21125897169113
0.765400552749634
11.4403093516827
0.354077982902525
-7.555326795578
-2.12807403802872
-1.12863889932632
8
1.37503216862678
4.69182547330856
5.71494753360748
10.3192921638489
4.10339560508728
1.58651497364044
-0.0226549744606016
-1.79754177927971
6
7
7.42483924627304
7.87970513105393
5.82731986641884
-3.69356846213341
11.9970108032227
6.74031821489335
-8.30627579689026
7
7.00005747079849
1.91904839277267
-4.44625746011734
7.97284352779388
0.833039599657059
3.4033732175827
3.20762111544609
7
0.545273017883299
-2.42203449606895
-2.87418698072433
0.63288610577583
3.41613611578942
3.92201295495033
11.0307809829712
7
1.11881357431412
-0.253700333833695
12.0811819851398
-0.333696842193604
-5.68823797106743
-5.06545841097832
3.27518191933632
7
-5.39749264717102
-15.3546178340912
-2.39121741652489
8.51457723379136
6.79494885206223
-13.8312183737755
-1.67258247733116
7
4.6696455001831
3.77748178243637
8.99308261871338
-4.98090047240257
-6.70932350754738
4.19472876191139
3.2876095533371
2
7
11.5545458853245
-4.77473172545433
-3.78679413795472
-15.3036947846413
2.27238659262657
-5.58699117302895
7.89189227223396
7
5.07529690861703
-2.91821177601814
2.83375056385994
-2.80250212550163
-0.584621846675872
-3.39194560050964
9.13654954433441
|Explorer2Genome 30
3
6
8
-8.19461950063705
-3.17040876746178
-6.07578881382942
4.41852344870568
-10.970556640625
-6.36986808180809
5.11775439381599
-1.06891886591911
8
5.01992764472962
7.42447221279144
-7.82348304390907
1.85891695022583
-0.731148982048033
-4.99568264484406
-1.82788578867912
0.831420332193373
8
12.2505602300167
8.05908180475235
-0.377908337116241
-1.15745044946671
0.452856850624084
1.75695514082909
2.76725671291351
-8.97443179488181
8
10.1105007827282
0.848970317840576
5.7517128944397
-6.14211585521698
0.452908766269684
-2.68400076031685
0.618608248233796
-4.5036816060543
8
-3.36815010309219
3.70930458307266
0.765400552749634
11.9462432086468
0.563648056983946
-7.70003225803375
-1.99749094247818
-0.989851033687591
8
3.02192838788033
2.91698840260506
7.81594395637512
10.420361661911
1.96412100195885
1.36911461949349
-0.417410480976105
-4.2948313832283
6
7
8.36702958941459
7.78961709737778
4.56299904584884
-5.28517841696739
9.85229642987252
7.14887263178827
-10.137850099802
7
7.02602046728134
2.15947581529617
-2.91175992488861
6.5661243379116
1.89496927857399
2.96255350708962
2.63421201705932
7
-0.722765326499941
-2.76213101744652
-3.06789869070053
-0.617920565605167
3.2665720820427
3.64234102368355
10.6572104930878
7
1.29631678462028
-0.294180876016617
11.9514481842518
-1.77651393413544
-6.13926972746849
-4.74629980325699
3.47148092389107
7
-5.38763020038605
-16.1632306277752
-2.60002508163452
7.82451089024544
9.38763018250465
-11.9558648049831
-2.57338508367538
7
5.63070457577705
3.43334367275238
9.41799668669701
-3.4338535964489
-5.79003127217292
4.89026547074317
3.02800188660622
2
7
10.1644259572029
-4.30519565939903
-3.97349163889885
-13.2405865669251
2.74487410783768
-5.4848775267601
6.70188292860984
7
4.07229250073434
-3.6123272716999
3.46770133972168
-2.44618961215019
-1.21986927390099
-3.25727980732918
8.01010901927948
|Explorer2Genome 30
3
6
8
-8.74429582357406
-3.17040876746178
-6.40257607102394
3.83510021567345
-10.6131895542145
-6.18598162531853
5.11775439381599
-1.27014589309692
8
6.64590359926224
7.50821149349212
-6.40153428912163
1.07896570563316
0.205971807241442
-4.85901801586151
-1.3384801864624
0.126037484407423
8
12.6417885959148
8.05908180475235
-0.808892977237701
-1.40470675826073
1.3955975830555
1.71664817333222
2.50403339266777
-9.07438113093375
8
10.6510249078274
1.69957382678986
5.184360653162
-5.48619160056114
0.179625356197357
-1.86177902817726
0.629009747505189
-4.71971796751022
8
-3.84682245254517
4.15173782110215
1.04163360595703
12.4583821594715
0.543465757369994
-8.38763610124588
-2.73114039301873
0.65076996088028
8
2.84071713089943
2.62349479794502
8.01814659237861
10.8830743312836
0.948990720510484
2.00725570321083
-0.531898605823517
-4.72807193994522
6
7
8.77205818891525
6.35765073895455
4.58547483086586
-4.17533094882965
11.1926342189312
8.00670455098154
-8.25111892223358
7
6.48433290719986
2.34734774827957
-3.94576399922371
8.56683022975922
0.316791898012161
4.4768717288971
3.0128668487072
7
0.161023688316343
-2.55834137201309
-2.82274691462517
0.915849161148068
3.322516310215
3.36526554226875
11.5861909389496
7
1.4130677819252
-0.142335587739945
11.7960298001766
-0.236783337593079
-7.0650155544281
-5.04573271274567
4.08063310384751
7
-5.60751883983612
-16.5384127855301
-2.13807401657105
6.67117626667023
7.70056799054146
-11.4157327830792
-3.85442318320274
7
4.70681993365288
3.8699805855751
9.58351138830185
-2.84040684103966
-6.86300335526466
3.16685585975646
2.97723670005798
2
7
10.0641116797924
-4.9996457517147
-3.13383100628853
-13.3156374752522
3.89703767895698
-5.31126344799996
8.70911470651626
7
6.34229307174683
-2.09496874809265
3.06952315568924
-2.38079095482826
-0.642622345685958
-0.787512975931167
7.30869115591049
|Explorer2Genome 30
3
6
8
-7.39250641465186
-0.28258107304573
-4.43484109044075
3.79543161392212
-8.88087660074233
-6.02688963413239
4.17134084105491
-0.850171506404877
8
4.54630753993988
6.87274503707885
-8.69839557409286
1.79837684631348
-1.1069735109806
-4.6988572537899
-1.65177568197251
1.22665711641311
8
12.6417885959148
8.38715916872025
-0.885617816448211
-1.40470675826073
-0.478473281860352
1.1812796831131
3.54806830286979
-8.59086853861808
8
9.42630647420883
0.741000318527221
5.32036726474762
-7.20052050352096
-0.408176386356354
-2.53100868463516
0.829283088445665
-4.95759269595145
8
-3.66035084724426
4.58988036513329
1.69088550806046
12.7169543504715
0.189018058776854
-7.06908954381943
-4.22212359309197
-0.581553894281387
8
1.37503216862678
4.69182547330856
5.71494753360748
10.3192921638489
4.10339560508728
1.58651497364044
-0.0478440642356871
-1.79754177927971
6
7
8.01771613955497
7.64345982670784
6.02123199105263
-4.1409943819046
11.3744158029556
6.21359861493112
-7.53620561361313
7
5.74454647302627
1.65934804677963
-4.4763168156147
7.96663019061088
1.51833928227425
3.93976822495461
4.50044734477997
7
0.333030962944029
-2.52828274965286
-3.35571759939194
1.02459390759468
3.41613611578942
3.36143270134926
10.4801573038101
7
1.47080966234207
0.42413238286972
12.3627606451511
0.235660028457641
-6.04543990492821
-5.16552626490593
3.589003521204
7
-4.39505838751793
-14.9380439698696
-3.08793606758118
7.97829105257988
7.32917279005051
-11.3175897717476
-2.47263575196266
7
5.86706737875938
5.11359207034111
9.79782375097275
-3.27338246703148
-6.01476693153381
3.64249548912048
3.54897494316101
2
7
10.8190347850323
-4.79548267126083
-3.2670439362526
-14.6641320586205
1.79843069314957
-5.4339981675148
7.33520200848579
7
6.24656022191048
-2.43489026427269
2.89893650412559
-0.0556501567363684
-0.428610837459564
-0.200241899490356
6.43548626303673
|Explorer2Genome 30
3
6
8
-7.10748680233955
-1.05194447636604
-4.20186033844948
3.22168550491334
-9.47093411684036
-6.02688963413239
4.17134084105491
-0.850171506404877
8
3.25856153964997
6.7091319322586
-8.09219001531601
2.41946843266487
-0.794450813531874
-5.09126777648926
-2.10776235461235
0.812555319070814
8
12.6417885959148
8.05908180475235
-0.885617816448211
-1.20490652322769
-0.748969912528992
1.62189667224884
3.54806830286979
-8.59086853861808
8
9.62790543437004
0.371468019485473
5.26538763046265
-6.84691811203956
0.17859810590744
-1.5842852294445
0.137106454372407
-4.15702404379844
8
-3.78139622211456
4.19654921889305
2.08885437250137
12.7169543504715
0.64595968723297
-8.24837702512741
-4.03576349616051
-0.543895304203033
8
1.98508351445198
4.73981189131737
6.73653891682625
10.3291761934757
3.64277362823486
1.13200843334198
0.209286153316498
-2.39791106581688
6
7
8.36702958941459
7.78961709737778
4.56299904584884
-5.3432365834713
10.418410974741
6.95957192182542
-10.0377326071262
7
7.00005747079849
2.5149295926094
-4.44625746011734
7.97284352779388
1.09498735070229
3.81431782245636
3.20762111544609
7
0.0833538532257061
-1.81787358522415
-3.08646556735039
0.418386435508725
3.322516310215
3.42643548250198
11.6555547237396
7
1.62231511473656
0.269069677591324
11.9610448420048
0.235660028457641
-5.87679198980332
-5.16552626490593
3.589003521204
7
-4.69098870754242
-15.3539526462555
-2.60002508163452
7.5941746711731
9.38763018250465
-12.0839296996594
-2.57338508367538
7
5.00001207590103
4.92987720370293
8.25386964082719
-3.89735977053642
-5.39504050016403
4.88516340851783
4.2955279648304
2
7
9.73940833806991
-3.82652692198753
-4.22798628211022
-13.8060779094696
2.42516736388206
-5.29436551332474
6.70188292860984
7
6.34229307174683
-1.60393812060356
2.54187742471695
-2.26871324181556
-1.15127953886986
-1.37029891610145
6.88818472623825
|Explorer2Genome 30
3
6
8
-8.68260002732276
-1.0063639998436
-9.21206570267677
4.44869347214699
-8.52310299873351
-6.0491835296154
6.15170843601227
-1.75572276711464
8
4.47935287952423
6.55355579853058
-7.47061568498611
2.26832668781281
-1.1069735109806
-5.69311184883118
-1.46939961314202
0.0130291521549207
8
11.6258456408978
7.74529331922531
-0.359796559810638
-1.80154979228973
-0.402887219190598
2.68026797175408
3.67747322916984
-7.8740632534027
8
11.3491074264049
0.0962062656879419
3.65981754660606
-8.42030791044235
1.11784749627113
-2.37589542865753
-0.575229233503341
-4.25762740969657
8
-3.84682245254517
4.03263636827469
0.701199769973755
12.3022488594055
0.121315383911131
-9.26545931100845
-2.73114039301873
0.358669388294221
8
2.21139371991158
3.51223331093788
7.9440121948719
10.6177957057953
2.3055917441845
2.52368679642677
-0.157136499881744
-3.19635821580887
6
7
7.67613474726677
8.68874348402023
5.71939592957496
-4.1409943819046
12.202247697115
6.59864760041238
-7.0050367474556
7
5.67798641920089
2.72601507902145
-4.4763168156147
7.60615946650505
1.12879405617714
4.04451778531075
4.0036226272583
7
0.545273017883299
-2.23529338240623
-3.79633106589317
0.45193722248077
3.35552262663842
3.92201295495033
10.5795682668686
7
1.11881357431412
0.269069677591324
10.8448656618595
-0.343009471893311
-6.37089585661888
-5.16552626490593
3.589003521204
7
-6.5393092930317
-14.2837552726269
-3.5877137362957
7.56909446120262
8.14312705993652
-8.18507663011552
-3.54487174749374
7
4.34673251509666
3.43833690881729
9.3742882847786
-2.84040684103966
-6.2883455812931
3.37993655204772
2.87782094478607
2
7
10.361253875494
-4.1692007958889
-2.73611770272255
-14.2137558341026
1.80060464143753
-5.47748188972473
7.68255515694618
7
6.38820755481721
-2.32080459594726
2.8922483086586
-2.31094444394111
-0.860501706600188
-0.312242418527602
6.90706139802933
|Explorer2Genome 30
3
6
8
-9.15767258405685
-2.90873714089394
-6.05591929554939
3.45443453192712
-8.87034049034118
-6.39057173132897
3.93567405343056
-0.724231368303299
8
5.11563336849213
6.55472100377083
-7.58382489681244
2.81687639355659
-0.125826263427733
-4.8601948261261
-1.82817260622978
0.987131363153456
8
12.1084989249706
8.34524001479149
-0.538009053468703
-0.465007150173187
-0.119990468025208
1.44604319930077
2.57119826674461
-9.50869771838187
8
9.94082890748977
0.78685393333435
4.76030828952789
-6.62533129453659
0.144236862659454
-2.72746776342392
0.546268355846406
-4.73293544650077
8
-3.50904225111008
3.8202827334404
0.524757891893387
11.9462432086468
0.945746111869811
-7.0209566950798
-1.88832045793534
-0.542564231157302
8
2.90155549645424
4.46908274888992
5.15740625858307
10.0863588154316
2.54697617888451
1.09248518943787
0.22440744638443
-2.98361092209816
6
7
7.01480287313461
7.61374817490578
5.82731986641884
-3.45210787057877
11.9970108032227
6.74031821489335
-8.30627579689026
7
7.00005747079849
1.94356499910355
-4.44625746011734
7.97987284660339
1.09498735070229
3.4033732175827
3.20762111544609
7
-0.354221367836
-3.09088917970657
-3.12861766219139
-0.114876627922062
3.322516310215
2.89310727715492
11.3150820493698
7
0.805672752857207
-0.613757801055908
11.0839943945408
-0.407885098457337
-6.65082921385765
-5.41460184454918
3.66016495823861
7
-5.39749264717102
-15.3546178340912
-2.83475179076195
8.51457723379136
7.37541192770004
-13.8312183737755
-1.67258247733116
7
4.6696455001831
3.77748178243637
8.50777239203454
-4.98090047240257
-6.70932350754738
4.19472876191139
3.48205423951149
2
7
11.5545458853245
-4.80468763709068
-3.78679413795472
-15.3036947846413
2.27238659262657
-5.58699117302895
7.89189227223396
7
5.84355053901673
-1.77683730125427
2.79502853155136
-1.93690846562385
-0.935566365718841
-1.37029891610145
6.746979367733
|Explorer2Genome 30
3
6
8
-6.9991843342781
-0.389128696918487
-4.20186033844948
3.27201671004296
-8.95825053453445
-6.02688963413239
4.15965792536735
-0.834958446025848
8
5.11563336849213
6.41388908028602
-7.58382489681244
2.81687639355659
-0.0950540304183943
-5.40393323898316
-1.82817260622978
0.987131363153456
8
12.6417885959148
8.05908180475235
-0.885617816448211
-1.40470675826073
-0.478473281860352
1.1812796831131
3.54806830286979
-8.59086853861808
8
11.3491074264049
0.666449624300002
3.65981754660606
-8.42030791044235
1.11784749627113
-2.37589542865753
-0.124980252981185
-3.8758593738079
8
-3.26259827613831
4.58988036513329
1.69088550806046
13.2682013750076
0.189018058776854
-7.06908954381943
-4.03576349616051
-0.581553894281387
8
1.37503216862678
4.69182547330856
5.71494753360748
10.3192921638489
4.10339560508728
1.63875360488892
0.427326285839081
-1.79754177927971
6
7
7.42483924627304
7.75479236841202
6.42314878106117
-3.35031279921532
11.9970108032227
6.28860861063005
-8.8433952331543
7
7.00005747079849
1.94356499910355
-4.44625746011734
7.97284352779388
1.09498735070229
3.4033732175827
3.12954201102257
7
0.545273017883299
-2.76582316756248
-3.35571759939194
0.63288610577583
3.41613611578942
3.92201295495033
10.7293478965759
7
1.47080966234207
0.269069677591324
12.3627606451511
0.235660028457641
-6.14258472323418
-4.6440659224987
3.589003521204
7
-6.06099076271057
-15.0936438322067
-1.70417093634605
7.21594877839089
6.98202384710312
-13.3804468274117
-3.04494802355766
7
4.6696455001831
3.77748178243637
8.75441653132439
-4.98087679743767
-6.70932350754738
3.95421636700629
3.2876095533371
2
7
10.8065882444382
-6.09783796668053
-3.33817306160927
-13.7624846279621
3.59117195606232
-4.90525789856911
8.65392283797264
7
6.38820755481721
-2.03891208171844
2.8922483086586
-2.31094444394111
-0.860501706600188
-0.312242418527602
7.18679541349411
|Explorer2Genome 30
3
6
8
-8.39832551479339
-2.90873714089394
-4.95590417981148
3.90309943556786
-9.86101918220519
-6.65295459032059
4.39452682733536
-1.38506554961205
8
5.11563336849213
6.34216223359108
-7.58382489681244
2.81687639355659
-0.588397812843321
-5.28815579414368
-2.33675805926323
0.987131363153456
8
11.794658190012
8.20367037653923
-1.06028503775597
-2.05477349758148
0.673175197839737
1.87225751280785
2.63521923422813
-7.39769413471221
8
9.94082890748977
0.332956504821777
4.76030828952789
-6.62533129453659
0.144236862659454
-2.72746776342392
0.417218339443208
-4.56198204755782
8
-3.84770414829254
4.51087157130242
1.69088550806046
12.3631888628006
0.189018058776854
-7.06908954381943
-4.11933977007866
-0.581553894281387
8
2.16471418142319
4.45398491621018
6.31237211227417
10.1954672336578
3.34885580539704
1.52471880912781
0.30601669549942
-3.3443383872509
6
7
7.57597433924675
7.50439656972885
5.82731986641884
-3.9307789504528
11.9970108032227
6.74031821489335
-8.30627579689026
7
7.00005747079849
1.94356499910355
-4.44625746011734
8.11029443740845
1.1029007256031
3.4033732175827
3.20762111544609
7
-0.650746601819994
-2.37694570422173
-3.56748701333999
-0.0686748266220128
3.37433623075486
3.92201295495033
11.1113471031189
7
1.48991507291794
0.269069677591324
12.3627606451511
0.235660028457641
-5.98216389417648
-4.7908405482769
3.589003521204
7
-5.13151113986969
-16.4580658197403
-1.54017372131348
6.70149195194245
8.75017458200455
-13.2081487119198
-2.91578149199486
7
4.70681993365288
3.8699805855751
9.33086796998978
-2.21151939630508
-6.86300335526466
2.95132620334625
2.97723670005798
2
7
11.3360789597034
-5.72170414328575
-3.6983845949173
-15.6994403481483
2.77329263091087
-5.58699117302895
7.89189227223396
7
6.34229307174683
-1.77683730125427
2.9977352797985
-1.93690846562385
-0.935566365718841
-1.55102422833443
6.746979367733
|Explorer2Genome 30
3
6
8
-7.48422716259956
-1.25271302461624
-4.20186033844948
3.64083353877068
-9.10445352792739
-6.27628264427185
4.15965792536735
-0.779865300655365
8
5.0311136007309
7.08473496437072
-7.9862665772438
2.57348310947418
0.221081638336183
-4.09733653068543
-1.04211856722832
0.212206578254698
8
12.3388924539089
8.05908180475235
-0.377908337116241
-1.15745044946671
0.305301237106323
-0.00976386666297674
2.48665353655815
-8.97443179488181
8
9.970899528265
0.319591218233108
6.28272277712822
-6.51583685278893
-0.0251296877861025
-4.57510907053947
-0.14970878958702
-4.59849719405174
8
-3.44463227391243
4.19398590326309
0.765400552749634
11.9462432086468
0.931698703765868
-7.50080800056458
-2.12807403802872
-0.665668952465057
8
2.29189139008522
4.20136020183563
5.55138878822326
10.1220480024815
4.17977985739708
2.45572925806046
-0.285210567712784
-2.44785544276237
6
7
8.40177816152572
6.86504536271095
4.31242445111275
-3.97314596176147
11.7525306880474
8.89887064099313
-7.77499138116837
7
5.55544009804725
1.98673504590988
-4.46152466535568
7.85871533751488
1.49424632191658
4.14625869393349
2.7257234275341
7
0.388309216499327
-2.9710607945919
-3.33100191950798
-0.313621306419376
3.45958639979363
3.41364894509315
11.1113471031189
7
1.11881357431412
0.269069677591324
11.8336813986301
-0.343009471893311
-6.8101509988308
-5.16552626490593
3.71330145001412
7
-4.9429960668087
-14.6744783818722
-1.70417093634605
7.60259886384011
6.98202384710312
-13.331452524662
-1.3158370912075
7
4.98529372215271
3.77748178243637
8.41589457392693
-4.98090047240257
-6.94530060887336
4.40569201111793
3.2876095533371
2
7
11.2433684051037
-4.52338824868202
-3.1911279976368
-14.9538416743278
2.49097813367844
-6.70413594841957
8.10148879289627
7
5.07529690861703
-2.91821177601814
2.83375056385994
-2.80250212550163
-0.584621846675872
-3.39194560050964
9.13654954433441
|Explorer2Genome 30
3
6
8
-8.74429582357406
-3.17040876746178
-6.4450321495533
4.27245313525201
-10.4994146108627
-5.94016847014428
5.11775439381599
-1.73895211219788
8
4.53599033355713
6.57984330654144
-8.22226755023003
2.20130245089531
-0.386837923526762
-4.22122570872307
-1.65349428057671
0.431298887729643
8
12.7216127097607
9.07935448884964
-0.0393914043903344
0.0250128567218785
0.146165400743485
1.72149775028229
2.66483770608902
-9.20106180906295
8
11.2310525894165
0.155512768030166
4.60538210868835
-7.6919240295887
1.10459148287773
-2.99427655339241
-1.61051914095878
-4.04010519385337
8
-3.84682245254517
4.31794463992119
1.10783295631409
12.3022488594055
0.543465757369994
-8.86426435709
-3.00421852469445
0.358669388294221
8
2.29189139008522
3.71626389026642
5.55138878822326
10.539067274332
4.17977985739708
2.24896028637886
-0.285210567712784
-2.62252325415611
6
7
8.13381625413894
6.77810944318771
5.05830141305923
-4.08320459723473
11.6331068515778
7.98812871575357
-8.64110090136528
7
6.48433290719986
2.34734774827957
-3.69458535313606
8.6270742893219
0.316791898012161
4.4768717288971
3.0128668487072
7
-0.140801501274111
-2.60038530230522
-3.06789869070053
-0.313621306419376
3.2665720820427
3.92201295495033
11.1113471031189
7
0.518510806560515
-0.884927147626877
9.39838621020317
1.3064911365509
-7.42830367088318
-3.1097861468792
4.02033168077469
7
-6.52096638083458
-12.7124195277691
-4.72570696473122
7.17485803365707
6.97550232410431
-8.85175956487656
-2.55398078560829
7
6.29777963161468
4.12297067046165
8.73292490243912
-3.27338246703148
-5.6275586605072
3.79843697547912
3.38043964505196
2
7
10.0641116797924
-5.17577168345451
-3.13383100628853
-13.5355488419533
3.53950349092483
-5.31126344799996
8.3780721783638
7
5.07529690861703
-2.35285018086433
2.83375056385994
-2.80250212550163
-0.584621846675872
-3.35027415752411
9.13654954433441
|Explorer2Genome 30
3
6
8
-8.99428995251655
-2.87692447900772
-6.75458560585976
4.19085869193078
-10.1346709489822
-4.91199669837952
5.95091295838356
0.253865081071854
8
4.8363400220871
6.22740805149078
-8.03277230858803
2.26832668781281
-0.642073035240172
-6.14799726009369
-2.37711464762688
0.836347371339796
8
12.1669254302979
7.82270900607109
-1.04988489747047
-2.04971966147423
0.820696407556534
1.55818024277687
2.68826774954796
-8.11074531078338
8
10.1105007827282
0.767307782173156
5.96212723851204
-6.14211585521698
0.452908766269684
-2.82173119187355
0.618608248233796
-4.71076409220695
8
-3.66035084724426
5.09233192801476
2.05355550050735
12.7169543504715
0.639812994003294
-6.65648726224899
-3.92754265666008
-0.581553894281387
8
1.669631254673
4.69182547330856
5.71494753360748
10.1754711866379
4.10339560508728
1.73495879173279
-0.0226549744606016
-1.79754177927971
6
7
7.42483924627304
7.61374817490578
5.82731986641884
-3.69356846213341
11.9970108032227
6.20998662710191
-8.30627579689026
7
6.90824953317642
2.0721092402935
-4.35784670114517
7.83181113600731
2.42026432156563
4.51863878369331
5.26778019070625
7
0.290450286865233
-2.28007311224937
-3.38266405463218
-0.305157184600834
3.47937725782395
2.76796473860741
11.3476542949676
7
0.7777541577816
-0.294180876016617
11.9514481842518
-1.19942328929901
-6.13113676905632
-4.74629980325699
4.54304845929146
7
-4.5947033405304
-15.5800991296768
-2.31752016544342
7.7914215862751
9.83101549744606
-11.8460224270821
-2.35649152398109
7
5.23986491560936
4.08914358019829
8.28560296297074
-3.74750661253929
-5.85353806018829
3.59057536125182
3.78895853161812
2
7
11.5545458853245
-5.18548986315727
-4.11819488406182
-15.3036947846413
2.27238659262657
-5.58699117302895
7.89189227223396
7
6.54033810496331
-3.22575700879097
2.15447152853012
-0.518959742784495
0.274173772335053
-1.73544748425484
6.62664917707443
|Explorer2Genome 30
3
6
8
-7.10748680233955
-0.717667990922927
-4.20186033844948
4.16303086280823
-9.47093411684036
-6.02688963413239
4.17134084105491
-0.850171506404877
8
4.41924607753754
7.03708662986755
-7.89225236177444
1.61887481808662
0.0657941102981584
-4.99983470439911
-1.41328780055046
1.12584435939789
8
12.1520665824413
7.89400864839554
-0.65692788362503
-1.83322060108185
-0.402887219190598
2.29361416697502
3.67747322916984
-7.8740632534027
8
9.94082890748977
0.332956504821777
4.4525130033493
-6.62533129453659
0.144236862659454
-2.72746776342392
0.618608248233796
-4.73293544650077
8
-3.56107469201088
5.39327374100685
1.62423100471497
11.7461083590984
0.785670071840285
-7.069569927454
-0.461447846889499
-1.14307605028152
8
2.51657074093819
3.23868139386177
8.5134704887867
10.6177957057953
2.3055917441845
2.37909241318703
-0.157136499881744
-2.7319925904274
6
7
7.42483924627304
8.14469481110573
6.09189838171005
-4.18351349234581
11.7268037080765
6.94791459441186
-7.75567865371704
7
5.67798641920089
2.72601507902145
-4.4763168156147
7.4143336713314
1.51188245415688
3.70002372860909
4.35138490200043
7
0.545273017883299
-2.23529338240623
-3.08661205172539
0.45193722248077
3.37672924399376
3.92201295495033
10.1074128627777
7
1.11881357431412
0.269069677591324
11.0320805609226
-0.343009471893311
-6.37089585661888
-4.71150395274162
3.589003521204
7
-5.39749264717102
-15.3546178340912
-2.39121741652489
8.51457723379136
7.37541192770004
-13.8312183737755
-1.21657232642174
7
4.41917552947998
3.74171727895737
8.41589457392693
-4.98090047240257
-6.60963867306709
4.73187709450721
3.2876095533371
2
7
11.2648490726948
-5.0973976790905
-3.78679413795472
-15.3036947846413
2.27238659262657
-5.58699117302895
7.89189227223396
7
6.89973878860474
-1.77683730125427
2.79502853155136
-1.93690846562385
-0.935566365718841
-1.79123292565346
6.746979367733
|Explorer2Genome 30
3
6
8
-8.93988300561904
-3.85411357283592
-6.89823186397552
4.41214406490327
-8.80443439483642
-5.55965486764908
3.63389648199081
-1.25267872214317
8
6.38206844925881
7.78188473582268
-7.35947000384331
1.66739773154259
0.205971807241442
-4.85901801586151
-0.747822713851931
0.126037484407423
8
12.8389648795128
7.80153509378433
-0.499069154262542
-2.23292220830917
-0.298520088195801
3.66605864167214
1.64527668356895
-7.33916425704955
8
10.8380046129227
1.69957382678986
5.31867926120758
-5.0651106774807
0.179625356197357
-1.86177902817726
0.426399129629136
-3.79133819341659
8
-3.40847153663635
4.42504642605782
0.560479927062988
13.2183124303818
-0.967599320411684
-7.77267609834671
-2.91527919173241
-0.283052051067352
8
1.8678439438343
4.45483118891716
5.55138878822326
9.57872501015663
3.5751059293747
1.13200843334198
0.209286153316498
-2.39791106581688
6
7
8.13381625413894
7.47458449602127
4.88346975445747
-3.75538213253021
11.9525160491467
7.41050742268564
-7.48550390601158
7
9.44354612827301
3.49836964607239
-6.57870308756828
6.9860735476017
2.09139801263809
2.03177471160889
4.88679158687591
7
0.161023688316343
-2.55834137201309
-3.13116561770439
0.770340323448178
3.322516310215
3.52747917771339
11.9066139221191
7
1.40306755900383
-0.421927982568741
12.1310131907463
0.0522813320159908
-7.5159511089325
-5.55618398189545
3.93608835935593
7
-5.10938742160797
-15.3546178340912
-2.39121741652489
7.79575210213662
8.01831117868424
-13.4207697272301
-2.19039058089256
7
6.59071986079216
4.62736343741417
8.67749923467637
-2.71064214110374
-5.19315338134765
3.79843697547912
4.49283467531204
2
7
10.9789833307266
-5.40937120318412
-3.80673872232438
-15.242717820406
2.36531655192375
-6.34850083589554
6.58986903429031
7
6.49574570059777
-3.21368506550789
3.02974318861961
-0.733070760965342
0.258844554424286
-1.9369548201561
6.86628128886223
|Explorer2Genome 30
3
6
8
-7.34257274866104
-0.92419592142105
-4.20186033844948
3.5983029305935
-8.95825053453445
-6.02688963413239
4.48207847476005
-0.834958446025848
8
4.41924607753754
7.03708662986755
-7.89225236177444
1.61887481808662
0.338150978088381
-4.99983470439911
-1.41328780055046
1.17221302986145
8
13.1622715771198
8.40261133909226
-0.616534405946731
0.646137988567353
0.672889453172684
1.20928947329521
2.47660158276558
-9.31720646619796
8
10.6510249078274
1.69957382678986
5.31867926120758
-4.48763436675072
0.179625356197357
-1.86177902817726
0.426399129629136
-3.79133819341659
8
-3.56107469201088
5.39327374100685
1.62423100471497
11.7461083590984
0.785670071840285
-7.08240182995796
-0.991023123264316
-1.5770910859108
8
2.17104013562202
3.86933818459511
6.3408518075943
10.1954672336578
2.516824644804
2.17938215732575
0.569295752048493
-3.9203291118145
6
7
7.42483924627304
8.0034706056118
5.82731986641884
-3.35031279921532
11.9970108032227
5.88167544603349
-8.8433952331543
7
9.32348639369011
2.63092502951622
-6.92305931448936
7.13979538083076
1.95512899160385
1.89645955562592
4.05067932009697
7
0.132816219329832
-2.75758994817734
-3.56819631457329
0.770340323448178
3.322516310215
3.52747917771339
11.5861909389496
7
1.11881357431412
-0.294180876016617
12.0811819851398
-0.333696842193604
-5.68823797106743
-5.06545841097832
4.1000088274479
7
-6.06099076271057
-15.0936438322067
-1.70417093634605
7.21594877839089
6.98202384710312
-13.3804468274117
-3.04494802355766
7
4.89623000621796
3.77748178243637
8.41589457392693
-4.87063972353935
-6.60963867306709
4.73187709450721
3.2876095533371
2
7
10.8065882444382
-6.09783796668053
-3.33817306160927
-13.7624846279621
3.26242654323578
-4.66693012714386
8.54787580370903
7
5.07529690861703
-2.59218848347664
2.55752874016761
-2.80250212550163
-0.584621846675872
-3.39194560050964
8.76692011356354
|Explorer2Genome 30
3
6
8
-9.10369452238082
-3.17040876746178
-6.40257607102394
3.83510021567345
-10.6131895542145
-5.84485942721367
4.78669956326485
-1.27014589309692
8
6.64590359926224
7.50821149349212
-6.40153428912163
1.07896570563316
0.205971807241442
-4.85901801586151
-1.53065946102143
0.126037484407423
8
12.7015133976936
7.80153509378433
-0.499069154262542
-2.23292220830917
-0.298520088195801
3.5038643181324
1.64527668356895
-7.33916425704955
8
8.9941697537899
0.367526441812515
4.09156670570373
-8.93885274529457
-0.471297812461853
-3.92313810586929
2.36533265709877
-3.35868972539901
8
-3.84682245254517
4.05050452947617
0.902017617225647
11.682809138298
-0.00401916503906385
-8.86426435709
-3.24884507060051
0.358669388294221
8
2.28309724926948
3.86933818459511
6.3408518075943
10.1954672336578
3.03092128634453
2.15149261951447
0.350562608242035
-3.24634699225426
6
7
8.43425406217575
6.86552050709725
4.78352263569832
-4.5851461648941
11.1926342189312
8.38519628643991
-8.25111892223358
7
9.44354612827301
3.49836964607239
-6.57870308756828
6.9860735476017
2.09139801263809
2.03177471160889
4.88679158687591
7
0.161023688316343
-2.55834137201309
-3.13116561770439
0.770340323448178
3.322516310215
3.94647555947304
11.5861909389496
7
1.4130677819252
-0.0119512617588045
11.7960298001766
-0.236783337593079
-7.0650155544281
-5.04573271274567
4.08063310384751
7
-6.5393092930317
-14.2837552726269
-3.90158030986786
7.56909446120262
8.14312705993652
-8.18507663011552
-3.54487174749374
7
6.65786527991295
4.77231451869011
8.67749923467637
-2.71064214110374
-5.19315338134765
3.79843697547912
4.22847002148628
2
7
10.5204265296459
-4.57721131443977
-3.1911279976368
-14.1442572951317
2.49097813367844
-6.61170251965523
7.7670014321804
7
6.34229307174683
-2.09496874809265
3.19716274142265
-2.39009521603584
-0.385507810115813
-0.787512975931167
7.30869115591049
|Explorer2Genome 30
3
6
8
-8.18288773298263
-3.18738214373588
-5.19413523077965
4.74833201766015
-9.77384424209594
-4.93530568480492
4.42327511906624
-1.6880062520504
8
5.11563336849213
6.55472100377083
-7.58382489681244
2.22911999821663
-0.0950540304183943
-4.8601948261261
-1.82817260622978
0.987131363153456
8
12.2524903297424
7.24775955080986
-0.471799188852309
-2.04971966147423
0.3799860060215
1.29973504543305
2.5165743291378
-8.24482273459434
8
9.94082890748977
0.372947096824645
4.76030828952789
-6.62533129453659
0.144236862659454
-2.71597567796707
0.618608248233796
-4.1880657851696
8
-4.91885182857514
4.63715113401413
1.02279718518257
12.3022488594055
-1.09970197677612
-7.22195657491684
-2.9439566552639
0.33119809627533
8
2.29189139008522
3.68741819858551
5.12678251266479
10.3201483607292
4.27976581454277
1.83700981736183
-0.275832134485245
-2.36102003455162
6
7
8.17929942011833
8.32226019501686
3.31421522498131
-5.82917847037315
8.74412360787393
8.44452342391016
-7.79143441319466
7
7.00005747079849
1.35579980611801
-5.00300651788711
8.58931307792663
0.957573902606964
3.94701778888702
2.70909537672996
7
0.545273017883299
-2.76582316756248
-3.35571759939194
0.63288610577583
3.41613611578942
3.64547899365425
10.7293478965759
7
1.26064406633377
-0.517030960321426
11.4803180813789
0.0522813320159908
-7.5159511089325
-5.55618398189545
4.41923159360886
7
-4.82313170433045
-15.8013665676117
-2.39121741652489
8.51457723379136
7.74856957197189
-13.8312183737755
-1.67258247733116
7
4.6696455001831
3.77748178243637
8.75441653132439
-4.98090047240257
-6.70932350754738
4.39742120504379
3.2876095533371
2
7
10.0410411775112
-4.41228435635566
-2.46820307374001
-14.1298908829689
2.68516298532486
-7.3015740275383
6.93991683721542
7
6.34229307174683
-1.77749054431915
2.79502853155136
-1.93690846562385
-1.47781504392624
-1.37029891610145
7.2892871260643
|Explorer2Genome 30
3
6
8
-9.25134254693984
-2.71529341936111
-6.30279489159584
4.04403514266015
-9.99461082220077
-6.86365732550621
3.75938912034035
-1.44821749925613
8
5.0311136007309
6.6958064854145
-7.9862665772438
3.04552071094513
0.221081638336183
-4.57325739860535
-1.04211856722832
0.212206578254698
8
12.8507791697979
7.86647809743881
-0.791492736339568
-2.64409254789352
-1.02386107444763
2.20434216856957
4.4337435901165
-8.20355784296989
8
9.970899528265
0.319591218233108
6.28272277712822
-6.91298188567162
-0.0251296877861025
-4.57510907053947
-0.14970878958702
-4.59849719405174
8
-3.66014934182167
5.56619203686714
2.1570313513279
11.2340873897076
-0.106811445951463
-8.25620169043541
0.143117505311963
-1.01828824281692
8
2.21139371991158
2.37539568543434
7.50928261876106
10.8103516340256
2.31370789408684
1.61000924706459
-0.531898605823517
-3.74719611406326
6
7
8.86207140684128
6.18272929787636
5.35582476854324
-4.21802837252617
11.7873306691647
7.80211530327798
-8.35706968307495
7
9.32348639369011
2.8556737601757
-6.32630702257156
7.41054320931435
2.3813673377037
2.1421348631382
5.63712096214294
7
0.466901445388792
-2.9710607945919
-3.33100191950798
-0.313621306419376
3.45958639979363
3.41364894509315
11.1113471031189
7
1.11881357431412
0.269069677591324
11.8336813986301
-0.343009471893311
-6.8101509988308
-5.28182148337364
3.71330145001412
7
-4.9429960668087
-14.6744783818722
-1.70417093634605
7.60259886384011
6.98202384710312
-13.331452524662
-1.3158370912075
7
5.41244139075279
4.15673195719719
9.10188828706742
-3.74696158766747
-5.75984413623809
3.01627213954925
3.54897494316101
2
7
10.3128719747066
-5.24228805303573
-3.13861957192421
-14.1471849799156
2.91397367119789
-5.08143354058266
7.48710263967514
7
6.38820755481721
-2.03891208171844
2.8922483086586
-2.38079095482826
-1.10067655444145
-0.312242418527602
7.70809024572372
|Explorer2Genome 30
3
6
8
-7.88613331317901
-2.022676384449
-8.45286343693733
3.78454526066781
-7.5420331954956
-5.69220482707024
5.51040350794792
-1.81113098263741
8
5.08861479759217
5.87851231098175
-7.75869137048721
2.0362167596817
-0.334910535812376
-4.27894886732102
-1.15776090025902
0.714256739616392
8
13.2660288989544
8.9640749335289
0.338790625333787
0.0250128567218785
0.146165400743485
1.72149775028229
2.47660158276558
-9.20106180906295
8
10.1541898906231
0.22427589893341
4.95819973945618
-5.9263042986393
-0.0611024737358094
-2.05387089848518
0.137106454372407
-4.07958688139915
8
-3.49727804660797
3.88157973885537
1.35969107747078
12.3241427659988
0.229775762557982
-7.77267609834671
-3.19826862215996
0.0284480452537542
8
2.17104013562202
4.16867326498032
6.3408518075943
10.3652071297169
3.03092128634453
2.17938215732575
0.00462938547134417
-4.14226788878441
6
7
8.13381625413894
7.49686635732651
4.55658879876137
-4.09622225165367
11.8869031727314
7.94614799618722
-8.64110090136528
7
6.48433290719986
2.34734774827957
-4.27424948811531
8.72518182396889
0.316791898012161
4.4768717288971
3.17510027885437
7
-0.490550470352175
-2.0769297003746
-2.86531857848167
0.418386435508725
2.78691099882126
3.89354913830757
11.1113471031189
7
1.01108454465866
-0.294180876016617
11.9631122887135
0.195721650123596
-5.59350256323815
-5.41460184454918
3.09974227547646
7
-5.60751883983612
-16.1142615735531
-2.13807401657105
6.67117626667023
8.10744550824165
-11.8677588164806
-4.57778097987175
7
3.21010544300079
0.648027110099793
8.4258071243763
-0.759981781244279
-2.52333778142929
2.92966046333312
5.8487085878849
2
7
10.3862733781338
-4.53169268965721
-3.28557227849961
-14.4297355294228
1.68970116376877
-5.47748188972473
7.02683051228523
7
4.52820201516152
-3.04064725041389
2.76674320697784
-2.06085296869277
-0.627954238653182
-2.43035834431648
8.43623943328857
|Explorer2Genome 30
3
6
8
-7.10748680233955
-0.717667990922927
-4.22611716389656
3.79543161392212
-8.87724310159683
-6.02688963413239
4.17134084105491
-0.850171506404877
8
6.14014049172402
7.36681603789329
-7.35947000384331
1.98732861876488
0.690790581703188
-5.34592900276184
-1.63147312998772
-0.44857150912285
8
12.7862289845944
7.52834688425064
-0.885617816448211
-1.40470675826073
-0.478473281860352
1.1812796831131
3.54806830286979
-9.09171306490897
8
9.90107213258743
0.233888220787048
5.00082769393921
-6.27629507780075
0.0946290850639342
-3.08628095388412
1.11872192621231
-4.20216277837753
8
-3.36786788105965
5.72351702451706
0.702007937431335
11.7657721698284
0.746899133920668
-7.84974846243858
-1.09484769701958
-1.58881491422653
8
1.72139804959297
4.69182547330856
5.71494753360748
10.6377398967743
4.10339560508728
1.58651497364044
-0.0226549744606016
-1.79754177927971
6
7
8.49214906096458
7.95198960900307
5.87496374845505
-3.96904518604279
11.9970108032227
7.37190721631051
-7.02508956789971
7
9.06306614279747
3.53242538571358
-6.31219273805618
6.9860735476017
2.09139801263809
2.55593312382698
4.53184179663658
7
0.545273017883299
-2.76582316756248
-3.35571759939194
0.123565512895581
3.41613611578942
3.92201295495033
10.7293478965759
7
1.38664273023605
-0.628179162740707
9.39838621020317
0.901785135269165
-7.32730948925018
-2.77930850982666
3.80738838911057
7
-5.39749264717102
-14.9416264533997
-2.39121741652489
8.51457723379136
7.37541192770004
-13.8312183737755
-1.67258247733116
7
4.6696455001831
3.77748178243637
8.75441653132439
-4.98090047240257
-6.70932350754738
4.19472876191139
3.2876095533371
2
7
11.188080906868
-5.80563947558403
-3.2670439362526
-13.6781282782555
1.679672062397
-5.46414498090744
6.46238642930984
7
6.29131731390954
-2.90351750850677
3.01870058774948
-2.85231409072875
-0.746658366918563
-1.9008153796196
8.53492534160614
|Explorer2Genome 30
3
6
8
-8.68260002732276
-2.17281078100204
-8.95818927288055
4.57178383469582
-8.16734638214111
-6.08147426843643
5.57126038074493
-1.57450714707375
8
4.54630753993988
7.5360479414463
-8.13557413816452
2.5394630253315
-1.63998695015907
-4.67647665143013
-1.26231821775437
0.602945226430891
8
12.3967246353626
7.38383931517601
-0.770645517110824
-2.23291158676147
0.298557484149933
2.23102850317955
2.72624580860138
-7.02131712436675
8
9.94082890748977
0.332956504821777
5.09898889064789
-6.62533129453659
0.144236862659454
-2.72746776342392
0.618608248233796
-5.32665149569511
8
-3.56107469201088
5.39327374100685
1.62423100471497
12.3034967124462
1.19627435803413
-7.14942093491554
-0.223560565710071
-1.11397622823715
8
2.84950805306435
3.83211598992348
7.84676747322082
11.0709582090378
1.96412100195885
1.58255658745766
-0.990866696834564
-5.10683490037918
6
7
7.42483924627304
7.61374817490578
5.82731986641884
-3.69356846213341
12.0887412786484
6.74031821489335
-8.30627579689026
7
6.7036378800869
0.134000116586684
-6.03260361552238
6.2939000070095
3.41453740596771
-0.947173470258712
2.81377604007721
7
0.545273017883299
-2.76582316756248
-3.35571759939194
0.743721204996106
3.41613611578942
4.1956001162529
10.7293478965759
7
1.47080966234207
0.269069677591324
12.3627606451511
0.235660028457641
-6.14258472323418
-5.16552626490593
3.589003521204
7
-5.59853630065918
-14.7617296397686
-2.08239142894745
7.23952827453614
9.55329226255417
-11.5946109831333
-2.57338508367538
7
5.30294052958488
3.88601418733597
9.09457708597184
-2.7588250041008
-6.08150456547737
4.16280789971351
3.73439038395882
2
7
10.6101826131344
-3.99655454754829
-3.49580755829812
-14.0771743357182
1.99608918428421
-7.37289827466011
6.96528216600418
7
6.34229307174683
-1.77683730125427
2.79502853155136
-1.93690846562385
-0.935566365718841
-1.37029891610145
6.746979367733
|Explorer2Genome 30
3
6
8
-9.07528098821639
-3.17040876746178
-6.40257607102394
4.54882838129998
-10.7078161001205
-5.84541818499565
5.65627430081367
-1.27014589309692
8
6.07559089660645
6.84056410789489
-7.31543272733688
1.25047807693481
-0.456493711471556
-5.58498678207398
-1.748599421978
-0.394051480293276
8
12.3222385644913
6.51322674155236
-0.645366239547728
-1.80345126390457
0.820696407556534
1.73500117063523
2.30105046629905
-8.13786730766295
8
10.1541898906231
0.0555092334747309
4.90388958454132
-6.32731743454933
-0.139157545566559
-2.05387089848518
0.137106454372407
-4.1395690858364
8
-3.34715312719345
4.19398590326309
0.765400552749634
12.1034267902374
0.237548303604125
-8.05384187698364
-2.4143279671669
-1.68292332887649
8
1.78410723805427
3.85977641344071
4.66992306709289
10.7128512620926
4.14922949671745
1.06616506576538
0.314225381612778
-3.53113579154015
6
7
8.01771613955497
7.39523954987526
5.71939592957496
-4.15804085731506
12.5275856494904
7.3876791059971
-7.41078764796257
7
6.66929689645767
2.30875791311264
-4.40133269429207
7.46294679641723
2.42180945277214
3.8767772257328
4.1160888671875
7
-0.254627013206484
-2.00097671151161
-4.03300051689148
-0.167149466276172
4.4912901043892
6.58092855811119
13.2343885481358
7
1.01108454465866
-0.294180876016617
11.9631122887135
0.195721650123596
-5.59350256323815
-5.41460184454918
3.17709167599679
7
-6.94294591546059
-13.0860247254372
-3.86260695457458
7.43321325182915
7.81091423034668
-8.77712341547013
-3.49678238630295
7
3.63929107189178
1.05180814266205
7.63521321415901
-0.650213414430619
-2.52333778142929
2.92966046333312
5.28107205033302
2
7
11.8417616188526
-4.93610373735428
-3.19470872879029
-14.7224986433983
2.0296785056591
-4.89968627095223
7.89189227223396
7
7.0790412247181
-1.57218418121338
3.34423056840896
-1.87967577576637
-1.56275101900101
-1.02768678665161
7.22566148042679
