50
999
|Explorer2Genome 30
3
6
8
-2.36879524588585
-4.51143237352371
-3.45769813656807
-4.98457405567169
-5.69529357552528
-1.88811748027801
7.06477564573288
4.30412781834602
8
-1.24186963438988
-4.65118164420128
10.3163806855679
7.7627569258213
-8.56278148293495
-6.46554909944534
-1.37974675297737
-2.18392414450645
8
2.3241040289402
1.16457223296165
-0.854433125257492
-2.30255941748619
5.70000030398369
5.71837369203568
3.28200948238373
3.56957785487175
8
2.06554696559906
12.283177536726
0.0703150868415824
-7.27388466596604
1.44225941896439
-1.8588384270668
-3.88926485776901
0.0322915017604818
8
-1.63242612481117
5.6934515953064
3.55765848755837
2.40263285040855
-0.704537838697434
-8.40268635153771
2.76004130840302
0.850020980834961
8
-3.96928650736809
-1.9462294280529
1.59001195430756
-1.4092652797699
2.62933232784272
4.37997710704803
-0.604558557271958
9.02983954548836
6
7
-3.10609431266785
-8.57922148704529
-0.748297750949859
-2.76195424199104
-2.34510973095894
3.6861942589283
4.23005353212357
7
-2.22625622153282
-0.163875859975816
0.401335203647613
1.6578002512455
-0.610547739267349
-2.72449637055397
-1.86435235142708
7
1.70410383939743
-0.693420684337615
-4.3234385073185
-8.4464152932167
1.75769734978676
1.6426606297493
-8.65337694883346
7
-0.380036020278931
4.09212362766266
2.11101720929146
-0.0600974917411807
6.54045637845993
2.59947481751442
9.54433475136757
7
-3.9457018494606
4.23240788578987
-3.44431371688843
0.42573674917221
8.83837198019028
4.81895622611046
-2.16336514949799
7
-3.50245913863182
-3.19644535779953
1.66896827220917
-4.13833426237106
2.18671233654022
-4.74604860544205
1.71860146522522
2
7
-5.10688871741295
2.6093071103096
-0.335375744104385
-2.49837993383408
5.2752116560936
-0.360674673318862
2.04936650395393
7
2.64261227250099
2.57636014223099
0.770361697673798
5.36368802189828
2.32933241724968
1.70453158020973
2.28289924263954
|Explorer2Genome 30
3
6
8
-2.84404888749123
-5.43870920538902
-4.91573687195778
-4.47586847543716
-5.3833648443222
-1.64772492647171
7.42347148060799
6.08749150633812
8
0.366958010196686
-4.94706198573112
10.4610976457596
8.20096543431282
-8.10767922401429
-5.65565131306648
-0.649836587905883
-1.82732602953911
8
1.29142469763756
1.9358564376831
-0.00102111101150487
-0.725657624006271
5.29737047553063
5.27942560911179
4.38872956633568
3.69275281429291
8
0.429862040281297
12.0182818770409
0.545487672090529
-6.84877551198006
3.95162924528122
-1.81760774254799
-4.45931740403175
1.86113306283951
8
-3.26313573122024
5.32489075660706
2.87337484359741
1.44804626703262
0.291956508159637
-9.68077210783959
3.09422922730446
2.34212149977684
8
-2.86102671027184
-1.749917781353
1.48946530818939
-1.35349099636078
2.90619124770165
4.434589189291
-0.958727306127549
8.61948137879372
6
7
-2.94202015399933
-8.46190579533577
0.310422307252885
-2.71212836503983
-4.94022339582443
4.9761939406395
4.42994476556778
7
-2.01291181445122
-1.19874855875969
-0.409349095821381
0.806581550836564
-0.066514068841934
-3.73337601423264
-1.60303581357002
7
2.56292921304703
-0.707557213306427
-1.04117790460587
-9.71362551450729
-1.57505864500999
3.46652093529701
-9.41585921645165
7
-0.329821276664734
4.17679295539856
1.09598854780197
0.0174289882183072
6.3145416200161
2.67090998291969
7.53679092526436
7
-3.57946274876595
3.4502112030983
-4.71397161483765
0.823809611797332
8.04661527872086
4.40305196642876
-1.3404365837574
7
-3.38556897044182
-2.34985972642899
1.96311810612678
-4.84034839868546
2.33577697873116
-5.56132262945175
2.65781221389771
2
7
-4.96581137180328
2.52467706799507
0.192502444982529
-2.942602455616
5.30708822607994
0.620106220245363
1.75203471183777
7
2.79120752811432
3.60251045823097
0.891557061672211
4.98734813332559
2.21785360574722
0.264636754989621
2.30512853264809
|Explorer2Genome 30
3
6
8
-1.93928081393242
-4.99547454118729
-2.79930558800698
-5.28334951996804
-6.33863514065743
-2.44657571315765
7.14066249132157
4.73477762937545
8
-0.209538739919663
-4.19958524703979
9.61051682829856
8.527600055933
-7.85027089715004
-5.53511334061623
-0.680595982074737
-2.13643459677696
8
2.06863915920258
2.07016424536705
-1.18037738204002
-1.70656670928001
4.93102471232415
5.48244522809982
4.35391933917999
3.56957785487175
8
1.54916731715202
10.6136251091957
1.43999770879745
-8.6229279756546
3.35252900123596
-0.782529532909393
-4.67433937191963
-0.00385868549347046
8
-3.49652841687202
5.08158176541328
1.74078619480133
2.9551007270813
-0.0136140465736395
-10.5131521165371
2.8757381439209
2.1189507484436
8
-5.40067130923271
-0.712911850214005
2.41613973379135
1.95022604465485
2.13416730761528
3.20940823554993
-1.33347712755203
8.84703786373138
6
7
-3.40313200950623
-7.79966747760773
-0.22761013507843
-1.60955358147621
-4.97105206251144
3.81300666928292
4.76173452138901
7
-2.94094190001488
-1.01961460113525
0.241444540023804
1.6528875887394
-0.731122833490371
-3.10812913179398
-2.93613648414612
7
2.85320221781731
-1.37600008845329
-2.08867300748825
-9.39142497777938
-1.63768829703331
2.12081372141838
-8.74334653615951
7
0.195421534776687
2.1645968914032
1.77575054168701
-0.146085178852082
5.27024122476578
2.96116532087326
7.9220313847065
7
-3.98189772367477
3.36171813607216
-3.28620615005493
0.282133424282074
8.5130595266819
5.50455636978149
-0.299184358119964
7
-0.186078298091888
-0.393431973457337
2.87547570466995
-4.91727604866028
0.895139038562775
-6.05043812394142
2.10616446733475
2
7
-4.55230221748352
3.01717413067818
-0.0228080034255974
-3.18400834798813
4.74851399660111
0.21239237189293
2.05329978466034
7
2.03640648126602
3.04275444746018
0.958100503683091
6.49315196871758
3.07497538328171
0.25266326665878
1.20798166394234
|Explorer2Genome 30
3
6
8
-1.84098557829857
-4.51143237352371
-3.45769813656807
-4.75697551369667
-5.7263980448246
-1.84134197235107
7.35697685480118
4.32651310563087
8
0.33149219751358
-6.06313543319702
10.1909342706203
8.6028546154499
-7.83267126083374
-6.21261650323868
-1.31251090764999
-1.69710964560509
8
1.29142469763756
1.9358564376831
-0.366138619184494
-1.25926401019096
5.18049218058587
5.19187351465225
4.38872956633568
4.31313924789429
8
0.858409303426743
12.0182818770409
0.741574442386626
-7.10922914743424
3.2995720744133
-2.01149717569351
-4.23992515206337
1.07352364659309
8
-2.52544365525246
5.57860662937164
1.35149268507958
2.84386798143387
0.00133377909660287
-9.69745398163796
3.1085557281971
1.51960579752922
8
-3.20076088309288
-1.9462294280529
2.03796381950378
-0.921921634674073
2.41996068358422
4.43784338831901
-0.958727306127549
9.02983954548836
6
7
-3.86043405532837
-8.90204971432686
-1.22265546321869
-3.20914096236229
-3.79071637392044
5.74766443371773
4.16011618375778
7
-1.39131230711937
-1.01961460113525
0.177389061450958
1.20892060995102
-0.427218967676163
-4.04586116075516
-3.80273666977882
7
3.02836385965347
-0.762150180339813
-2.12064012885094
-9.39990982413291
-1.50268778204918
1.98441892266274
-9.35109613537788
7
-0.848514848947525
1.57871358990669
0.52489451766014
0.452014708518982
5.71279636025429
2.4452012360096
6.37674162387848
7
-3.14945005178452
3.91034594774246
-4.28724811077118
0.823809611797332
8.87606638669968
5.70559503436088
-1.36117234826088
7
-1.30932139754295
-1.53232259750366
3.46263949275017
-6.10077776312828
0.794938737154008
-7.43984406590462
-0.0945362985134117
2
7
-4.96581137180328
2.46916571259499
0.320141047239304
-2.942602455616
5.12534633874893
0.364277142286302
2.11919822692871
7
1.51405925750732
2.90611261725426
-2.58116394877434
9.07130965590478
4.40742574334145
-0.657718563079837
2.08119224309921
|Explorer2Genome 30
3
6
8
-1.84098557829857
-4.97850123643875
-4.02455547451973
-5.49386909604073
-5.83190556168556
-1.88811748027801
7.42965399026871
5.18737200498581
8
-0.542923533916474
-4.94706198573112
10.4610976457596
8.20096543431282
-8.10767922401429
-5.65565131306648
-0.649836587905883
-1.82732602953911
8
0.422673702239991
1.5025050342083
1.98308637738228
-1.1368568778038
5.21121370196343
5.43070732951164
4.16210207343102
3.51496242880821
8
1.96803395152092
10.9414834618568
1.23751116991043
-8.16184301376343
3.92896490097046
-0.782529532909393
-4.94348016381264
0.484515357017516
8
-3.49652841687202
5.08158176541328
1.39525852203369
2.03312177658081
-0.238435679674149
-10.5131521165371
2.8757381439209
2.09162890911102
8
-3.50371817946434
-1.20932347178459
3.28204739093781
-0.662496662139893
2.24786611199379
2.83928899765015
0.177361035346984
8.00342261791229
6
7
-2.94202015399933
-8.46190579533577
0.515309584140778
-2.71212836503983
-4.53446511030197
4.9761939406395
4.42994476556778
7
-2.78247806429863
-1.24800886511803
-0.716691195964813
0.806581550836564
-0.066514068841934
-3.73337601423264
-2.13907135128975
7
2.90800897479057
-0.707557213306427
-1.04117790460587
-9.71362551450729
-1.57505864500999
3.46652093529701
-9.41585921645165
7
0.195421534776687
1.7060188293457
2.06194159984589
0.34481486082077
5.75118011236191
2.05954183340073
7.9220313847065
7
-3.43766034841537
3.57468236684799
-3.10110656619072
0.103041470050811
8.8544920027256
5.54296252727509
-0.299184358119964
7
-0.186078298091888
-0.0843254804611212
3.3461767077446
-5.12144787311554
0.313602507114411
-6.05043812394142
2.10616446733475
2
7
-4.96581137180328
2.3161818087101
0.192502444982529
-2.942602455616
5.30708822607994
0.620106220245363
1.75203471183777
7
2.79120752811432
3.60251045823097
0.891557061672211
4.98734813332559
2.21785360574722
0.0829105138778659
2.30512853264809
|Explorer2Genome 30
3
6
8
-2.84404888749123
-5.5233091533184
-4.91573687195778
-4.47586847543716
-5.3833648443222
-1.64772492647171
7.42347148060799
6.40446581244468
8
0.366958010196686
-4.94706198573112
10.4610976457596
8.37137523889541
-8.38186328411103
-5.65565131306648
-0.649836587905883
-1.82732602953911
8
2.65415151119232
1.56715821623802
-0.725193852186203
-2.20804581046104
5.71126565337182
5.71837369203568
4.06328854560852
3.46070083975792
8
0.429862040281297
12.0182818770409
1.04080999493599
-7.28081915974617
3.95162924528122
-1.81760774254799
-4.91499353051185
1.8738028883934
8
-3.26313573122024
5.32489075660706
2.87337484359741
1.44804626703262
0.291956508159637
-9.68077210783959
2.59449835419655
2.50153925418854
8
-2.86102671027184
-1.749917781353
1.92785284519196
-0.928214240074158
2.90619124770165
4.434589189291
-0.958727306127549
8.61948137879372
6
7
-3.07044367790223
-7.70831049084664
-0.071293926239013
-1.85536020994186
-4.86590775251389
4.39213729500771
5.09651597738266
7
-2.01291181445122
-1.19874855875969
-0.409349095821381
0.806581550836564
0.254496568441391
-3.73337601423264
-1.60303581357002
7
2.56292921304703
-0.779394853115081
-0.991435372829437
-9.71362551450729
-1.00363082289696
3.46652093529701
-9.41585921645165
7
-0.39761757850647
3.80157995223999
1.09598854780197
0.0174289882183072
6.3145416200161
1.7401449739933
7.53679092526436
7
-3.49277661442757
2.98106053471565
-3.7402854681015
0.068553966283798
8.8544920027256
4.81663035750389
-1.74646800756454
7
-3.08649209737778
-1.8581557393074
1.96311810612678
-4.84034839868546
2.33577697873116
-5.95042461156845
2.65781221389771
2
7
-4.96581137180328
2.56074333786964
0.192502444982529
-2.60900274515152
4.92338098883629
0.620106220245363
2.04356120228767
7
2.79120752811432
3.94040885567665
0.891557061672211
4.98734813332559
2.21785360574722
0.264636754989621
1.77284637093544
|Explorer2Genome 30
3
6
8
-1.67314232587814
-4.32478504776955
-4.17932353019715
-4.59844692945481
-6.31181662678719
0.0151211559772513
6.77137379050255
4.51910549402237
8
0.870153868198395
-6.06313543319702
10.1909342706203
8.54604063630104
-7.83267126083374
-6.21261650323868
-1.31251090764999
-1.69710964560509
8
2.06863915920258
1.16457223296165
-0.854433125257492
-2.27958905100822
5.43727406859398
5.71837369203568
3.59377143383026
3.56957785487175
8
0.858409303426743
11.6648395419121
0.741574442386626
-7.10922914743424
3.2995720744133
-1.41382747888565
-4.23992515206337
1.64158046841621
8
-2.52544365525246
5.72359776496887
1.35149268507958
2.98254655599594
0.213033312559127
-9.69745398163796
3.1085557281971
1.51960579752922
8
-3.67945808768273
-1.9462294280529
2.03796381950378
-0.738254851102829
2.41996068358422
4.43784338831901
-1.10534779429436
8.78889070153236
6
7
-3.86043405532837
-8.90204971432686
-1.22265546321869
-3.20914096236229
-3.76196974515915
5.74766443371773
4.15663710832596
7
-1.94273743033409
-1.01961460113525
0.265729081630707
1.20892060995102
-0.427218967676163
-4.44242061376572
-3.80273666977882
7
1.58266434073448
-0.433206588029861
-1.5568235039711
-10.4897095322609
-1.11510505676269
2.69436710476875
-8.77088116407394
7
-0.0834005296230317
2.1645968914032
2.58183946609497
-0.146085178852082
5.31686994433403
2.57634271383286
7.63901763558388
7
-3.9457018494606
4.23275664448738
-3.80886225700379
0.42573674917221
8.36898411512375
4.81895622611046
-1.51722493171692
7
-1.30932139754295
-1.53232259750366
3.46263949275017
-6.19304696917534
0.794938737154008
-7.43984406590462
-0.0945362985134117
2
7
-3.65388836860656
3.39441602826118
0.0745741367340095
-3.6092234492302
4.52092418074608
0.0648555696010603
2.01945708394051
7
1.32925298213959
2.81906915903091
0.83035513162613
4.2850943863392
2.69189556837082
0.694222855567929
1.83085704445839
|Explorer2Genome 30
3
6
8
-1.84098557829857
-4.73465541005134
-2.861074000597
-4.52298102974892
-5.99759476780891
-1.88811748027801
7.35697685480118
4.32651310563087
8
0.547316879034042
-6.06313543319702
10.0909758508205
8.6028546154499
-8.29888882637024
-6.21261650323868
-1.31251090764999
-1.21744956374168
8
1.53298242092133
0.850166213512419
-0.292748320102691
-0.574535602331161
3.60180094242096
4.44805146455765
4.82574173808098
4.20707699656486
8
1.30572180151939
12.0182818770409
0.741574442386626
-7.10922914743424
3.2995720744133
-1.87409347295761
-3.89606145024299
1.64158046841621
8
-2.93131343126297
6.0451619386673
1.52810232639313
0.858112257719041
-0.755704712867737
-9.21520980596543
1.70172173976898
2.15550718307495
8
-6.46865886449814
-1.57133285403252
2.45059170722962
0.610993164777755
3.9729736328125
3.47726927399635
-1.6431348323822
8.49174178242684
6
7
-2.56626529097557
-6.14083805680275
-0.245401281118392
-2.80782278776169
-4.44861310720444
4.02119494080544
4.48968106508255
7
-2.17343909144402
-1.01961460113525
0.177389061450958
0.997443735599519
-0.427218967676163
-4.35407301187515
-3.80273666977882
7
3.32048944830894
-0.920807063579559
-2.24954959750175
-8.82288512587547
-1.50268778204918
1.98441892266274
-8.82102325558662
7
-0.460093253850937
2.56214032173157
2.58183946609497
-0.44483140707016
5.07409211993217
2.57414221167564
7.40051582455635
7
-3.31123067140579
3.91034594774246
-4.14814796447754
0.463611257076263
8.87606638669968
5.79259209036827
-1.36117234826088
7
-1.30932139754295
-1.53232259750366
3.46263949275017
-6.19304696917534
0.794938737154008
-7.38241840004921
-0.05465742945671
2
7
-5.29633483886719
2.46916571259499
0.320141047239304
-2.942602455616
5.01721138358116
0.917498183250429
2.11919822692871
7
1.50049777626991
2.72383264303207
0.758702886104584
3.65769558548928
2.69189556837082
0.128802609443662
1.27348142266273
|Explorer2Genome 30
3
6
8
-1.50944265723228
-4.51143237352371
-3.47048211693764
-4.78139269948006
-5.7263980448246
-1.88811748027801
7.35697685480118
4.32651310563087
8
-0.209538739919663
-4.86474540233612
9.61051682829856
8.58634951710701
-7.82559251785278
-5.6232629597187
-0.680595982074737
-1.73687443137169
8
0.861211532354355
1.8460122346878
-0.366138619184494
-1.25926401019096
5.18049218058587
5.19187351465225
3.80339402556419
4.11577903628349
8
0.858409303426743
12.0182818770409
1.31041861772537
-7.10922914743424
3.2995720744133
-2.01149717569351
-4.63978000283241
1.64158046841621
8
-2.90855265259743
5.57860662937164
0.621352547407151
3.17242490649223
0.263042205572128
-8.75657425522804
3.1085557281971
1.51068076491356
8
-3.24490725398064
-0.8629241168499
3.28204739093781
-0.962947130203247
2.81687937378884
3.28611812591553
0.177361035346984
8.00342261791229
6
7
-3.60301516056061
-7.57006021142006
-0.353460097312927
-1.60955358147621
-4.78605940937996
4.35274707078934
4.82519036531449
7
-2.94094190001488
-1.01961460113525
0.088854670524597
2.20192795991898
-0.574486708641052
-2.73755956888199
-2.93613648414612
7
3.02836385965347
-1.01278015375137
-2.12064012885094
-9.39990982413291
-1.50268778204918
1.98441892266274
-9.35109613537788
7
0.195421534776687
1.7060188293457
2.17530355453491
-0.146085178852082
5.34235223531723
2.64634457826614
7.9220313847065
7
-3.98189772367477
3.36171813607216
-3.58538639545441
0.282133424282074
8.44410544037819
5.72829993367195
-0.299184358119964
7
0.281271088123322
-0.393431973457337
2.87547570466995
-4.91727604866028
0.895139038562775
-6.0433884203434
1.76920462846756
2
7
-4.55230221748352
2.67121422886848
0.0422743320465095
-3.19539371728897
4.74851399660111
0.426912999153138
2.05329978466034
7
1.65291067361832
3.11388319730759
0.958100503683091
6.49315196871758
3.36649386286736
-0.312003225088122
1.21580277085304
|Explorer2Genome 30
3
6
8
-2.84404888749123
-5.21124507784843
-4.91573687195778
-4.02942487001419
-5.3833648443222
-1.64772492647171
7.42347148060799
6.08749150633812
8
0.744871121644974
-4.37522289156914
9.15820805430412
8.86474879384041
-8.2993945479393
-5.14110327363014
-0.229519236087798
-2.6740648150444
8
2.65415151119232
1.56715821623802
-0.725193852186203
-2.20804581046104
5.89988023638726
6.25589038133621
4.06328854560852
3.46070083975792
8
1.15076214671135
11.735909640789
0.348625403642653
-8.37773977518082
2.51214510202408
-2.10372940301895
-5.12631576657295
1.06734662652016
8
-2.10096110105515
5.61682832241058
2.00880417823792
1.70797018408775
-0.671397805213929
-7.91220960021019
1.72049577236176
0.256277751922607
8
-2.86102671027184
-1.749917781353
1.48946530818939
-0.928214240074158
2.90619124770165
4.434589189291
-0.958727306127549
8.47677176594734
6
7
-3.07044367790223
-7.70831049084664
-0.071293926239013
-1.85536020994186
-4.86590775251389
4.39213729500771
5.09651597738266
7
-2.01291181445122
-1.19874855875969
-0.409349095821381
0.806581550836564
-0.066514068841934
-3.73337601423264
-1.60303581357002
7
2.59169372320175
-0.707557213306427
-1.04117790460587
-9.71362551450729
-1.57505864500999
3.46652093529701
-9.41585921645165
7
0.121082359552383
1.11850760579109
-0.289561396837235
1.2866025686264
4.16883001923561
2.92247915863991
6.55080438256264
7
-3.78149272203445
2.98106053471565
-3.66721043586731
0.534992688894272
8.8544920027256
4.81663035750389
-0.961270129680633
7
-3.38556897044182
-2.34985972642899
1.96311810612678
-4.84034839868546
2.33577697873116
-5.69399749040603
3.11304459571838
2
7
-4.96581137180328
2.13016152977943
0.192502444982529
-2.27703353166581
4.59519533514977
0.620106220245363
2.04356120228767
7
2.79120752811432
3.94606273770332
0.891557061672211
4.98734813332559
2.21785360574722
0.264636754989621
1.77284637093544
|Explorer2Genome 30
3
6
8
-3.10407403111458
-5.43870920538902
-4.5850725710392
-4.47586847543716
-5.3833648443222
-2.09554296731949
7.42347148060799
6.58948816657066
8
1.31504434943199
-4.75270742177963
10.356515955925
9.21746864914894
-8.63019413948059
-6.84690257310867
-0.545366030931472
-1.0688212454319
8
3.65188192725182
0.175708574056624
-0.170736688375473
-2.72672788500786
5.89254714846612
5.96857780218124
4.83200970292091
4.03456396460533
8
0.429862040281297
12.0182818770409
0.545487672090529
-7.12946425080299
3.95162924528122
-1.81760774254799
-4.45931740403175
1.75868133306503
8
-2.22168611288071
5.15778105258942
2.25475172996521
1.67783953547478
-1.20906920433045
-9.25690220594406
1.58713626861572
1.82410938739777
8
-3.39487487077713
-1.9462294280529
2.20179314613342
-0.921921634674073
2.41996068358422
4.43784338831901
-1.41245750784874
9.21019963026047
6
7
-2.94202015399933
-8.46190579533577
0.310422307252885
-2.71212836503983
-4.94022339582443
5.54230655431748
4.42994476556778
7
-1.58904607892037
-1.19874855875969
0.116180175542831
1.39963968992233
-0.755561637878418
-3.41417990922928
-1.46669657230377
7
3.15470854640007
0.0156450867652894
-2.52348133325577
-9.50720791220665
-2.31681596636772
1.28898871541023
-9.60042734742164
7
-0.697420167922974
2.13410625457764
1.58206422328949
0.218308436870575
4.89042068719864
1.72244344949722
7.72441452145576
7
-3.57946274876595
3.27792075872421
-4.45376860499382
0.823809611797332
8.04661527872086
4.40305196642876
-1.3404365837574
7
-0.998176872730254
0.795022726058959
3.27607089877129
-4.42153236865997
1.24531494379044
-5.68688121438026
2.61801198720932
2
7
-4.72991189360618
2.24186637997627
-0.361796522140502
-3.0038443684578
4.50076936483383
-0.243244236707686
2.23770321011543
7
1.51177065372467
2.78424391150475
-2.85225581526756
9.62506715655328
4.69213284254074
0.115676021575925
2.90821046233177
|Explorer2Genome 30
3
6
8
-2.24326909780502
-4.03090098500252
-3.47736260890961
-4.59844692945481
-5.8998875439167
0.0151211559772513
5.04804562926293
4.37836426496505
8
0.403044110536575
-5.18324672579765
10.223624175787
8.39316852688789
-7.97343047857285
-5.33880931138992
-0.386836230754852
-2.21294587850571
8
1.53699057102203
1.68368174433708
0.260499703884125
-1.57681323885918
4.96016723513604
5.71263033151627
3.47005779743195
3.74513556957245
8
1.46873117685318
12.5473239839077
-0.315272915363313
-7.7943796992302
3.67416001558304
-2.75762077569961
-5.09277742505073
2.98866721391678
8
-1.92715739011765
6.36051209568977
2.00880417823792
1.49927772879601
-1.75110330581665
-9.50200580954552
1.63412528038025
2.22905893325806
8
-4.44696239829064
-0.555756127834321
2.88183736205101
2.42006482481956
2.24177388548851
3.87714881896972
-1.50979174375534
8.80949416160583
6
7
-3.78911139965058
-8.06429441571236
0.523329889774323
-2.74691010713577
-4.94022339582443
5.99016622304917
4.50542320013046
7
-1.19375824332237
-3.1777249276638
-0.760143125057221
0.849635940790178
-0.414834386110305
-2.78996099233627
-5.09798484444618
7
2.56292921304703
-0.845087230205535
-1.17946623563766
-9.93615530729293
-1.61047510504723
3.01857915520668
-9.33281380534172
7
0.469217693805694
2.52482063770294
2.26164343357086
-0.61581951379776
5.51693342924118
2.5811518073082
8.24421976208687
7
-3.14945005178452
4.07133468985557
-4.28724811077118
0.680680930614471
8.87606638669968
5.53740822672844
-1.36117234826088
7
-1.48721765875816
-1.31959139704704
2.37766293287277
-5.18936743140221
0.971019107103348
-6.71084497570991
0.553054797649384
2
7
-4.17551107406616
3.56048825383186
-2.21619966030121
-3.33517657518387
5.41883842349052
-0.509729874134062
1.78705204129219
7
0.897171425819396
3.23427025079727
0.602843582630158
4.01795430779458
2.69189556837082
1.85408347249031
2.1055062174797
|Explorer2Genome 30
3
6
8
-1.35105149149895
-4.99547454118729
-2.79930558800698
-5.04597475528717
-6.68473222851753
-2.44657571315765
6.81090112924576
4.73477762937545
8
-0.438843506574631
-4.4146142244339
9.61051682829856
8.58634951710701
-8.1241780102253
-5.6232629597187
-1.00116988420486
-2.01949951052666
8
1.413214635849
2.07016424536705
-1.42338809370995
-1.66981164813042
5.39157359004021
5.82736200094223
4.35391933917999
3.44420432448387
8
1.54916731715202
10.1678083539009
1.43999770879745
-9.0330504655838
3.18820722103119
-0.782529532909393
-4.67433937191963
0.217209410667418
8
-2.59503324627876
5.57860662937164
1.11176492571831
3.74079543948174
0.263042205572128
-8.77075248360634
2.67038877606392
1.51960579752922
8
-3.24490725398064
-0.8629241168499
3.28204739093781
-0.787401074171067
2.81687937378884
3.28611812591553
0.177361035346984
8.00342261791229
6
7
-3.48486206531525
-8.06495016217232
-0.429345369338989
-1.60955358147621
-5.44138542413712
4.0214182972908
4.82519036531449
7
-2.94094190001488
-1.01961460113525
0.241444540023804
1.6528875887394
-0.731122833490371
-3.10812913179398
-2.93613648414612
7
2.57798060774803
-1.53778457045555
-2.08867300748825
-9.39142497777938
-1.63768829703331
2.12081372141838
-9.12325004339218
7
-0.0619630992412569
1.7060188293457
2.17530355453491
-0.146085178852082
4.79929860830307
2.64634457826614
7.9220313847065
7
-3.83916193246841
3.35878329873085
-3.58538639545441
0.710928809642791
8.05897999405861
5.53622179627418
-0.299184358119964
7
0.281271088123322
-0.393431973457337
2.87547570466995
-5.29208078384399
0.895139038562775
-5.70166912674904
2.10616446733475
2
7
-4.55230221748352
3.01717413067818
-0.0228080034255974
-3.18400834798813
4.35879560709
0.21239237189293
2.52865331172943
7
1.72525264024734
3.04275444746018
0.958100503683091
6.49945287108422
3.07497538328171
-0.0351037859916715
1.20798166394234
|Explorer2Genome 30
3
6
8
-2.98506692051888
-6.8593062877655
-2.49736077189446
-3.86957030892372
-5.5031732916832
-1.89660740494728
7.61800387501717
4.77372713088989
8
0.32460321187973
-4.94706198573112
10.4610976457596
8.37137523889541
-8.21185402274132
-5.65565131306648
-0.649836587905883
-1.82732602953911
8
3.23690927028656
1.56715821623802
-1.10393506884575
-2.20804581046104
5.89988023638726
5.71837369203568
4.10394361019134
3.46070083975792
8
0.429862040281297
12.0182818770409
0.545487672090529
-6.84877551198006
3.37115029096603
-1.81760774254799
-4.45931740403175
1.8738028883934
8
-3.26313573122024
5.32489075660706
3.03606889843941
1.44804626703262
0.291956508159637
-9.68077210783959
2.59449835419655
2.35506210327148
8
-2.86102671027184
-1.749917781353
1.45944395065308
-1.35349099636078
2.90619124770165
4.8073244035244
-0.958727306127549
8.61948137879372
6
7
-3.07044367790223
-7.57006021142006
-0.623523712158202
-1.85536020994186
-4.86590775251389
4.39213729500771
5.06318026781082
7
-1.9999036192894
-2.1570237159729
-0.209402143955231
1.58933904767037
-0.0795742273330686
-3.09974769353867
-4.60670292973518
7
3.02836385965347
-0.587855535745621
-2.47279250025749
-9.11845576167106
-2.10139145255089
1.98441892266274
-9.41165891289711
7
-0.329821276664734
4.17679295539856
1.09598854780197
0.0174289882183072
6.3145416200161
2.28311577439308
7.53679092526436
7
-3.78149272203445
2.98106053471565
-3.7402854681015
0.207878273725509
8.8544920027256
5.08086082935333
-1.21176906824112
7
-3.38556897044182
-2.34985972642899
1.96311810612678
-4.84034839868546
2.33577697873116
-5.56132262945175
2.14630708694458
2
7
-5.45796782970428
3.70232507586479
0.826266664266587
-2.20104376077652
4.32704238295555
-0.854951614141463
2.58872367143631
7
2.34820959568024
3.19243188500404
0.628690207004548
4.61217961907388
2.21785360574722
0.264636754989621
2.06265090107918
|Explorer2Genome 30
3
6
8
-2.41260625123978
-4.42544892430305
-3.08813667297364
-4.59844692945481
-6.33263307213783
0.0151211559772513
5.59675127863884
4.43498848676681
8
0.33149219751358
-5.51771409511566
10.6159240663052
8.99646757245064
-8.23763689994812
-6.21261650323868
-2.27402375936508
-2.09697493910789
8
-0.387341332435608
2.49660048484802
1.27581044435501
-1.94977540373802
5.20211407542229
5.61488589644432
4.7756794154644
2.25817913413048
8
1.05632516145706
11.4555952489376
-0.860241353511811
-8.45577589273453
2.76541864275932
-2.68890279531479
-4.71733890175819
2.50556703805923
8
-3.40031736493111
5.16435795426369
1.69165284633637
1.96073507070541
0.960087317228317
-8.76521023511887
3.22214263081551
2.4593831717968
8
-4.85035783648491
-0.705008327960969
3.16587830781937
1.71585850119591
2.68489856123925
3.0336240530014
-1.61492675542831
9.20440537929535
6
7
-3.40313200950623
-7.57006021142006
0.0772096157073981
-1.69474576115608
-4.96213175058365
4.19039676785469
5.13683980703354
7
-1.88278569579125
-1.0748009622097
0.571562707424164
1.20892060995102
-0.036313199996948
-5.23330663442612
-3.07443182468414
7
2.56292921304703
-0.707557213306427
-1.04117790460587
-9.71362551450729
-1.57505864500999
3.96050311923027
-8.89847368597984
7
-0.394256806373596
4.23774772882462
-0.0869352400302897
1.09243554472923
6.3527707517147
1.6877498447895
7.41916525959968
7
-3.65403262972832
2.78674271702766
-4.09967831969261
1.73063084483147
8.30469544529915
6.33798016905785
-0.395920264720916
7
-0.759131467342376
0.795022726058959
2.73451330065727
-4.8136271238327
1.74131861925125
-6.12968288064003
2.61801198720932
2
7
-5.03480021953582
2.81462307572365
-0.0228080034255974
-2.11619928479195
5.46558576822281
0.624873542785646
1.71628651618957
7
1.6846706032753
3.27722493410111
0.866652911901475
5.95287362337113
2.85886565446854
0.519506531953809
1.67501905560493
|Explorer2Genome 30
3
6
8
-3.79158270955086
-6.06173219680786
-2.81067557930947
-3.75409523844719
-6.20471550226212
-1.93193858861923
7.6327570617199
3.71296210289001
8
0.33149219751358
-6.06313543319702
10.1909342706203
8.6028546154499
-7.83267126083374
-6.32666274309158
-1.61979278326034
-1.69710964560509
8
0.715926337242127
1.01895453333855
1.07737849354744
-1.73972383737564
5.21121370196343
5.43070732951164
5.07259122729301
3.62248503565788
8
0.858409303426743
12.0182818770409
0.741574442386626
-7.64072667360306
2.91764160394669
-2.01149717569351
-4.23992515206337
1.31913502812385
8
-2.52544365525246
5.47358641624451
1.0296735227108
2.98254655599594
-0.14983087182045
-10.2270745337009
2.82192578911781
1.51960579752922
8
-6.21710127592087
-1.35323680639267
2.74954972267151
1.0351140499115
2.77927496433258
4.85475433468818
-0.921158140897751
8.15929971337319
6
7
-3.86043405532837
-8.74425630569458
-0.764841437339782
-3.20914096236229
-3.79071637392044
5.74766443371773
4.16011618375778
7
-2.55611979365349
-0.50566903948784
0.0705943346023558
0.715524131059648
-1.8410517513752
-3.24302829504013
-2.93613648414612
7
3.02836385965347
-1.0095223069191
-2.12064012885094
-9.09700488448143
-1.50268778204918
2.07593610882759
-8.85486844182014
7
-0.00213937759399435
1.77238576412201
2.34256744980812
-0.187275469303131
6.99532682299614
2.49292966127396
8.48231981396675
7
-3.85235030055046
2.78674271702766
-4.09967831969261
1.42400228381157
8.18163834214211
7.40362395644188
-1.09651461839676
7
-1.61965884566307
-2.06624155044556
3.46263949275017
-6.19304696917534
0.794938737154008
-7.43984406590462
0.718399196863175
2
7
-3.53559780120849
3.57366505265236
0.0240217924118049
-3.84905449151993
5.19156135320664
-0.338883906602858
2.15649657845497
7
2.58453915715218
2.92435787916184
1.14126154780388
4.50187280774117
1.78909224867821
2.3105522274971
1.88755313158035
|Explorer2Genome 30
3
6
8
-3.79269528985024
-5.69505013823509
-2.13679010868073
-3.25787594914436
-6.41598566770554
-2.08240743875503
8.3122948050499
6.0108448266983
8
0.00937062501907332
-5.21590646505356
11.1194905698299
9.36703785061836
-8.23763689994812
-6.64614073038101
-2.41862436532974
-1.15525578856468
8
0.715926337242127
1.01895453333855
1.07737849354744
-1.73972383737564
5.21121370196343
6.02943632006645
4.77247192263603
3.23013207316398
8
0.328789412975312
11.4510863661766
0.651301389932631
-8.4538708627224
3.6099060177803
-2.70755738019943
-4.19865575432777
1.39196163415909
8
-2.19398490190506
4.89993915557861
3.2282330095768
2.72632435560227
-0.520782148838044
-10.5549186170101
3.33656497001648
1.80402294993401
8
-4.75870947241783
-0.375759446620942
2.0669747531414
1.5630113363266
2.66778976917267
2.71602160930633
-1.64358397722244
9.4043662071228
6
7
-3.31170966625214
-8.445204859972
-1.33489611148834
-1.99020272493362
-3.95326791405678
5.10988834500313
4.52475910186768
7
-2.55611979365349
-0.774078911542893
-0.421595293283463
1.25199175477028
-1.68969698548317
-2.95914431214333
-2.64456207156181
7
2.6322855591774
0.124027144908905
-2.30044063329697
-10.3710800588131
-1.21306694746017
1.98441892266274
-9.55879125595093
7
-0.00213937759399435
1.31021661758423
2.34256744980812
0.100971859693527
6.79535464048386
2.49292966127396
8.85496118664741
7
-3.85235030055046
2.78674271702766
-3.97145406603813
1.42400228381157
7.86127272248268
7.24122249484062
-0.898252379894256
7
-3.78726174235344
-2.71329876184464
1.66896827220917
-4.13833426237106
1.93343498706818
-5.06963623762131
1.96089084148407
2
7
-3.65388836860656
4.17110701203346
0.0240217924118049
-3.84905449151993
5.19156135320664
-0.338883906602858
1.93432591557503
7
2.3488321185112
3.76013699769974
1.19969708323479
5.95287362337113
2.85886565446854
0.0316729366779299
1.07902920842171
|Explorer2Genome 30
3
6
8
-3.79269528985024
-5.69505013823509
-2.13679010868073
-3.25787594914436
-6.41598566770554
-2.08240743875503
8.3122948050499
6.0108448266983
8
0.00937062501907332
-5.21590646505356
11.1194905698299
9.36703785061836
-8.23763689994812
-6.64614073038101
-2.41862436532974
-1.15525578856468
8
0.715926337242127
1.01895453333855
1.07737849354744
-1.73972383737564
5.21121370196343
6.02943632006645
4.77247192263603
3.23013207316398
8
0.328789412975312
11.4510863661766
0.651301389932631
-8.4538708627224
3.6099060177803
-2.70755738019943
-4.19865575432777
1.39196163415909
8
-2.19398490190506
4.89993915557861
3.2282330095768
2.72632435560227
-0.520782148838044
-10.5549186170101
3.33656497001648
1.80402294993401
8
-4.75870947241783
-0.375759446620942
2.0669747531414
1.5630113363266
2.66778976917267
2.71602160930633
-1.64358397722244
9.4043662071228
6
7
-3.31170966625214
-8.445204859972
-1.33489611148834
-1.99020272493362
-3.95326791405678
5.10988834500313
4.52475910186768
7
-2.55611979365349
-0.774078911542893
-0.421595293283463
1.25199175477028
-1.68969698548317
-2.95914431214333
-2.64456207156181
7
2.6322855591774
0.124027144908905
-2.30044063329697
-10.3710800588131
-1.21306694746017
1.98441892266274
-9.55879125595093
7
-0.00213937759399435
1.31021661758423
2.34256744980812
0.100971859693527
6.79535464048386
2.49292966127396
8.85496118664741
7
-3.85235030055046
2.78674271702766
-3.97145406603813
1.42400228381157
7.86127272248268
7.24122249484062
-0.898252379894256
7
-3.78726174235344
-2.71329876184464
1.66896827220917
-4.13833426237106
1.93343498706818
-5.06963623762131
1.96089084148407
2
7
-3.65388836860656
4.17110701203346
0.0240217924118049
-3.84905449151993
5.19156135320664
-0.338883906602858
1.93432591557503
7
2.3488321185112
3.76013699769974
1.19969708323479
5.95287362337113
2.85886565446854
0.0316729366779299
1.07902920842171
|Explorer2Genome 30
3
6
8
-3.4887536406517
-5.71647040247917
-3.2891664326191
-3.6565396130085
-6.95775097608566
-1.27109063863754
8.08700364232064
6.26038766503334
8
1.31504434943199
-4.75270742177963
10.452029633522
8.77694535851479
-8.21031470298767
-6.84690257310867
-0.625738102197646
-1.16747639775276
8
1.54409892559052
1.55305852293968
0.353461581468583
-1.88840411901474
3.93172346949578
4.9768898844719
3.26640540957451
4.00101403594017
8
1.33461176753044
11.0283028483391
0.244826132059096
-8.02055141329766
3.61779176592827
-2.18239816427231
-3.39944630265236
1.960627835989
8
-3.43057931661606
4.80409939289093
1.69165284633637
2.07529064416885
1.70311659574509
-9.86063768267632
4.26668737530709
1.93609635233879
8
-4.97230831384659
-2.36445487141609
1.75683315992355
1.68054968714714
3.57638660669327
3.87740193009376
-1.6223520219326
10.6247459352016
6
7
-2.89339100718498
-8.53054824471474
-1.08723775744438
-0.176541858911515
-2.48618757724762
4.67559557557106
4.50579513311386
7
-2.52174431681633
-1.74683150649071
-0.384639513492584
0.810279279947282
0.84568452835083
-2.66350520849228
-3.8298439502716
7
2.85320221781731
-1.70782410502434
-1.87628212571144
-9.39142497777938
-1.94396933317184
1.90975714921951
-8.74334653615951
7
-0.354073166847229
4.23774772882462
0.272891199588775
0.037352508306503
6.3527707517147
1.6877498447895
7.92539809346199
7
-3.82405603528023
2.02975903153419
-3.95341866016388
1.02559339404106
9.10281613469124
6.74238805174828
0.508602851629258
7
-0.519990915060043
-1.56683061122894
3.29719669222832
-5.46907507181168
0.771618467569352
-7.62238226532936
-0.392307633161544
2
7
-3.65388836860656
4.12816563248634
0.709048229455948
-4.1883080303669
5.19156135320664
0.646092122793199
2.15649657845497
7
1.51405925750732
2.67521812319756
-2.49272250533104
9.72244800925256
3.91269236207008
-0.191249513626101
2.90821046233177
|Explorer2Genome 30
3
6
8
-2.06099634766579
-4.03090098500252
-3.9561696767807
-4.59844692945481
-6.18058272004128
0.0151211559772513
5.3930392920971
4.37836426496505
8
0.375332868099213
-6.06313543319702
10.1909342706203
8.6028546154499
-7.83267126083374
-6.58632289171219
-1.44049161672592
-1.47791668176651
8
1.86586145758629
1.51844910383224
-0.060714656114578
-1.59997057318687
3.56300776004792
4.92084165811539
3.78119334578514
3.36041633486748
8
0.683337318897248
10.6689592957497
1.10112901329994
-6.89187986254692
3.30739173293114
-2.47970186471939
-4.13738766312599
2.12609139680862
8
-3.99623144865036
5.32580853700638
2.09346199035645
3.16172621846199
-0.292270261049271
-10.558422011137
2.98882315158844
1.94888768196106
8
-3.88780151605606
-1.44704545736313
2.89707576036453
2.17576028704643
2.76859921813012
3.63317844867706
-0.951154643297196
8.29785762429237
6
7
-2.82409338355065
-8.43460083603859
-0.980689668655395
-0.428032195568085
-4.32286278009415
4.56213377118111
4.80195354819298
7
-0.865297287702563
-1.26175851225853
-0.409349095821381
0.627830630540849
-0.509143930673599
-4.46666141748428
-1.23681200146675
7
3.12818359136581
-0.426009505987167
-0.220305520296097
-8.28906312584876
-1.30894266963005
3.25941892266274
-8.91136804819107
7
-0.0605676710605624
1.86332564949989
1.07130846977234
0.0602537631988523
5.33154851198196
2.83579030632973
5.84614108204841
7
-3.36911588907242
3.41916445493698
-3.91944057941437
1.18279768228531
8.53250881433487
5.6784169614315
-0.372918659448623
7
-1.61360899806023
-1.60843476653099
2.38721417188644
-5.09915825128555
0.971019107103348
-6.88874245285988
0.700401270389558
2
7
-5.14877486228943
2.75928436517715
0.192502444982529
-2.35010650753975
5.30708822607994
0.620106220245363
2.04356120228767
7
3.07202170491219
1.65654290914536
0.97402082681656
4.28192272782327
2.04563824534416
1.13289999961853
2.55979984402656
|Explorer2Genome 30
3
6
8
-1.93928081393242
-4.99547454118729
-3.03534777760506
-5.28334951996804
-6.33863514065743
-2.44657571315765
7.59597498178482
4.73477762937545
8
0.33149219751358
-5.59003238677978
10.6427244842052
8.99646757245064
-7.931032371521
-6.21261650323868
-2.27402375936508
-1.69710964560509
8
2.65415151119232
1.56715821623802
-0.725193852186203
-2.20804581046104
6.53592147231103
6.30420705080032
4.06328854560852
3.46070083975792
8
1.54916731715202
10.6136251091957
1.43999770879745
-8.6229279756546
3.35252900123596
-0.782529532909393
-4.67433937191963
-0.00385868549347046
8
-3.49652841687202
5.08158176541328
1.74078619480133
2.9551007270813
0.574526870250701
-10.5131521165371
2.8757381439209
2.70137591361999
8
-5.40067130923271
-0.712911850214005
2.34107457399368
2.12670279145241
2.13416730761528
3.32956025600433
-1.33347712755203
9.20948212146759
6
7
-3.40313200950623
-7.79966747760773
-0.22761013507843
-1.60955358147621
-4.97105206251144
3.81300666928292
4.95109874606133
7
-2.52174431681633
-2.24325103163719
0.432101714611053
0.810279279947282
0.90516374707222
-3.16707049608231
-4.19961614608764
7
2.85320221781731
-1.37600008845329
-2.08867300748825
-8.91794899702071
-1.63768829703331
2.12081372141838
-8.74334653615951
7
-0.856418871879578
4.23774772882462
0.272891199588775
-0.158886986970902
6.76664010882377
1.60349393486977
7.72328470349312
7
-3.98189772367477
3.36171813607216
-2.82817969322205
0.282133424282074
8.9190044939518
5.50455636978149
-0.686316096782684
7
-0.558014410734176
-1.56683061122894
3.87095653414726
-6.29400418996811
0.794938737154008
-8.59427054524422
-0.877466315031051
2
7
-3.87488586902618
4.12816563248634
0.267490768432618
-4.1883080303669
5.19156135320664
0.477113366127015
2.15649657845497
7
2.0369426548481
2.77658003568649
0.313361185789109
4.87912439703942
1.78909224867821
1.55967410802841
2.33326072096825
|Explorer2Genome 30
3
6
8
-2.11994640231132
-5.08110502958298
-3.45769813656807
-5.28334951996804
-6.71552792191506
-1.88811748027801
7.0171153664589
4.26211060285568
8
-0.138683950901032
-6.06313543319702
10.1909342706203
8.25133631825447
-7.83267126083374
-6.21261650323868
-1.31251090764999
-1.47791668176651
8
1.19210750460625
0.532209342718123
-0.745985049009323
-1.55925249457359
4.70594544410706
6.18051744699478
2.98583318591118
3.43845994472504
8
1.27426329851151
10.6689592957497
1.10112901329994
-7.3626638352871
3.30739173293114
-2.47970186471939
-4.13738766312599
1.80642558336258
8
-1.87674616575241
5.15778105258942
2.01892075538635
0.854348582029344
-1.13162467479706
-9.25690220594406
1.44402387738228
1.82410938739777
8
-4.08477148413658
-0.939659273624421
3.21257778406143
2.20293292403221
2.66270896792412
3.63317844867706
-0.28623395562172
9.20615330338478
6
7
-2.94202015399933
-8.44095488190651
-0.559708756208419
-2.71212836503983
-4.94022339582443
4.9761939406395
4.42994476556778
7
-2.02431544065476
-0.774617552757264
0.0341866374015807
2.20313752889633
-1.32124250531197
-3.91988273859024
-4.16495962738991
7
2.83405925631523
0.0156450867652894
-2.75860497355461
-10.0864593446255
-1.98895139098167
1.28898871541023
-9.42450833916664
7
-0.0605676710605624
1.86332564949989
1.51910762786865
0.0602537631988523
5.78534294366836
2.83579030632973
6.59643426537514
7
-3.9457018494606
4.12543116211891
-3.94518420696259
0.385625994205475
8.36898411512375
4.68581035137176
-1.59714624881744
7
0.0445476174354561
0.821472597122192
2.9986381649971
-4.64807968139648
1.19423245191574
-6.43094244599342
1.33254672288895
2
7
-5.51548778414726
2.54793766736984
-0.335375744104385
-2.86324976682663
5.2752116560936
0.185594314336778
2.04936650395393
7
3.12658670544624
2.56892734766007
1.1555129468441
4.84137530922891
2.4778805911541
1.05649759769439
2.20279467701912
|Explorer2Genome 30
3
6
8
-2.28806425929069
-4.51143237352371
-3.52634630799294
-5.31926023960114
-5.69529357552528
-1.01395945549011
7.06477564573288
5.32605181336403
8
-0.134512364864349
-6.06313543319702
10.9195062816143
8.27718558907509
-7.83267126083374
-6.35844944119453
-1.48534280061722
-1.12492308020592
8
1.03186781406403
1.9358564376831
0.0132627606391909
-0.72554025053978
5.29737047553063
5.27942560911179
4.38872956633568
3.69275281429291
8
0.671580803394319
11.4510863661766
0.139832526445388
-7.71027469038964
2.67500275373459
-1.63432680368423
-4.2260270178318
1.79209278821945
8
-3.7667937874794
5.4124330341816
0.689412117004395
3.67722851634026
0.190184968709945
-10.9309293806553
3.20582673549652
1.51212529540062
8
-3.00459877848625
-1.69683786630631
1.48946530818939
-1.35349099636078
2.71015388369561
3.97275099158287
-0.996756953001023
8.61948137879372
6
7
-3.61067318916321
-8.38778749108315
-1.6434410572052
-1.3269574701786
-4.88454075455665
5.4061759531498
3.91605433225632
7
-1.99910823702812
-1.07004914283753
0.0169530510902403
2.02633932828903
-1.26852250695229
-3.47024426460266
-3.69132214188576
7
1.80878545045853
-0.353451907634735
-1.75869392156601
-9.93315293192863
-0.0688296437263481
1.7508856356144
-9.7939006626606
7
-0.329821276664734
4.17679295539856
1.09598854780197
0.534127157926559
6.74657682776451
3.16096759438515
7.53679092526436
7
-3.76265905499458
4.69189403653145
-3.80886225700379
0.42573674917221
8.00107001066208
4.28044518828392
-1.86643481254578
7
-3.38556897044182
-2.34985972642899
1.96311810612678
-4.84034839868546
2.33577697873116
-5.56132262945175
2.65781221389771
2
7
-5.27048399448395
3.04438696503639
-0.790553426742553
-2.80638936758042
4.74851399660111
-0.156445717811583
1.6646283864975
7
3.21123723983765
3.40879942774773
-0.477208960056304
8.43239194750787
2.22431209683419
0.436426430940625
-1.09592971801758
|Explorer2Genome 30
3
6
8
-2.39163125157356
-5.13104427456856
-3.24452968239785
-3.50995542407036
-5.87298310995102
-1.56745322346687
7.94078398346901
5.6146062374115
8
-0.0413526475429537
-4.98277627825737
10.1909342706203
8.6528972685337
-6.40779575109482
-5.81306810379028
-1.97878528833389
-2.62207872271538
8
0.954469579458237
1.9358564376831
-0.366138619184494
-1.25926401019096
5.18049218058587
5.19187351465225
4.38872956633568
4.34490547180176
8
1.29530352950096
11.0283028483391
-0.872487729787828
-8.02055141329766
3.1372551381588
-2.18239816427231
-3.88226810097694
1.960627835989
8
-2.43097432255745
5.32634959220886
1.35149268507958
2.98254655599594
0.263042205572128
-9.69745398163796
3.1085557281971
1.81141366958618
8
-3.67945808768273
-1.9462294280529
2.14687473773956
-0.921921634674073
2.95109786391259
4.44490947127342
-0.958727306127549
9.02983954548836
6
7
-3.86043405532837
-8.90204971432686
-1.22265546321869
-3.20914096236229
-3.34985820055008
5.74766443371773
4.16011618375778
7
-2.15784408450127
-1.05351750850678
0.177389061450958
0.691606962680818
-0.650915628671646
-3.86182900667191
-4.2828477203846
7
1.58266434073448
-0.433206588029861
-1.5568235039711
-10.4897095322609
-1.62062263488769
2.69436710476875
-8.77088116407394
7
-0.848514848947525
1.13818543553352
0.52489451766014
0.452014708518982
5.71279636025429
2.4452012360096
6.37674162387848
7
-3.50558807849884
3.19650478959083
-3.91750702857971
0.643434274196624
10.0005153715611
6.05841736793518
-0.910802972316741
7
-1.97410568594932
-1.61765353679657
2.68568888902664
-5.46438111662865
2.12250767350197
-5.6555612385273
0.611913067102433
2
7
-4.58251662254333
3.39441602826118
0.0745741367340095
-4.01266230344773
4.23699418902397
0.119398039579393
1.67583249211311
7
1.51405925750732
2.9569926917553
-2.58116394877434
9.07130965590478
4.40742574334145
-0.191249513626101
2.33138490915298
|Explorer2Genome 30
3
6
8
-1.84098557829857
-4.51143237352371
-3.12487419247627
-3.97401981949806
-6.39921537041664
-1.88811748027801
7.35697685480118
4.32651310563087
8
0.0880316615104674
-4.92258148193359
10.7650527238846
8.55112344026565
-7.68399307131767
-5.90568395853043
-1.40548793077469
-0.919950401782988
8
1.29142469763756
1.9358564376831
-0.366138619184494
-1.59913665652275
5.69518977999688
5.19187351465225
4.25203010439873
4.45616752505302
8
1.22917643785477
10.8821736514568
-0.266348278522492
-7.69020591974259
3.00533215403557
-2.68890279531479
-4.50740621089935
2.50556703805923
8
-2.52544365525246
5.57860662937164
1.03956236243248
2.98254655599594
0.0315211474895472
-10.3556416094303
2.51407843232155
1.51960579752922
8
-3.39487487077713
-1.85012916922569
2.03796381950378
-0.892748355865479
2.41996068358422
4.43784338831901
-1.41245750784874
8.85230055451393
6
7
-3.30174867510796
-7.48271028399468
-1.06617760658264
-2.71332391500473
-4.86173995733261
4.83396433591843
4.3469272851944
7
-1.7789215862751
-1.19874855875969
-0.0615070700645448
1.92548669576645
-0.652093815803528
-3.41417990922928
-1.46669657230377
7
3.02836385965347
-0.762150180339813
-2.5068707883358
-9.86724268794059
-2.00538396239281
2.32295346856117
-9.35109613537788
7
-0.380036020278931
4.09212362766266
2.11101720929146
-0.0600974917411807
6.54045637845993
2.82272265553474
9.40721593499183
7
-3.82524012327194
3.0897520840168
-3.28620615005493
0.114911139011383
10.0688690185547
4.8849465072155
-0.779152357578277
7
-0.854823744297027
-1.31959139704704
2.73678961992264
-5.56796466708183
1.20522929430008
-7.02298272252083
0.661565172672273
2
7
-4.69990784525871
2.01504712700844
0.260432463884354
-3.47113968133927
5.12534633874893
0.0231412470340741
2.13301889896393
7
1.32401321530342
2.90611261725426
-2.58116394877434
9.07130965590478
4.40742574334145
-0.191249513626101
2.33138490915298
|Explorer2Genome 30
3
6
8
-1.84098557829857
-4.51143237352371
-3.45769813656807
-5.2551140844822
-5.49228084087372
-2.10466208457947
8.04500402212143
4.6955787718296
8
-0.232995909452438
-4.19958524703979
9.61051682829856
8.527600055933
-7.85027089715004
-5.53511334061623
-0.680595982074737
-2.13643459677696
8
2.46758463382721
2.07016424536705
-1.18037738204002
-1.41595417261124
4.93102471232415
5.48244522809982
3.97489202022552
3.56957785487175
8
0.267813342809678
12.600667989254
0.545487672090529
-6.56658525466919
3.95162924528122
-1.7173315346241
-4.85311968922615
1.86113306283951
8
-3.99623144865036
5.84449325799942
2.09346199035645
2.9551007270813
-0.491626036167145
-10.558422011137
2.8757381439209
2.09162890911102
8
-3.39487487077713
-2.23976745009422
2.03796381950378
-0.921921634674073
2.41996068358422
4.43784338831901
-1.90177811980248
8.99018841385841
6
7
-3.79692814350128
-9.66182740330696
-0.868521869182586
-1.07309775948525
-4.04891148209572
4.73503869175911
3.8978911280632
7
-2.94094190001488
-1.01961460113525
0.241444540023804
1.6528875887394
-0.731122833490371
-3.10812913179398
-2.93613648414612
7
3.02836385965347
-0.354156470298767
-1.97181679606438
-8.86243776679038
-2.10139145255089
2.24229048490524
-9.35109613537788
7
0.195421534776687
2.1645968914032
1.77575054168701
-0.146085178852082
4.99455498456955
2.96116532087326
7.9220313847065
7
-3.85235030055046
2.78674271702766
-4.09967831969261
1.44228000044823
8.18163834214211
6.64888502955437
-1.04323078393936
7
-0.186078298091888
-0.393431973457337
3.3347073674202
-4.44692559242248
0.895139038562775
-6.05043812394142
2.10616446733475
2
7
-4.1242109298706
3.01717413067818
-0.0228080034255974
-3.18400834798813
4.74851399660111
0.328630083799363
1.46846635341644
7
2.03640648126602
3.04275444746018
1.24761483669281
6.49315196871758
3.07497538328171
0.25266326665878
1.20798166394234
|Explorer2Genome 30
3
6
8
-1.93928081393242
-4.99547454118729
-2.79930558800698
-5.05507137775421
-6.33863514065743
-1.98680860996246
7.14066249132157
4.73477762937545
8
-1.4177651822567
-5.50402081012726
10.3902539432049
8.69174566864967
-7.57659402489662
-7.93086075186729
-1.04697698950767
-1.7238432765007
8
1.61812131404877
2.07016424536705
-1.18037738204002
-1.70656670928001
4.93102471232415
5.48244522809982
4.35391933917999
3.56957785487175
8
1.54916731715202
10.6136251091957
1.43999770879745
-8.6229279756546
3.35252900123596
-0.782529532909393
-4.67433937191963
-0.00385868549347046
8
-3.43057931661606
4.47330312728882
1.97336717247963
2.07529064416885
1.62347122430801
-9.86063768267632
3.7989676296711
1.93609635233879
8
-5.00446111559868
-0.0404494345188149
1.24897011518479
1.58932575583458
2.13416730761528
3.48187945485115
-1.54979141950607
8.34058609008789
6
7
-2.89339100718498
-9.04188185334206
-1.08723775744438
-0.531490379571915
-2.49134986400604
4.67559557557106
4.34382311105728
7
-2.84217845797539
-1.54418344497681
-0.108541411161423
0.768326097726823
-1.44474635720253
-3.4582435965538
-2.93613648414612
7
2.85320221781731
-1.37600008845329
-2.08867300748825
-9.39142497777938
-1.63768829703331
2.12081372141838
-8.74334653615951
7
-0.480638527870178
1.11850760579109
0.716550296545028
0.815162420272827
4.67443757653236
2.55176554322243
6.55080438256264
7
-4.30285679101944
3.0897520840168
-3.28620615005493
0.114911139011383
10.2463832259178
5.24710938334465
-0.779152357578277
7
-0.560292947292327
-0.393431973457337
2.87547570466995
-4.91727604866028
0.83362067937851
-5.8660233259201
2.10616446733475
2
7
-4.96581137180328
2.59694285988808
0.192502444982529
-3.07025936841965
5.30708822607994
0.620106220245363
1.60556643009186
7
2.19731972813606
3.24743946790695
-0.325967365503311
6.23933268785477
3.07497538328171
-0.49013029932976
1.67501905560493
|Explorer2Genome 30
3
6
8
-2.84404888749123
-4.87647685408592
-4.96273968815804
-4.47586847543716
-5.06179230213165
-1.89555832147598
7.7568720638752
6.08749150633812
8
0.366958010196686
-4.3322164952755
10.0060381412506
7.65998075604439
-8.10767922401429
-5.21571610569954
-0.649836587905883
-1.82732602953911
8
1.19210750460625
1.11148952841759
-0.637816852331161
-1.55925249457359
4.70594544410706
6.18051744699478
3.30747117400169
3.43845994472504
8
0.429862040281297
12.5255883097649
0.545487672090529
-6.17227363586426
3.95162924528122
-1.90166845917702
-4.32281492352486
1.86113306283951
8
-1.87674616575241
5.15778105258942
2.01892075538635
0.854348582029344
-1.26350932121277
-9.25690220594406
1.26329336166382
1.82410938739777
8
-4.5684800028801
-0.0781395316123968
3.06870525479317
-0.188600951433182
1.41277403235436
4.71223168969154
-2.31861135363579
8.87745089530944
6
7
-3.78911139965058
-7.69442351460457
0.523329889774323
-2.74691010713577
-4.94022339582443
5.99016622304917
4.50542320013046
7
-0.803704255819322
-2.58294329047203
-0.760143125057221
0.849635940790178
-0.414834386110305
-3.09974769353867
-4.58435383439064
7
2.83405925631523
0.0156450867652894
-2.46311945319176
-9.50720791220665
-1.98895139098167
1.28898871541023
-9.94222188591957
7
-0.786891579627991
3.64700767993927
0.861921751499175
-0.42204287648201
6.21259493231773
2.67090998291969
7.53679092526436
7
-3.14945005178452
4.07133468985557
-4.28724811077118
0.680680930614471
8.32182987928391
5.53740822672844
-1.36117234826088
7
0.367606604099274
0.821472597122192
2.9986381649971
-4.79936134815216
1.19423245191574
-6.43094244599342
1.33254672288895
2
7
-5.51548778414726
2.54793766736984
-0.335375744104385
-3.0773569226265
5.2752116560936
0.185594314336778
2.26877905130386
7
1.8597572863102
2.83477431535721
0.597496831417084
6.54252710938454
3.52369527220726
-0.414678311347964
1.31347414255142
|Explorer2Genome 30
3
6
8
-2.63424408435822
-5.43870920538902
-4.41838579773903
-4.47586847543716
-5.3833648443222
-1.64772492647171
7.42347148060799
6.08749150633812
8
-0.0269312500953675
-4.15689442157745
9.61051682829856
8.58634951710701
-7.85027089715004
-5.27840077877045
-0.509933978319167
-2.13643459677696
8
1.29142469763756
1.7152354478836
-0.00102111101150487
-0.725657624006271
5.29737047553063
5.27942560911179
4.38872956633568
3.69275281429291
8
0.0980128467082987
12.0182818770409
0.545487672090529
-7.20167496800423
3.95162924528122
-1.81760774254799
-4.45931740403175
1.86113306283951
8
-3.26313573122024
5.32489075660706
2.87337484359741
1.44804626703262
0.638340985774993
-9.68077210783959
3.09422922730446
2.34212149977684
8
-2.60291010141373
-1.62470561265945
1.64123325943947
-1.35349099636078
2.5409579217434
4.434589189291
-0.958727306127549
8.61948137879372
6
7
-3.40313200950623
-7.59726160168648
-0.158103173971176
-1.67747655510902
-4.97105206251144
4.19039676785469
4.82519036531449
7
-2.94094190001488
-1.01961460113525
0.241444540023804
1.6528875887394
-0.731122833490371
-3.23787866830826
-2.93613648414612
7
2.85320221781731
-1.37600008845329
-2.08867300748825
-9.39142497777938
-2.00625764727592
1.88508576154709
-9.23723720312118
7
-0.329821276664734
4.17679295539856
1.09598854780197
0.0174289882183072
6.3145416200161
2.67090998291969
7.53679092526436
7
-4.164216786623
3.4502112030983
-5.11265516281128
0.823809611797332
8.04661527872086
4.40305196642876
-1.3404365837574
7
-3.38556897044182
-2.34985972642899
1.38812673687935
-4.84034839868546
2.68218834996223
-5.56132262945175
2.65781221389771
2
7
-4.89820153713226
2.67121422886848
0.0422743320465095
-3.19539371728897
4.74851399660111
0.355611246824266
2.05329978466034
7
1.65291067361832
3.27722493410111
0.958100503683091
6.20600261092187
3.0500101685524
-0.00392770171165741
1.21580277085304
|Explorer2Genome 30
3
6
8
-2.53443161249161
-4.95349105000496
-3.47736260890961
-4.57364164590836
-6.00400796532631
0.0220840990543387
6.15868556499482
4.2657587647438
8
0.886992830038071
-4.75270742177963
10.9015148639679
8.50117334127426
-8.32966842651367
-5.80316224098206
-0.784909826517104
-1.80977054238319
8
1.29142469763756
1.53035344481468
-0.612419337034225
-1.55925249457359
3.94232513308526
6.18051744699478
2.9046331346035
3.9105162858963
8
1.29530352950096
10.967320215702
0.244826132059096
-8.02055141329766
3.88398870825768
-2.33394447565079
-3.54261789917946
1.960627835989
8
-1.87674616575241
5.15778105258942
2.25951569080353
1.31598271727562
-1.13162467479706
-9.25690220594406
1.165678191185
1.82410938739777
8
-4.08477148413658
-0.944448125362397
3.21257778406143
2.20293292403221
2.76859921813012
3.63317844867706
-0.769767147302628
9.55213051438331
6
7
-4.26419062614441
-7.69338682293892
-1.49062366485596
-2.6813460290432
-3.78112422227859
5.19611671566963
3.82055875062943
7
-1.67207332253456
-1.44256543517113
-0.361219751834869
2.09424082636833
-0.652093815803528
-3.41417990922928
-1.26228451132774
7
2.75617441534996
0.0156450867652894
-2.46311945319176
-9.50720791220665
-2.12949928641319
1.28898871541023
-10.2145424187183
7
0.311277621984482
2.12167022824287
1.07130846977234
0.45339035987854
5.06991227269172
3.31514511704445
6.59643426537514
7
-2.50461853742599
3.89760343432426
-4.55561363697052
0.0595010638236997
9.44772845506668
5.70559503436088
-1.59078939557075
7
-1.48721765875816
-0.72214521765709
3.22933095693588
-5.03985596895218
1.39663990139961
-7.54196184277534
0.553054797649384
2
7
-4.72991189360618
2.46916571259499
-0.0134562492370598
-3.47113968133927
5.70398951768875
-0.243244236707686
2.31966400742531
7
2.64261227250099
2.20263875126839
0.97402082681656
5.33358927369119
2.30628680586815
0.585804820060728
2.28289924263954
|Explorer2Genome 30
3
6
8
-2.24326909780502
-4.03090098500252
-3.47736260890961
-4.59844692945481
-6.48073313832283
0.0151211559772513
5.51608380675316
4.70704716444015
8
1.31504434943199
-4.75270742177963
9.97556288242339
8.77694535851479
-8.19701266288758
-6.65061553120613
-0.545366030931472
-1.0688212454319
8
1.29142469763756
1.54126746058464
-0.00304555296897868
-1.09429249167442
4.99802386164666
5.8458643078804
3.62689542770386
3.29733224511146
8
1.7439537525177
13.014437264204
-0.315313202142716
-6.95584564805031
2.04787988066673
-1.53225344419479
-3.88926485776901
0.722881430387496
8
-2.58391929864883
5.67177584171295
2.25475172996521
1.50968841910362
-0.768255877494813
-8.6937957406044
1.30687024593353
1.88994381427765
8
-4.23952707648277
-1.82385210394859
2.36868047714233
-0.966167801618576
2.63317983150483
3.69283480048179
-1.25352632403374
9.36944060921669
6
7
-4.14804040789604
-7.48271028399468
-0.545506978034973
-2.94212834239006
-4.86173995733261
4.83396433591843
4.75248830318451
7
-1.84203802347183
-1.19874855875969
-0.0615070700645448
1.97244015932083
-1.17192466259003
-3.41417990922928
-1.07226150035858
7
2.54646595716476
-1.52498108148575
-1.04117790460587
-9.28992940187454
-1.57505864500999
3.58435509800911
-8.63828195929527
7
0.211495369672775
1.94714589715004
1.56107025146484
0.317491912841797
5.34812014698982
2.83579030632973
6.59643426537514
7
-3.81754835247993
2.02975903153419
-3.95341866016388
1.02559339404106
9.10281613469124
6.23605508208275
0.508602851629258
7
-1.13348979353905
-0.849628895521165
2.73678961992264
-5.56796466708183
0.979753005504609
-7.44300463795662
0.553054797649384
2
7
-4.72991189360618
1.9441844522953
0.561189222335816
-3.84861003160477
5.12534633874893
0.326676255464555
2.0741409778595
7
2.72696331143379
1.73921461701393
0.97402082681656
4.84137530922891
1.4681044280529
1.05649759769439
1.88161416649818
|Explorer2Genome 30
3
6
8
-2.05298532247543
-4.32478504776955
-4.70488843917847
-4.36285243630409
-6.31181662678719
0.0151211559772513
6.77137379050255
4.51910549402237
8
0.33149219751358
-6.06313543319702
10.6287810742855
8.6028546154499
-7.83267126083374
-6.31187856793404
-1.31251090764999
-1.12492308020592
8
2.06863915920258
1.16457223296165
-0.854433125257492
-2.27958905100822
5.78255934119225
5.71837369203568
3.38773350715637
3.56957785487175
8
2.21775109767914
13.4107574641705
0.172866523265838
-8.07977553606034
0.900576221942902
-1.27915970087051
-3.88926485776901
0.774474203586577
8
-1.63242612481117
5.7550493478775
3.55765848755837
2.40263285040855
-0.704537838697434
-8.40268635153771
2.76004130840302
1.12686799168587
8
-3.96928650736809
-1.9462294280529
1.59001195430756
-1.4092652797699
2.41996068358422
4.26537117958069
-0.428366196155549
9.02983954548836
6
7
-2.87608453631401
-6.89895763993263
-0.759505772590637
-1.85536020994186
-4.55392807722092
4.49057608246804
4.03103076219559
7
-2.24766139388085
-0.656898117065431
0.479121053218841
2.20313752889633
-1.20184279084206
-3.91988273859024
-3.89597161412239
7
1.58266434073448
-0.433206588029861
-1.5568235039711
-10.4897095322609
-1.62062263488769
2.69436710476875
-8.76568905115128
7
-0.0834005296230317
2.1645968914032
2.58183946609497
-0.146085178852082
5.69247805476188
2.57634271383286
7.63901763558388
7
-3.9457018494606
3.64249485135078
-3.30940718650818
0.42573674917221
8.36898411512375
4.81895622611046
-1.86643481254578
7
-0.759131467342376
0.795022726058959
2.73451330065727
-4.42153236865997
1.58250280618668
-5.68688121438026
2.61801198720932
2
7
-3.1436050415039
3.39441602826118
0.310551148653031
-3.22288006544113
4.52092418074608
0.119398039579393
2.01945708394051
7
1.32925298213959
2.81906915903091
0.758702886104584
4.2850943863392
2.69189556837082
0.694222855567929
1.83085704445839
|Explorer2Genome 30
3
6
8
-2.05298532247543
-4.32478504776955
-4.70488843917847
-4.36285243630409
-6.31181662678719
0.0151211559772513
6.77137379050255
4.51910549402237
8
0.33149219751358
-6.06313543319702
10.6287810742855
8.6028546154499
-7.83267126083374
-6.31187856793404
-1.31251090764999
-1.12492308020592
8
2.06863915920258
1.16457223296165
-0.854433125257492
-2.27958905100822
5.78255934119225
5.71837369203568
3.38773350715637
3.56957785487175
8
2.21775109767914
13.4107574641705
0.172866523265838
-8.07977553606034
0.900576221942902
-1.27915970087051
-3.88926485776901
0.774474203586577
8
-1.63242612481117
5.7550493478775
3.55765848755837
2.40263285040855
-0.704537838697434
-8.40268635153771
2.76004130840302
1.12686799168587
8
-3.96928650736809
-1.9462294280529
1.59001195430756
-1.4092652797699
2.41996068358422
4.26537117958069
-0.428366196155549
9.02983954548836
6
7
-2.87608453631401
-6.89895763993263
-0.759505772590637
-1.85536020994186
-4.55392807722092
4.49057608246804
4.03103076219559
7
-2.24766139388085
-0.656898117065431
0.479121053218841
2.20313752889633
-1.20184279084206
-3.91988273859024
-3.89597161412239
7
1.58266434073448
-0.433206588029861
-1.5568235039711
-10.4897095322609
-1.62062263488769
2.69436710476875
-8.76568905115128
7
-0.0834005296230317
2.1645968914032
2.58183946609497
-0.146085178852082
5.69247805476188
2.57634271383286
7.63901763558388
7
-3.9457018494606
3.64249485135078
-3.30940718650818
0.42573674917221
8.36898411512375
4.81895622611046
-1.86643481254578
7
-0.759131467342376
0.795022726058959
2.73451330065727
-4.42153236865997
1.58250280618668
-5.68688121438026
2.61801198720932
2
7
-3.1436050415039
3.39441602826118
0.310551148653031
-3.22288006544113
4.52092418074608
0.119398039579393
2.01945708394051
7
1.32925298213959
2.81906915903091
0.758702886104584
4.2850943863392
2.69189556837082
0.694222855567929
1.83085704445839
|Explorer2Genome 30
3
6
8
-2.76726416349411
-4.03090098500252
-4.0191751241684
-4.59844692945481
-6.48073313832283
0.0151211559772513
5.51608380675316
4.37836426496505
8
0.0880316615104674
-4.92258148193359
11.0388633310795
8.93903509378433
-7.77761625647545
-6.47694956064224
-1.40548793077469
-0.919950401782988
8
1.29142469763756
1.55305852293968
-0.136743372678756
-1.88840411901474
3.93172346949578
4.9768898844719
3.26640540957451
4.00101403594017
8
1.29530352950096
10.8744067788124
0.244826132059096
-8.02055141329766
3.88398870825768
-2.18239816427231
-3.88226810097694
1.960627835989
8
-1.87674616575241
5.15778105258942
2.25951569080353
0.879263514280321
-1.13162467479706
-9.25690220594406
1.165678191185
1.82410938739777
8
-3.39487487077713
-1.55558807253838
2.03796381950378
-0.892748355865479
2.41996068358422
4.43784338831901
-1.41245750784874
8.85230055451393
6
7
-2.33729369044304
-8.53054824471474
-1.08723775744438
-0.71000719666481
-2.91517193317413
4.67559557557106
4.50579513311386
7
-1.97789503931999
-1.74683150649071
-0.384639513492584
0.810279279947282
1.1520839214325
-2.66350520849228
-3.8298439502716
7
2.44938105940819
0.0156450867652894
-2.46311945319176
-9.0641486108303
-1.87564064860344
1.28898871541023
-9.64861333966255
7
-0.354073166847229
4.23774772882462
0.272891199588775
0.037352508306503
6.3527707517147
1.6877498447895
8.47335250973701
7
-3.770111733675
2.02975903153419
-3.58821837902069
1.02559339404106
9.10281613469124
6.23605508208275
0.508602851629258
7
-1.13348979353905
-1.31959139704704
2.73678961992264
-5.56796466708183
1.20522929430008
-7.02298272252083
0.223334205150605
2
7
-4.96972777247429
2.46916571259499
-0.0134562492370598
-3.47113968133927
5.12534633874893
-0.243244236707686
2.13301889896393
7
2.72696331143379
1.76799157261849
0.97402082681656
4.37657151818276
2.04563824534416
1.05649759769439
2.28289924263954
|Explorer2Genome 30
3
6
8
-2.40667690634727
-4.89833294153213
-3.45769813656807
-4.22794719338417
-5.59060166478157
-2.09000091552734
6.90765277147293
4.81663480401039
8
0.796690094470978
-6.06313543319702
10.6287810742855
8.6028546154499
-7.83267126083374
-6.00891469120979
-1.31251090764999
-1.12492308020592
8
1.29142469763756
1.9358564376831
-0.366138619184494
-1.41657385230064
5.18049218058587
5.19187351465225
4.07151064276695
4.11577903628349
8
1.73637611865997
13.1750052928925
0.172991621494292
-8.07977553606034
0.900576221942902
-1.58255873918533
-3.88926485776901
1.09602385759354
8
-1.63242612481117
5.76371738910675
3.55765848755837
2.36228577494621
-0.604722827672959
-8.40268635153771
2.76004130840302
0.850020980834961
8
-3.96928650736809
-2.18417384028435
1.59001195430756
-1.4092652797699
2.41996068358422
3.84297626018524
-0.0153938233852391
9.02983954548836
6
7
-2.8566802918911
-7.57855601906777
-0.759505772590637
-1.85536020994186
-4.23669198751449
4.49057608246804
4.48968106508255
7
-2.24766139388085
-0.866220426559449
0.479121053218841
2.20313752889633
-1.06764459609985
-3.91988273859024
-3.89597161412239
7
3.02836385965347
-0.631486332416534
-1.71617531180382
-9.39990982413291
-2.03423966765404
2.48905716538429
-9.35109613537788
7
-0.848514848947525
0.912937742471694
0.52489451766014
0.152091884613037
5.71279636025429
2.4452012360096
6.95674993991852
7
-3.14945005178452
3.91034594774246
-4.28724811077118
0.823809611797332
8.87606638669968
5.70559503436088
-1.1746481180191
7
-0.759131467342376
0.795022726058959
2.73451330065727
-4.42153236865997
0.878492605686188
-5.5139173746109
3.17445734739304
2
7
-4.96581137180328
2.10511227250099
0.898494547605515
-2.942602455616
5.12534633874893
0.364277142286302
2.08568248748779
7
1.51405925750732
2.46985082030297
-2.58116394877434
9.07130965590478
4.40742574334145
-0.191249513626101
1.99715534448624
|Explorer2Genome 30
3
6
8
-2.28806425929069
-4.51143237352371
-3.52634630799294
-5.31926023960114
-5.69529357552528
-1.01395945549011
7.06477564573288
5.32605181336403
8
0.33149219751358
-6.06313543319702
10.5741906106472
8.25933817028999
-7.83267126083374
-6.00891469120979
-2.04095116853714
-1.12492308020592
8
2.3241040289402
1.64067978262901
-0.854433125257492
-2.30255941748619
6.06323720812798
5.60366097688675
3.40673012733459
3.11919290423393
8
1.29530352950096
11.3307727694511
-0.448259752988816
-8.02055141329766
3.47798408865929
-2.18239816427231
-3.88226810097694
1.93022066950798
8
-3.7667937874794
5.4124330341816
0.689412117004395
3.67722851634026
0.190184968709945
-10.6118885576725
3.2709388256073
1.51212529540062
8
-3.00459877848625
-1.749917781353
1.48946530818939
-1.35349099636078
2.71015388369561
4.51973666548729
-0.996756953001023
8.61948137879372
6
7
-3.75037021636963
-7.41023409962654
-0.655103057622909
-1.31611653566361
-3.94919767975807
5.62243009209633
4.0721149802208
7
-2.40046828985214
-0.555443239212037
0.0463338077068327
1.25199175477028
-0.175815159082412
-3.62527970075607
-2.56405855417252
7
2.6731435418129
-0.46225403547287
-2.17273764014244
-9.99521996378898
-1.62533904910088
2.90846875309944
-8.92036578655243
7
-0.329821276664734
4.42739723324776
1.09598854780197
0.534127157926559
6.74657682776451
2.67090998291969
7.53679092526436
7
-3.9457018494606
4.69189403653145
-3.80886225700379
0.42573674917221
8.00107001066208
4.81895622611046
-1.86643481254578
7
-3.681881326437
-2.34985972642899
1.89425635933876
-4.84034839868546
2.33577697873116
-5.56132262945175
2.65781221389771
2
7
-4.24129943847656
3.53794432282448
0.0745741367340095
-3.22288006544113
4.091518253088
0.0140021741390241
1.67583249211311
7
1.47190251350403
2.81906915903091
1.03436114192009
4.21740408539773
2.69189556837082
0.694222855567929
1.83085704445839
|Explorer2Genome 30
3
6
8
-2.24326909780502
-3.62050941586494
-3.47736260890961
-5.0834205031395
-6.48073313832283
0.0151211559772513
4.93080791831017
4.23911992311477
8
0.366958010196686
-4.45308963656425
10.1260714292526
8.77987082600593
-8.10767922401429
-5.69339814782143
-0.246178221702575
-2.14256927371025
8
1.29142469763756
1.20905970931053
-0.315446603298187
-1.10915049910545
4.58863005638123
6.18051744699478
2.40227298140526
3.43845994472504
8
1.29530352950096
10.2296981453895
0.244826132059096
-8.02055141329766
4.08004672527313
-2.18239816427231
-3.31262999176979
2.19084274768829
8
-1.87674616575241
5.15778105258942
2.25951569080353
1.33660232424736
-1.24049739837647
-9.25690220594406
1.43630133271217
1.82410938739777
8
-4.08477148413658
-0.944448125362397
3.00704110860825
2.20293292403221
3.07907084822655
3.63317844867706
-0.769767147302628
9.1042297899723
6
7
-4.14804040789604
-7.48271028399468
-0.552060794830322
-3.33351485133171
-4.86173995733261
4.83396433591843
4.75248830318451
7
-0.909374350309374
-1.19874855875969
0.0501619458198547
0.806581550836564
-0.066514068841934
-4.06340645551682
-1.34339218735695
7
2.84457825422287
-0.587855535745621
-2.3796126306057
-9.11845576167106
-1.73328065276146
2.16887048482895
-9.41165891289711
7
-0.151020127534867
2.12167022824287
1.07130846977234
0.0576093196868894
4.94903569817543
2.82031310200691
6.32501795887947
7
-3.70412973165512
2.98106053471565
-3.7402854681015
0.312974661588668
9.38194018006325
4.81663035750389
-1.26772888898849
7
-1.13348979353905
-1.31959139704704
3.32098103761673
-5.56796466708183
1.20522929430008
-7.02298272252083
0.553054797649384
2
7
-5.2239622592926
2.2618894636631
0.766184467077256
-2.0321595788002
5.55631077289581
0.620106220245363
2.23919764757156
7
2.79120752811432
3.60251045823097
0.891557061672211
4.42954908013345
2.1738294005394
0.264636754989621
2.19686034321785
|Explorer2Genome 30
3
6
8
-3.99697889089584
-5.69505013823509
-2.42231996655464
-3.12418714165688
-6.41598566770554
-2.08240743875503
8.41604037880898
6.0108448266983
8
-1.24186963438988
-4.65118164420128
9.90629152655601
7.7627569258213
-8.56278148293495
-6.46554909944534
-1.37974675297737
-2.18392414450645
8
2.3241040289402
1.16457223296165
-0.854433125257492
-2.30255941748619
5.41439546942711
5.44257143735886
2.98857660293579
3.56957785487175
8
2.06554696559906
12.283177536726
0.0703150868415824
-7.05344944596291
1.44225941896439
-1.27956553697586
-3.88926485776901
-0.00813110470771889
8
-3.59194544553757
5.08158176541328
1.94124367833138
4.04621074795723
-0.17558320760727
-10.7307820498943
2.8757381439209
2.12092406749725
8
-3.75497772097588
-1.51898300051689
1.96501739025116
-1.33495779037476
2.41996068358422
5.08387780189514
-0.958727306127549
9.556444221735
6
7
-3.10609431266785
-8.57922148704529
-0.748297750949859
-3.02347155213356
-2.34510973095894
3.6861942589283
4.23005353212357
7
-1.83020545840264
-0.857095873355866
0.711844938993454
1.94744974970818
-0.264469051361084
-4.25945748090744
-4.31134486794472
7
2.56292921304703
-0.707557213306427
-1.04117790460587
-9.71362551450729
-1.46450807452202
3.6920205950737
-9.80897149443626
7
-0.380036020278931
4.09212362766266
2.11101720929146
-0.0600974917411807
6.54045637845993
2.59947481751442
9.54433475136757
7
-3.9457018494606
4.7664402782917
-3.44431371688843
-0.0718010067939761
8.83837198019028
4.43221415877342
-2.16336514949799
7
-3.50245913863182
-3.05726438760757
1.66896827220917
-4.13833426237106
1.65811717510223
-4.74604860544205
1.71860146522522
2
7
-3.65076141357422
3.5149110853672
0.618351030349732
-3.24750898480416
4.97799419760704
0.659434288740159
2.59656153321266
7
2.64261227250099
2.57636014223099
0.770361697673798
5.36368802189828
2.32933241724968
1.70453158020973
2.28289924263954
|Explorer2Genome 30
3
6
8
-1.54366050958633
-4.08632556200027
-3.45769813656807
-5.87144938111306
-5.61900954842567
-1.88811748027801
7.47972310781479
4.96438471674919
8
0.33149219751358
-6.06313543319702
10.3933241605759
8.6028546154499
-8.06684534549713
-6.21261650323868
-1.31251090764999
-1.69710964560509
8
1.53983800411224
2.64162854552269
-0.969826763868332
-1.90365020632744
5.39157359004021
5.82736200094223
4.35391933917999
3.56957785487175
8
2.10341305136681
10.6136251091957
1.43999770879745
-8.64677410125732
3.35252900123596
-1.48465625047684
-4.67433937191963
0.50029375553131
8
-2.52544365525246
5.57860662937164
1.35149268507958
2.98254655599594
0.263042205572128
-9.69745398163796
3.1085557281971
1.51960579752922
8
-3.09307226538658
-1.9462294280529
2.03796381950378
-0.532947111129761
2.41996068358422
3.89507300257683
-0.958727306127549
8.65313680768013
6
7
-3.86043405532837
-8.90204971432686
-1.22265546321869
-3.20914096236229
-3.79071637392044
5.74766443371773
4.16011618375778
7
-1.94273743033409
-1.01961460113525
0.177389061450958
1.20892060995102
-0.427218967676163
-4.50849107503891
-3.80273666977882
7
3.47063716650009
-0.873527872562408
-2.12064012885094
-9.01667193770408
-1.50268778204918
2.35623703598976
-9.51980465054512
7
-0.848514848947525
1.13818543553352
0.52489451766014
0.452014708518982
5.71279636025429
2.4452012360096
6.7709832906723
7
-3.54671138525009
3.91034594774246
-4.28724811077118
0.823809611797332
9.12589218020439
5.70559503436088
-1.36117234826088
7
-1.512465685606
-1.53232259750366
3.46263949275017
-6.19304696917534
0.794938737154008
-7.43984406590462
-0.0945362985134117
2
7
-4.96581137180328
2.46916571259499
0.320141047239304
-2.942602455616
5.12534633874893
0.364277142286302
1.56119375228882
7
1.51405925750732
2.90611261725426
-2.84404081702232
9.07130965590478
4.40742574334145
-0.551550149917605
2.33138490915298
|Explorer2Genome 30
3
6
8
-1.63204058408737
-4.66553808450699
-3.40191271305084
-5.50694883465767
-6.20770807862282
-1.88811748027801
8.07000707387925
5.30147530436515
8
-0.209538739919663
-4.19958524703979
9.47249271273612
8.527600055933
-7.97893245816231
-5.53511334061623
-0.680595982074737
-2.13643459677696
8
2.06863915920258
2.07016424536705
-1.07316734194756
-1.70656670928001
4.93102471232415
5.75323502421379
4.41783409118652
3.56957785487175
8
1.96803395152092
10.6136251091957
0.917885625362395
-8.64677410125732
3.35252900123596
-1.3255647957325
-5.18008010983467
0.50029375553131
8
-3.95663955807686
5.08158176541328
1.72159280776978
2.9551007270813
-0.138160312175751
-10.5131521165371
2.8757381439209
1.89276435375214
8
-5.56970004439354
-0.712911850214005
2.60910384058952
1.95022604465485
2.13416730761528
3.20940823554993
-1.23760603666306
9.46611058712006
6
7
-3.40313200950623
-7.79966747760773
-0.22761013507843
-1.60955358147621
-4.97105206251144
3.81300666928292
4.76173452138901
7
-2.94094190001488
-1.01961460113525
0.0786220073699949
2.01483179330826
-0.574486708641052
-2.85719703435898
-2.93613648414612
7
2.90883139371872
-1.23862215280533
-2.12064012885094
-8.15307816863059
-1.50268778204918
2.35623703598976
-8.92615554928779
7
0.195421534776687
2.69789299964905
1.77575054168701
-0.146085178852082
5.27024122476578
2.63645581007004
7.9220313847065
7
-4.55570505857468
3.50135300755501
-3.28620615005493
0.656510293483734
8.39217823147774
5.50455636978149
-0.299184358119964
7
-0.186078298091888
-0.448064422607422
2.87547570466995
-4.91727604866028
0.895139038562775
-6.05043812394142
2.10616446733475
2
7
-5.05119123458862
2.67121422886848
0.00925962924957349
-3.25159629583359
4.78622850179672
0.331751602888109
2.04090046882629
7
1.65291067361832
3.11388319730759
0.958100503683091
6.49315196871758
3.30560271143913
-0.00392770171165741
1.21580277085304
|Explorer2Genome 30
3
6
8
-2.30255419611931
-4.51143237352371
-3.45769813656807
-5.23274583816529
-5.69529357552528
-1.73204068541527
7.06477564573288
4.30412781834602
8
0.703146088123321
-6.63922801017761
10.6287810742855
8.49554021954536
-7.83267126083374
-6.21261650323868
-1.21307072639465
-1.7191040456295
8
-0.387341332435608
2.18466351032257
1.27581044435501
-1.31435508131981
5.20211407542229
5.25430665016174
4.7756794154644
2.72844032645225
8
2.77215213179588
10.5452724814415
1.43999770879745
-9.18539257049561
4.76103205680847
-0.782529532909393
-4.98328493237495
0.50029375553131
8
-1.63242612481117
5.67774136066437
2.96711774468422
2.40263285040855
-0.704537838697434
-8.40268635153771
2.76765885353089
0.850020980834961
8
-4.30059453845024
-2.31849257349968
1.59001195430756
-1.90272493362427
2.62933232784272
4.37997710704803
-0.604558557271958
9.02983954548836
6
7
-3.31170966625214
-8.60648365616798
-1.33489611148834
-1.59781514406204
-4.87033540010452
4.56263230443001
4.05573281645775
7
-2.22625622153282
-0.163875859975816
0.0716392159461974
1.6578002512455
-0.610547739267349
-2.72449637055397
-1.86435235142708
7
1.70410383939743
-0.693420684337615
-4.3234385073185
-7.96268883943558
1.75769734978676
1.6426606297493
-8.65337694883346
7
0.341375690698624
1.43853600025177
2.17530355453491
-0.532116711139679
5.51693342924118
2.43498579263687
7.4136570751667
7
-3.61286926865578
3.4502112030983
-4.71397161483765
0.823809611797332
7.64363476037979
4.40305196642876
-1.3653770506382
7
-1.30932139754295
-1.37963010668755
4.05107622146606
-6.09299885630608
0.794938737154008
-6.93083375096321
0.410420376062394
2
7
-5.10688871741295
2.6093071103096
-0.335375744104385
-2.49837993383408
5.2752116560936
-0.360674673318862
2.04936650395393
7
1.89598511457443
3.27722493410111
0.866652911901475
5.95287362337113
2.85886565446854
0.519506531953809
2.03750756978988
|Explorer2Genome 30
3
6
8
-3.4887536406517
-5.71647040247917
-3.09808521866799
-3.63096957802773
-7.55325888395309
-1.27109063863754
8.08700364232064
6.26038766503334
8
1.28282114863396
-4.75270742177963
9.97556288242339
8.77694535851479
-8.63019413948059
-6.51054083108902
-0.545366030931472
-0.551770454645156
8
1.02554504275322
1.53035344481468
-0.612419337034225
-1.55925249457359
4.00928179621697
6.18051744699478
2.9046331346035
3.43845994472504
8
1.22917643785477
11.3290557801723
-0.185742890834809
-7.69020591974259
2.88846773505211
-2.68890279531479
-4.50740621089935
2.50556703805923
8
-3.43057931661606
4.4670574426651
1.83730187416077
2.07529064416885
1.70311659574509
-9.86063768267632
4.26668737530709
2.27034751772881
8
-4.08477148413658
-0.944448125362397
3.21257778406143
2.20293292403221
2.76859921813012
4.21560289859772
-0.769767147302628
9.1042297899723
6
7
-4.14804040789604
-7.43355569243431
-0.552060794830322
-2.94212834239006
-5.17728732824326
4.83396433591843
4.75248830318451
7
-1.67207332253456
-1.19874855875969
-0.0615070700645448
2.39705008268356
-0.317064881324768
-3.41417990922928
-1.46669657230377
7
2.85320221781731
-1.70782410502434
-1.87628212571144
-9.39142497777938
-1.45974477529526
1.90975714921951
-8.74334653615951
7
-0.0605676710605624
2.12167022824287
1.07130846977234
0.45339035987854
5.60776842236519
2.83579030632973
6.59643426537514
7
-3.77092617750168
3.48923199772835
-3.29157378673554
0.114911139011383
9.89224063754082
5.24710938334465
-0.779152357578277
7
-1.11746692061424
-1.56683061122894
3.24094504714012
-5.46907507181168
0.794938737154008
-7.6024033844471
-0.392307633161544
2
7
-3.65388836860656
4.14102829098701
0.448311853408814
-4.60260317921639
5.19156135320664
0.548934644460679
1.77283654808998
7
1.51405925750732
2.67521812319756
-2.85225581526756
9.61813260912896
4.13316992521286
-0.191249513626101
2.90821046233177
|Explorer2Genome 30
3
6
8
-4.57626651525497
-5.79309489130974
-2.797535187006
-3.63096957802773
-6.41598566770554
-1.80820664167404
8.61627693772316
6.36321527957916
8
0.703146088123321
-6.06313543319702
10.6287810742855
8.49554021954536
-7.83267126083374
-6.66005560159683
-1.21307072639465
-1.48024088740349
8
1.49685687422752
2.84461388587952
0.618458038568497
-1.44851304292679
4.93132731914521
5.5334833920002
4.62947883605957
4.15028411746025
8
0.490033644437791
11.9451640725136
0.361770069599151
-6.32603057026863
3.06793092489243
-1.88944430947304
-4.42818355560303
2.0185182929039
8
-3.43057931661606
4.18394227027893
1.67490856647492
1.96073507070541
0.700991308689117
-9.78590525984764
3.55971485376358
2.37632710337639
8
-5.00446111559868
-0.644011819362641
2.41613973379135
1.71585850119591
2.13416730761528
3.20940823554993
-1.33347712755203
9.04618208408356
6
7
-2.43502750396729
-8.09377253651619
0.310422307252885
-3.17895432710648
-4.87434755563736
4.47229512929917
4.42994476556778
7
-1.83020545840264
-1.0154609143734
0.676375764608383
1.37584812045097
-0.405966162681579
-4.25945748090744
-3.62476217746735
7
2.6322855591774
0.124027144908905
-2.30044063329697
-9.85758566260337
-1.42851340174675
2.24281562566757
-9.60042734742164
7
0.341375690698624
1.51079077720642
1.73926727771759
-0.532116711139679
5.96601918935776
2.43498579263687
7.4136570751667
7
-3.39337278604507
3.03097771406174
-3.58563315868378
0.695184510946274
8.44661126732827
5.37756652235985
-1.26772888898849
7
-4.24610709547997
-2.19196196198464
1.22388642430305
-4.23229492306709
2.33577697873116
-5.87018679380417
3.03061852455139
2
7
-4.37807688117027
2.46916571259499
0.685092329978944
-3.57451709508896
5.12534633874893
0.0726750850677503
2.13301889896393
7
1.46190148591995
3.54653044939041
1.1793479681015
5.9253439128399
3.07497538328171
0.867121607065198
1.18815699219704
|Explorer2Genome 30
3
6
8
-2.84404888749123
-5.81321081519127
-4.52433471679688
-5.57557581663132
-4.82495095729828
-1.57942088246345
7.16205285787583
5.2411816239357
8
0.151799589395523
-4.60374581217766
9.84062366485595
9.07981775403023
-8.37465928196907
-5.99455943703651
-0.510097843408584
-2.50347236990929
8
2.06863915920258
1.93881115913391
-1.47165383696556
-1.70656670928001
5.20824317336083
5.67516285777092
4.35391933917999
3.56957785487175
8
2.58924285769463
10.213381588459
1.43999770879745
-8.64633842110634
4.1266149520874
-2.14716547131538
-5.01098020672798
1.54951956272125
8
-2.52544365525246
5.57860662937164
1.1050917327404
2.63119875788689
0.752727025747299
-10.8152716696262
3.27485338449478
1.51960579752922
8
-3.11038864254952
-1.9462294280529
1.9554713010788
-1.35543069839478
2.17700840830803
4.16962885260582
-1.78163947463036
8.99018841385841
6
7
-4.67336041331292
-7.21914805769921
-0.323029273748397
-2.38852283358574
-5.06145144701004
5.33565186262131
5.49633021950722
7
-1.95406994223595
0.567052614688872
0.465107601881027
0.946058493852617
0.806861877441406
-5.21456845402718
-1.96639204025269
7
2.56292921304703
-1.23664382696152
-1.47910417318344
-9.71362551450729
-1.48229421377182
2.9009426176548
-8.88292531371117
7
0.195421534776687
1.75723958015442
1.87230477333069
-0.241671311855316
5.16042422056198
2.78466350436211
7.9220313847065
7
-3.32714056968689
3.56914435625076
-4.52627150416374
0.823809611797332
8.55715330839157
4.26360218524933
-1.70088813900948
7
0.672436636686326
0.230830144882202
3.38178786039352
-5.03321721553802
-0.371118247509003
-6.05043812394142
1.7327013373375
2
7
-6.44786102771759
3.23310846090317
-0.147405838966369
-2.71116021871567
4.29995595216751
0.872198033332826
1.73218522071838
7
2.39726498126984
1.84720782637596
-4.69869722723961
9.28226932883264
4.20068507790566
0.192500495910642
4.31103812456131
|Explorer2Genome 30
3
6
8
-4.57626651525497
-5.71663841605186
-2.22529075741768
-3.22775903344154
-6.41598566770554
-1.80820664167404
7.92876539826394
6.56625662446022
8
-1.30955864787102
-4.53479489088058
9.88502783179283
7.7627569258213
-8.56278148293495
-6.64431647062302
-1.85343659520149
-2.18392414450645
8
1.27936090826988
1.9358564376831
-0.207581532001495
0.266419106721878
5.79320077300072
4.9751007437706
4.45075904726982
3.36848804950714
8
0.671580803394319
11.4510863661766
0.139832526445388
-7.71027469038964
2.96597535014153
-1.63432680368423
-4.11236351132393
1.68369613885879
8
-3.66671005487442
4.4670574426651
1.69165284633637
2.67912384271622
0.466577756404876
-9.64765698313713
2.82548812031746
2.62733864784241
8
-4.30664646029472
-0.28727594614029
2.69928194284439
1.81537167429924
2.24177388548851
3.0336240530014
-1.61492675542831
9.09396123886108
6
7
-4.1881573677063
-7.86963220238686
-1.6434410572052
-1.3269574701786
-4.88454075455665
6.28077293038368
3.91605433225632
7
-1.99910823702812
-0.631794071197511
0.0169530510902403
2.02633932828903
-1.88351791501045
-3.47024426460266
-3.64813979268074
7
2.07434967756271
-0.354966461658478
-1.75869392156601
-9.93315293192863
0.304748857021333
2.01739104986191
-9.20034998059272
7
-1.78476545810699
1.86529483795166
1.39205296039581
0.47431663274765
5.91675001382828
2.46275709867477
8.62332352399826
7
-2.63347137570381
2.88095741868019
-3.47320747375488
0.695184510946274
8.44661126732827
5.37756652235985
-1.60648444890976
7
-4.24610709547997
-2.75994573831558
1.30883885025978
-4.41824694871903
2.33577697873116
-5.3904261469841
2.87420682907105
2
7
-5.27048399448395
2.68574241399765
-0.790553426742553
-2.80638936758042
4.35116969347
-0.420581007003783
1.14933540821075
7
3.21123723983765
3.40879942774773
-0.477208960056304
8.43239194750787
1.73414848446846
0.436426430940625
-1.12012903690338
|Explorer2Genome 30
3
6
8
-3.42205548882484
-4.84246680140495
-4.91573687195778
-4.47586847543716
-4.89353039264679
-1.52172341942787
7.42347148060799
6.08749150633812
8
1.31504434943199
-4.75270742177963
10.2573322832584
8.77694535851479
-8.63019413948059
-6.84690257310867
-0.545366030931472
-1.0688212454319
8
1.49685687422752
2.84461388587952
0.625037032365799
-1.20274890065193
5.85429832935334
5.74974595308304
4.62947883605957
4.58306354880333
8
2.03965680003166
10.3350480914116
1.43999770879745
-8.64677410125732
4.19488897323608
-0.523801380395889
-5.76360276341438
0.50029375553131
8
-3.66671005487442
4.4670574426651
1.69165284633637
1.96073507070541
0.777372395992278
-9.22402245402336
2.82548812031746
2.4593831717968
8
-2.86102671027184
-2.20115517377853
1.48946530818939
-1.35349099636078
2.90619124770165
4.434589189291
-0.958727306127549
8.61948137879372
6
7
-3.07044367790223
-7.51302965283394
-0.623523712158202
-1.85536020994186
-4.86590775251389
4.39213729500771
5.09651597738266
7
-1.67207332253456
-1.19874855875969
-0.0615070700645448
1.92548669576645
-0.652093815803528
-3.41417990922928
-1.89680287837982
7
2.75617441534996
0.0156450867652894
-2.46311945319176
-9.50720791220665
-1.87564064860344
1.28898871541023
-9.64861333966255
7
0.034709149599075
3.61679635047913
1.09598854780197
-0.0595120906829837
6.21510898470879
2.22499673962593
7.53679092526436
7
-3.57362697720528
1.77934821248054
-3.95341866016388
1.02559339404106
9.02652259469033
6.23605508208275
0.508602851629258
7
-3.38556897044182
-2.34985972642899
1.96311810612678
-5.32143312692642
2.33577697873116
-5.56132262945175
2.14630708694458
2
7
-4.72991189360618
2.46916571259499
-0.0134562492370598
-2.99699279069901
5.12534633874893
-0.243244236707686
2.13301889896393
7
2.72696331143379
2.32859957814217
0.97402082681656
4.84137530922891
2.04563824534416
1.05649759769439
2.28289924263954
|Explorer2Genome 30
3
6
8
-3.4887536406517
-5.53282241225242
-2.73967214226723
-3.63096957802773
-6.9148587346077
-1.53415533304214
8.08700364232064
6.0108448266983
8
0.0728839755058287
-4.19958524703979
9.61051682829856
8.527600055933
-8.4430758535862
-5.53511334061623
-0.486335116624831
-2.13643459677696
8
1.53699057102203
1.57533330321312
-0.361110371351242
-1.57681323885918
5.09375576376915
5.75151349306107
3.61529576778412
4.05478093624115
8
1.60588425397873
11.3940462768078
-0.623994314670564
-7.09660001993179
2.36718892455101
-2.8843755364418
-5.01905322670937
2.50556703805923
8
-3.49652841687202
5.08158176541328
1.74078619480133
2.9551007270813
-0.0136140465736395
-10.5131521165371
2.71284744739533
2.1189507484436
8
-5.40067130923271
-0.712911850214005
2.44517875909805
1.95022604465485
2.13416730761528
3.32935812473297
-1.33347712755203
8.84703786373138
6
7
-3.40313200950623
-7.79966747760773
-0.22761013507843
-1.65068700909615
-4.97105206251144
3.81300666928292
4.76173452138901
7
-3.38712787032128
-1.01961460113525
0.241444540023804
1.6528875887394
-0.731122833490371
-3.10812913179398
-2.93613648414612
7
2.85320221781731
-1.70782410502434
-2.08867300748825
-9.83659299612045
-1.94396933317184
1.90975714921951
-9.17972291707992
7
0.438338959217071
1.80088748931885
1.77575054168701
-0.146085178852082
5.27024122476578
2.96116532087326
7.9220313847065
7
-4.0762390255928
3.36171813607216
-3.28620615005493
0.282133424282074
8.5130595266819
5.50455636978149
-0.299184358119964
7
-2.03713309168816
-3.08498973846436
1.91926454305649
-5.82878227829933
1.56305965185165
-7.27620134949684
0.868267554044724
2
7
-4.55230221748352
3.35167935490608
-0.0228080034255974
-2.6447929263115
4.74851399660111
0.21239237189293
1.76240992546081
7
2.03640648126602
3.31443015933037
0.958100503683091
6.49315196871758
2.50541881322861
0.25266326665878
1.20798166394234
|Explorer2Genome 30
3
6
8
-2.24326909780502
-3.48147900700569
-3.47736260890961
-4.51841875314713
-6.33263307213783
0.0151211559772513
5.51608380675316
4.78339155912399
8
0.366958010196686
-5.0284537255764
10.0165619134903
8.39575744867325
-8.10767922401429
-5.65565131306648
-0.762846493721008
-1.82732602953911
8
0.715926337242127
0.888461345434188
1.07737849354744
-1.44416151642799
5.21121370196343
5.74687525629997
4.77247192263603
3.54880940318107
8
0.866599982976914
10.8206065297127
-0.318734735250474
-8.02055141329766
3.47798408865929
-2.18239816427231
-3.88226810097694
1.960627835989
8
-3.26313573122024
5.32489075660706
2.87337484359741
1.44804626703262
0.291956508159637
-9.68077210783959
3.09422922730446
2.34212149977684
8
-5.08791302442551
-2.52481334805489
2.23437408208847
1.68054968714714
3.25622075796128
3.53414512276649
-1.04927267432213
10.2109846532345
6
7
-4.56124606132508
-9.66182740330696
-0.973720324039459
-1.07309775948525
-4.16765409111976
4.73503869175911
4.49724308848381
7
-2.01291181445122
-1.19874855875969
-0.409349095821381
0.806581550836564
0.186827492713928
-3.93754454851151
-1.19287427067757
7
2.56292921304703
-0.848175346851348
-1.04117790460587
-9.71362551450729
-1.67705275416374
3.46652093529701
-9.41585921645165
7
-0.0605676710605624
2.71737511754036
1.07130846977234
0.351268577575683
5.06991227269172
2.83579030632973
6.93796315789223
7
-4.12904916405678
1.70395017266273
-3.95341866016388
1.08553718924522
9.10281613469124
6.23605508208275
-0.197725617885589
7
-0.590990418195724
-1.31959139704704
2.73678961992264
-5.49529411196709
1.08973630666733
-7.02298272252083
0.553054797649384
2
7
-4.57176396846771
1.97105053067207
0.192502444982529
-2.66600955724717
5.30708822607994
0.620106220245363
1.75203471183777
7
2.79120752811432
3.60251045823097
0.891557061672211
5.52205029129983
1.6341853260994
-0.11271200180054
2.30512853264809
|Explorer2Genome 30
3
6
8
-3.4887536406517
-5.53282241225242
-2.4853445827961
-3.32015519738197
-6.59731601476669
-1.33095604181289
7.61463258862496
6.3570464849472
8
-0.209538739919663
-4.15689442157745
9.61051682829856
8.58634951710701
-8.17512703537941
-5.10825458168983
-0.260783350467681
-1.56015991568565
8
1.07165235877037
2.63012864589691
-0.442124527692795
-1.44851304292679
5.50112450122834
5.63484321236611
5.39832888245583
4.27740129828453
8
1.96803395152092
10.6136251091957
1.43999770879745
-8.64677410125732
3.45932712554932
-1.28903115987778
-4.69928084015846
0.50029375553131
8
-2.82704554200172
3.82034122943878
1.69165284633637
1.96073507070541
1.06910180449486
-9.65678343176842
2.86763234734535
2.66512791514397
8
-4.00318199396133
-2.47949422597885
0.80139400959015
-0.165037781000138
2.99919108748436
3.99506897330284
-0.525779020786286
9.57859068512916
6
7
-3.71800367832184
-10.627999573946
-1.12618302106857
-0.772003561258316
-3.90616238713264
4.73503869175911
4.46931108236313
7
-2.94094190001488
-1.44230585098267
0.088854670524597
1.92265313863754
-0.574486708641052
-3.23787866830826
-3.21822984218597
7
2.90883139371872
-0.493136417865753
-2.12064012885094
-9.01667193770408
-1.58138172030449
2.35623703598976
-9.35109613537788
7
-0.328406769037247
1.86190443634987
1.60880813598633
0.560227465629577
5.06991227269172
2.41206651329994
6.59643426537514
7
-3.98189772367477
3.36171813607216
-2.74942388534546
0.415379202365875
8.8544920027256
4.94428768157959
-0.299184358119964
7
-0.186078298091888
-0.393431973457337
2.84144061803818
-4.91727604866028
0.895139038562775
-5.62573400139809
2.10616446733475
2
7
-3.65388836860656
4.01650818586349
0.836152034997941
-4.00559482574463
5.19156135320664
0.233773082494737
2.15649657845497
7
1.8607608795166
2.78424391150475
-2.85225581526756
9.34079090952874
4.17736724019051
-0.191249513626101
2.90821046233177
|Explorer2Genome 30
3
6
8
-1.84098557829857
-5.02851191759109
-3.45769813656807
-4.80461848378182
-5.45383126735687
-2.25446059703827
8.28362256288529
4.32651310563087
8
0.579814827442169
-4.76036722064018
10.0584045350552
8.20870755910873
-7.33728612065315
-5.90282467007637
0.206696408987046
-2.79327198266983
8
1.29142469763756
1.72480943202972
-0.00102111101150487
-0.725657624006271
4.87580074667931
5.27942560911179
4.38872956633568
3.69275281429291
8
-0.663811171054839
11.4946174740791
1.11549177765846
-8.08341740369797
3.93429094552994
-2.6948851943016
-4.43839481472969
1.80642558336258
8
-2.84176613092422
5.32489075660706
3.27034606933594
1.44804626703262
0.291956508159637
-9.48618422746659
3.19329379200936
2.34212149977684
8
-4.75870947241783
-0.586156713962556
2.13768522143364
2.00532705783844
2.28194899559021
2.82150573730469
-1.64358397722244
9.41477982997894
6
7
-2.94202015399933
-8.46190579533577
0.310422307252885
-3.20756298303604
-4.87434755563736
4.47229512929917
4.42994476556778
7
-1.83020545840264
-1.0748009622097
0.571562707424164
1.20892060995102
-0.339489650726318
-5.52165147066116
-3.16572148799896
7
2.6322855591774
0.50539220571518
-2.30044063329697
-9.34319247603416
-1.42851340174675
2.26733974218369
-9.60042734742164
7
-0.354073166847229
4.75757285356522
0.2359996676445
0.01060716509819
6.3527707517147
1.40049148201942
7.12397041916847
7
-3.6432502746582
2.38445218801498
-3.95341866016388
0.964624834060669
8.98338187336922
6.23605508208275
-0.0844754755496974
7
-0.32673498392105
-2.13110723495483
4.58940417170525
-6.71012522578239
0.794938737154008
-8.2162265598774
-0.069348853826522
2
7
-3.65388836860656
3.46512892842293
0.618351030349732
-3.47345567941666
4.97799419760704
-0.171426659822463
2.48407072424889
7
2.20739287137985
4.08647443056107
1.44434351325035
5.95287362337113
3.25029779672623
0.519506531953809
1.07902920842171
