Explorer2Genome 30
3
6
8
-4.03018861413001
-3.48198782801628
-9.82198858857154
4.87302795052529
-12.1300698399544
-10.1612926363945
-3.92907037734985
0.0933915197849273
8
8.56245686411858
8.38591178655624
-8.32312231063843
-1.40084396004677
2.79879527688026
-4.41543791890145
-6.01166335940361
-2.84039230942726
8
11.2376087427139
5.78369555473328
-1.75582396388054
-1.61354514360428
-0.297179359197616
1.67753489613533
1.70143318176269
-5.72585324645041
8
13.7789353072643
-3.46471695303917
3.67962464094162
-6.74189042448997
-1.30787025690079
-1.04619780182838
-1.71744247078895
-2.08008776903152
8
-5.90865172147751
5.85694719552994
7.06652811765671
12.268934160471
-0.691449362039567
-12.5908383727074
-0.413436770439152
-0.93348188996315
8
1.48941967487335
-1.28106717467308
8.23861061930656
10.6047899603844
2.86475886702538
-1.19726386070251
4.09728659391403
-2.31475859880447
6
7
2.56071526408195
8.67583056092263
7.3759427011013
-2.48147715330124
15.8874465465546
8.410815012455
-8.7115200817585
7
4.01165832877159
-2.85323961377144
-3.33424414396286
3.69604347944259
1.35634124279022
2.99884399175644
7.83403904438018
7
3.60591003894806
-1.582210034132
-3.26444696187973
3.18186901211738
1.27835584282876
0.481014931201933
14.9620173275471
7
-0.152674663066865
-5.03355479836464
14.451218098402
-6.49230857491493
-6.65251516103745
-8.30649321079254
9.0486542403698
7
-4.4041805446148
-15.3283600270748
0.444653904438017
4.20689961314201
5.04376591444016
-18.0101463675499
-1.53666900992393
7
8.26088510155678
0.499400365352631
4.11916510462762
0.519354814290999
-11.8054057300091
3.85119464993476
5.4486733853817
2
7
5.63419592380523
-8.97141463756561
3.45351037979126
-13.6461436331272
7.81223650574684
-6.72312462925911
9.60764199495315
7
5.15804100036622
-3.72265954613685
3.96503193974495
-2.05744194984435
-2.65979573130608
0.385665774345397
10.7798673033714
