Explorer2Genome 30
3
6
8
-5.70777579545974
-2.35534885525703
-6.50370563268661
1.94613801240922
-10.0513625025749
-5.38579211235046
-0.821952229738237
0.0608627080917359
8
6.6709754049778
5.49710365533828
-7.1655045568943
-2.05725449919701
4.31660795211792
-3.07335606813431
-3.79714320898056
0.663444721698759
8
9.06375306248666
7.19942732453347
-0.411348778009414
-1.96494220495224
-0.757380640506744
1.73173470497132
1.07765545248985
-6.07607748508452
8
14.3059855341911
-0.243902415037156
3.56257352232933
-10.0723946154118
-0.927969950437546
0.258105278015138
-3.47953035831451
-2.29643363952636
8
-7.66111562848091
6.51315998435021
4.46684865355492
12.0037945985794
-1.06861020326615
-10.2001447439194
-3.49949428439141
-0.450393015146255
8
6.10909172296524
2.55809133052826
6.69098333120346
7.57234070301056
3.21138082742691
3.63331732749939
4.08261777162552
-2.19042492508888
6
7
6.99718097448349
6.78821977972984
5.90700219869614
-6.56592665910721
12.9601312279701
6.85666638016702
-8.04526419043541
7
-0.75002808570862
0.659971022605895
-4.82438323497772
7.0032753765583
2.18715267777443
1.15727894306183
5.96881821751594
7
4.68487124443054
-1.14698778986931
-1.48341066241264
0.790239381790159
1.38409762382508
0.710874539613723
20.204949170351
7
0.779127806425093
-1.07094379663467
11.8608069181442
-1.62619011998177
-6.86641904115677
-7.31122722625733
5.46146420240403
7
-5.45112767219544
-14.6287976264954
4.81534843444824
5.39767116904259
3.65447267889977
-22.3697618544102
0.387524312734606
7
6.74138728380203
-3.33538571000099
5.74450230002404
-3.96657454967499
-9.09758664369583
2.20951218008994
3.83330597877503
2
7
9.18199623823165
-8.9340371966362
-1.72170189023018
-16.4019543230534
4.37938000559807
-4.96922495365143
7.1463852584362
7
6.888041138649
-3.85602546930313
4.83330537676811
-2.895095038414
0.746763408184053
-2.59935038685799
5.34311059713364
