Explorer2Genome 30
3
6
8
-11.7419732093811
-2.61611207127571
-6.55583388209343
-0.393822991847987
-7.76948793530464
-3.46553258895874
-1.38185694217682
-2.14500551223755
8
2.19285366535187
5.31145323514938
-2.64392715096474
1.6238776743412
-2.94947999715805
-4.15291250944138
6.00436117649078
-2.83938429951668
8
7.94839769601822
4.83728811740875
0.0583176255226139
-0.596540194749831
-2.08118078708649
3.6355638384819
1.23166367411613
-6.91566458940506
8
8.45080168247223
1.16090670228004
2.84614304900169
-9.17240616679192
-3.84002777338028
-1.84025288820267
-2.66172767281532
-8.39834801554679
8
-1.07952548861504
2.9334731221199
0.46035562157631
14.8907931864262
0.758197492361067
-4.4551146030426
-3.11022899150848
-0.148202258348464
8
1.89387778639793
1.38628522753716
4.65219037532806
8.132179915905
-0.772011250257491
1.15868917107582
0.897853893041612
-0.952420455217361
6
7
7.07492505311966
1.21987180709839
3.31190977692604
-2.79696422815323
9.97919365167619
7.16935718059541
-8.67585397958755
7
5.92673332095146
4.86750731468201
-1.94475024342537
9.56859869360923
-0.399921816587448
-3.60447238087654
8.59550452232361
7
1.17584644556045
-0.699287945032119
-4.76268702149391
-4.1295457482338
3.20895969867707
4.12008173465729
3.81337303519249
7
0.329810696840285
1.80157552957535
9.94812091588974
2.21920745372772
-6.60510872602463
-4.36586990356446
5.41988576054574
7
-4.97695564031601
-11.2786783337593
-5.84739801287651
4.01207169294357
5.39133176207542
-6.25627085566521
-1.37832632064819
7
2.83686540126801
3.16424048542976
5.99869154691696
-1.63699043989182
-1.20483675003052
6.71760102510452
3.19304718375206
2
7
10.5213409662247
-5.58389562368393
-0.413216209411625
-9.55215038061142
-0.961101472377777
-5.1628607571125
2.36259806752205
7
7.41803500056268
1.89153145551682
2.80214713215828
-8.13759316802024
-3.25885109305382
1.71716591715813
3.48538901209831
