Explorer2Genome 30
3
6
8
-6.7920483469963
-2.14848409295082
-8.65783529281616
5.06981447339059
-9.70438697338104
-5.72090063691139
2.49420625567436
-2.37296457886696
8
8.76413981318474
5.43554583191871
-8.81171182394028
-1.18267949819565
1.49352316856384
-3.93502669334412
-3.10952911973
0.516527026891707
8
11.8508440315724
8.78318836688996
-1.55799742341042
-0.777650618553161
-0.471340394020081
0.989156395196917
1.66860685944557
-8.32341719865798
8
14.4528853476047
1.84104087948799
2.6517928481102
-8.03191934227943
0.857005512714386
-1.05665249824524
-2.97560349106789
-5.12491613626479
8
-5.0816551566124
6.73075422644615
3.99548462629318
12.6434378087521
-0.369581615924837
-9.49281775951386
-4.8381199836731
0.0171671569347389
8
4.43827137947082
3.40199083685875
7.04832516908646
9.98589034676552
2.90742202997208
2.47004595994949
1.87120372653008
-0.908961051702498
6
7
8.14048807024956
4.97079595327377
4.98386812806129
-4.5288327395916
10.7865274965763
7.54689016938211
-9.48785851597786
7
1.51046518087387
3.63848019838333
-4.9986934363842
5.76329322457314
5.11246002316475
1.93882257938385
4.86326151490212
7
2.14585582017898
-2.86431198716164
-2.06311429738998
-1.20481232404709
1.78036432266236
1.81396089196205
12.5656345367432
7
-0.295027345418931
-0.906172657012939
12.0366419732571
-1.28544611334801
-7.03923602104187
-5.87535102963448
4.92693334817887
7
-5.42716340422631
-15.1454000592232
-1.25674317479134
4.66704034805298
4.4626816034317
-19.378161406517
-2.7186441719532
7
5.74983413815498
1.48188803792
8.27913835644723
-3.95586405992508
-7.59896919727325
-0.221692943573006
4.21840898394585
2
7
7.35831642746925
-6.55529513359069
-1.47214342355729
-14.787069106102
3.0308839559555
-5.12333740592003
6.27166666984558
7
5.60175978541375
-1.98264534473419
2.72613608241081
-1.47013469934463
0.473346084356309
-2.32566691637039
8.7333940923214
