Explorer2Genome 30
3
6
8
-6.43837291002273
-3.46901972293854
-2.31318003535271
-1.32811217308044
-9.86957085132598
-5.22032881975174
1.4322597682476
-0.985758709907532
8
1.68673266172409
7.92780829668045
-5.7733235836029
1.28343284130096
-0.34413792490959
-4.70686632990837
0.382284086942671
-1.05863000750542
8
10.1433135092259
7.98977434635163
-1.69280673265457
-0.649929404258727
-1.02129310965538
2.11093098521233
1.74817510843277
-7.13808081746101
8
11.9117519438267
0.852899432182312
3.57090939879417
-7.90696393251419
-0.504687058925629
-4.20120455622673
-0.404456597566603
-4.27763761878013
8
-0.985665231943131
3.98083701133728
1.86511393785477
12.4872697293758
1.66630559563637
-7.79914453029633
-3.43471668362618
-0.421939927339553
8
0.931903970241547
2.61601229310036
4.48288467526436
9.57895796895027
2.29522103667259
1.47201009392738
2.52588415145874
-1.3275132060051
6
7
6.01717007160187
2.55704655647278
5.40003413558006
-4.08500262498856
13.3604878127575
5.6424449324608
-7.54500953555107
7
8.09790487885475
0.0689874112606036
-3.87131952047348
7.60792402029037
-0.709069883823395
-0.482622718811035
5.86582223176956
7
3.68216899633407
-0.658517688512802
-3.06147884130478
-2.61788255572319
2.02041147947312
3.11190241575241
6.81724578738213
7
-0.351518172025682
0.345175999403
12.1513137936592
0.830606818199158
-8.09979063868523
-6.38476008176804
5.56665831208229
7
-4.77695234417916
-13.8812581777573
-3.53224799633026
6.05907726883888
8.39123307466507
-9.16631087064744
-1.44022925496101
7
1.50462611317635
6.19061866998672
11.0905901134014
-1.0651312828064
-2.92511386275291
5.64677045345306
5.48604301214218
2
7
11.806299829483
-3.27106024622917
-0.593088775873188
-13.7643735289574
-0.212826812267304
-6.28010100126267
3.44463444352149
7
2.38740218281747
-0.951215189695357
-0.4779708147049
-2.31015537381172
0.74941709637642
-0.893775141239165
7.04196236729622
