Explorer2Genome 30
3
6
8
-8.47776778936386
-2.64506639242172
-6.52130616307258
4.43197075724602
-10.089533662796
-6.39057173132897
2.82656288743019
-1.49730827212334
8
4.38817780017853
6.22481453418731
-7.8398505628109
1.54737433195114
-0.0351156353950483
-4.9244110763073
-1.26511391997338
0.916762411594389
8
11.5270249068737
8.05908180475235
-1.24512244462967
-1.15745044946671
0.143192744255066
1.6334908246994
2.61422504782677
-9.07438113093375
8
9.02378557920456
0.367526441812515
4.48892917633057
-8.15900533795357
-0.471297812461853
-4.38431748151779
1.25478604435921
-4.3085938334465
8
-3.49727804660797
4.43650146126747
1.13523526191711
12.3241427659988
-0.788813066482545
-7.77267609834671
-2.83577844500542
-0.635336101055145
8
2.58737290501595
4.26478870511055
5.24123837947845
10.1954672336578
2.84022030234337
1.86052722930908
0.22440744638443
-3.3443383872509
6
7
7.98666976690292
7.18490193486214
4.78352263569832
-3.95481876730919
11.1488632142544
7.3464197933674
-8.04557833075524
7
6.93868395090103
1.91560329198837
-4.58610640764236
7.82235286235809
2.01772375702858
4.19609177708626
4.1913186609745
7
-0.736146491765978
-1.73499513268471
-3.79577043056488
1.35819735527038
4.20983096361161
5.4833769261837
13.6479006528854
7
0.660499870777129
-0.572931557893753
11.4075290262699
-0.761158561706543
-5.59350256323815
-5.32829343676567
3.00197797417641
7
-4.81205518245697
-15.5467944800854
-2.35514461994171
7.85697450637818
7.15041428804398
-11.3175897717476
-3.02464144825935
7
4.02302856445312
0.884504747390748
8.13340451717377
-0.788631135225297
-3.12704693675041
3.26468410491943
4.07803155183792
2
7
11.2899839818478
-5.35380563139915
-4.14024616479874
-14.4720105230808
2.18715931177139
-6.40753239393234
6.96617451906204
7
6.67814281582833
-2.43489026427269
2.89893650412559
0.526316529512411
-0.937789809703826
-0.200241899490356
6.43716076612473
