FiveFeelerGenome 3
2
6
7
6.49477614164349
2.03055710196495
-0.789668816328052
1.68152154684066
7.27690066099167
-2.17704083919525
-8.54867821335793
7
-15.0610315084458
-7.42803289890289
7.47471008896828
-12.646461969614
1.29492529034614
-2.56389694809915
1.47817331552506
7
7.66828042864799
-2.7806409060955
-7.9376810669899
-0.083799153566355
10.0860390126705
2.15882360935211
-2.70037586092949
7
9.0560460448265
-3.02249504327774
-8.03493322134018
0.476675993204112
-2.03541544675826
2.01374187469482
-4.01584028601646
7
-7.27830287814141
-2.64066780805588
-7.05400967001915
-9.98496006131172
-7.98674938678742
3.3685513138771
-7.02301995158196
7
4.48794345259667
-12.3902490437031
-1.65509513020516
1.54592358469963
6.22191168665886
7.9707291007042
7.60688041448593
2
7
-7.84918689131736
7.1327526807785
-24.1799093604088
-2.58862602710724
6.08014968633651
-0.124382233619689
6.99925571084022
7
1.09073209762574
0.904296910762792
2.56795631051063
7.2091453552246
-5.46048969626427
0.284458202123641
10.2635334551334
