FiveFeelerGenome 3
2
6
7
6.22274015545842
0.673944669961925
-1.58181492090226
-0.318567651510243
5.4318002641201
0.337413257360459
-5.28045319914818
7
-13.1701949775219
-7.2406088411808
4.43893778920175
-12.595277428627
2.14582768678664
-0.733995878696453
-0.813827466964711
7
6.62142385244369
-1.6841171681881
-5.78440694212913
0.615051066875463
8.17321371436119
1.36686254143715
-3.12851376533509
7
2.82370696663856
-2.05901389718056
-10.7159657299519
-0.652025401592259
-0.634452921152109
5.173158878088
-1.72091176509857
7
-4.55180635452271
-2.1459475517273
-0.171197372674947
-8.3752531349659
-0.306270658969885
-2.81802597045899
-8.12793009877205
7
4.78059670329094
-10.0454697012901
-4.52473120689392
-2.83432243466377
6.6456709742546
1.48448072671891
6.25587846636772
2
7
-5.27733563184737
7.25268395543098
-16.7748649060726
-2.87772617340088
5.92979273796081
-1.14541813135147
7.1438137948513
7
-5.30083254575729
-4.08707920312881
10.1469450235367
9.78861315846443
-1.37701125741005
3.49099362492561
9.1654578268528
